iter,alpha,state,ncraig,ipm_status,mu,mu_next,rho,force_tol,floor_tol,sigma2min,sigma2max,step,tau,kappa,norm_dp,norm_dy,norm_y,hdiag_min,hdiag_max,pstat,cstat,wstat,pbase,prefn,ppass,cbase,crefn,cpass,wbase,wrefn,wpass,pres0,pres1,cres0,cres1,wres0,wres1,r0_p,r0_c,r0_w,craig_p,craig_c,craig_w,r1_p,r1_c,r1_w,p_res0_dual,p_res0_prim,c_res0_dual,c_res0_prim,w_res0_dual,w_res0_prim,p_res_exit,c_res_exit,w_res_exit,Ldiag_min,Ldiag_max,ipm_pres,ipm_dres,bar_hdiag_med,bar_hdiag_frac_mid,p10_s2min,p10_s2max,p10_beta,p10_omm,p10_k,p10_t1,p10_t2,p10_t3,p10_t4,p10_t5,p10_t6,p10_t7,p10_t8,p10_t9,p10_t10,p10_w1,p10_w2,p10_w3,p10_w4,p10_w5,p10_w6,p10_w7,p10_w8,p10_w9,p10_w10,pn_s2min,pn_s2max,pn_beta,pn_omm,pn_k,pn_t1,pn_t2,pn_t3,pn_t4,pn_t5,pn_t6,pn_t7,pn_t8,pn_t9,pn_t10,pn_w1,pn_w2,pn_w3,pn_w4,pn_w5,pn_w6,pn_w7,pn_w8,pn_w9,pn_w10,c10_s2min,c10_s2max,c10_beta,c10_omm,c10_k,c10_t1,c10_t2,c10_t3,c10_t4,c10_t5,c10_t6,c10_t7,c10_t8,c10_t9,c10_t10,c10_w1,c10_w2,c10_w3,c10_w4,c10_w5,c10_w6,c10_w7,c10_w8,c10_w9,c10_w10,cn_s2min,cn_s2max,cn_beta,cn_omm,cn_k,cn_t1,cn_t2,cn_t3,cn_t4,cn_t5,cn_t6,cn_t7,cn_t8,cn_t9,cn_t10,cn_w1,cn_w2,cn_w3,cn_w4,cn_w5,cn_w6,cn_w7,cn_w8,cn_w9,cn_w10,chosen
1,1.000000000000000e+00,0,8,CONTINUE,6.253713406442516e+00,2.051400111927785e+00,1.000000000000000e-09,1.000000000000000e-01,3.407425039940737e-13,4.245316379357020e-01,9.528541037822183e+00,7.484824464311732e-01,,,5.955832246599277e+00,8.760709942890685e+00,6.557237610528722e+00,3.094758138346185e+00,3.094758138346185e+00,REACHED_FORCE,REACHED_FORCE,,4,0,0,4,0,0,,,,2.935141896578781e-03,NaN,1.104595644710703e-03,NaN,,,6.956866496153349e+00,2.850399762051057e+00,,solution good enough for the tolerances given,solution good enough for the tolerances given,,1.290728603868391e-01,5.624094053463302e-02,,2.766250839307844e-16,2.935141896578781e-03,3.596126091100197e-16,1.104595644710703e-03,,,2.935141896578781e-03,1.104595644710703e-03,,2.030178404850835e+00,3.368073485580469e+00,7.083615610137737e-01,1.127775443194125e+00,3.094758138346185e+00,1.000000000000000e+00,4.245316379357020e-01,9.528541037822183e+00,1.659366690624571e-01,9.497992137824718e-02,10,9.050200786217528e-01,8.754508735738868e-01,8.128958146758034e-01,7.559655041735318e-01,6.838298021996959e-01,5.838143839866535e-01,4.954245684423513e-01,4.130372297213885e-01,3.470972977653525e-01,2.980148889854728e-01,2.454859399637861e-01,6.696078807485219e-02,3.219697783410804e-01,2.281292856980401e-01,2.334137010820769e-02,2.665452854751185e-02,1.455021293755212e-02,1.392138897495075e-02,2.322508167285677e-02,3.576162568116231e-02,4.991680842690697e-01,7.193187698076657e+00,1.845285982930751e-01,1.220526169850532e-01,3,8.779473830149468e-01,7.298140798062503e-01,3.329633878328211e-01,NaN,NaN,NaN,NaN,NaN,NaN,NaN,5.377234902933824e-01,3.834251183496974e-01,7.885139135692025e-02,NaN,NaN,NaN,NaN,NaN,NaN,NaN,4.249828522584146e-01,9.461771865014201e+00,1.864970250827341e-01,9.558610270829515e-02,10,9.044138972917048e-01,8.748386464339702e-01,8.002199899426485e-01,7.592492746489792e-01,6.500405042335131e-01,5.327794959379387e-01,4.773746446867125e-01,4.137949563239334e-01,3.695535405800776e-01,2.982371693700534e-01,3.372986019884196e-02,9.492461895198452e-02,1.114362685280011e-01,2.032421989451136e-01,4.466938931814161e-02,1.387923509235753e-01,8.528301545176968e-02,1.293326606398959e-01,1.499680899069389e-01,8.621547135737338e-03,6.486991885658144e-01,5.372164086643740e+00,2.262391268382121e-01,1.569325564129825e-01,3,8.430674435870175e-01,6.234425407431150e-01,3.934612166153310e-01,NaN,NaN,NaN,NaN,NaN,NaN,NaN,3.298550763507339e-01,3.064278197486545e-01,3.637171039006109e-01,NaN,NaN,NaN,NaN,NaN,NaN,NaN,false
1,3.162000000000000e+00,0,6,CONTINUE,6.253713406442516e+00,2.026032217673678e+00,1.000000000000000e-09,1.000000000000000e-01,3.407425039940737e-13,4.244795187452319e-01,9.449579998448797e+00,7.529402199593394e-01,,,5.953672203819178e+00,8.729346992042260e+00,6.572676444289696e+00,3.094758138346185e+00,3.094758138346185e+00,REACHED_FORCE,REACHED_FORCE,,3,0,0,3,0,0,,,,8.137728001067986e-04,NaN,4.332192932995929e-04,NaN,,,2.679895526118617e+00,1.279987880597921e+00,,solution good enough for the tolerances given,solution good enough for the tolerances given,,4.970654456619793e-02,2.056149682605151e-02,,1.161825352509294e-15,8.137728001067986e-04,8.298752517923532e-16,4.332192932995929e-04,,,8.137728001067986e-04,4.332192932995929e-04,,1.211144642514699e+00,3.037745093820049e+00,7.083615610137737e-01,1.127775443194125e+00,3.094758138346185e+00,1.000000000000000e+00,4.244795187452319e-01,9.449579998448797e+00,5.832802614476940e-02,3.238386857998532e-02,10,9.676161314200147e-01,9.472915851915629e-01,9.253853694396575e-01,8.981394260236076e-01,8.257714014973671e-01,7.702220955465502e-01,7.028302019206650e-01,6.552666226470696e-01,6.249282271385120e-01,5.730517502873337e-01,2.037013011774253e-01,9.921565563613495e-02,3.197147183449802e-01,1.472154089485390e-01,3.474875375639774e-02,2.458042289458958e-02,2.418375683876059e-02,1.245264677223861e-02,4.529251338845507e-02,8.889482224247895e-02,5.101508594712725e-01,4.420941902722975e+00,1.046999994496224e-01,6.676004930441037e-02,2,9.332399506955896e-01,6.173123335083751e-01,NaN,NaN,NaN,NaN,NaN,NaN,NaN,NaN,8.036254288259485e-01,1.963745711740523e-01,NaN,NaN,NaN,NaN,NaN,NaN,NaN,NaN,4.244822339151377e-01,8.874546666896700e+00,7.001759595109930e-02,3.441000334277255e-02,10,9.655899966572274e-01,9.512438298966062e-01,9.149588339714937e-01,8.699259148893329e-01,8.080055945065577e-01,7.683093696505392e-01,7.017920431614926e-01,6.536817805080990e-01,6.259013948820391e-01,5.730533152636160e-01,3.352314821196831e-02,5.513785555970962e-02,1.967993510690204e-01,4.045168649753237e-02,5.045129517997226e-02,1.756420463172562e-01,1.657574701940780e-01,2.508013974069887e-01,1.137372217887606e-02,2.006202738459881e-02,6.597448753752401e-01,3.012542090981312e+00,9.750277828101946e-02,9.500593609345653e-02,2,9.049940639065435e-01,6.759678261596223e-01,NaN,NaN,NaN,NaN,NaN,NaN,NaN,NaN,4.309723971176681e-01,5.690276028823319e-01,NaN,NaN,NaN,NaN,NaN,NaN,NaN,NaN,false
1,1.000000000000000e+01,0,4,CONTINUE,6.253713406442516e+00,2.057687859952020e+00,1.000000000000000e-09,1.000000000000000e-01,3.407425039940737e-13,4.244792505755097e-01,9.393791252719247e+00,7.467781931582952e-01,,,5.946819138776642e+00,8.732793646978855e+00,6.521459860915111e+00,3.094758138346185e+00,3.094758138346185e+00,REACHED_FORCE,REACHED_FORCE,,2,0,0,2,0,0,,,,1.421822069283576e-03,NaN,4.032834126070523e-04,NaN,,,9.447249046392353e-01,4.764562401179344e-01,,solution good enough for the tolerances given,solution good enough for the tolerances given,,6.640664992627490e-02,2.552981735751081e-02,,2.378975721804746e-15,1.421822069283576e-03,3.153525956810942e-15,4.032834126070523e-04,,,1.421822069283576e-03,4.032834126070523e-04,,7.090601080725663e-01,2.925514771755324e+00,7.083615610137737e-01,1.127775443194125e+00,3.094758138346185e+00,1.000000000000000e+00,4.244792505755097e-01,9.393791252719247e+00,2.139443296396918e-02,1.053319978689837e-02,10,9.894668002131016e-01,9.801693251876465e-01,9.718670048156592e-01,9.607971942880238e-01,9.349853213199281e-01,9.117791022733238e-01,8.812013226984954e-01,8.564121715486989e-01,8.404463863313348e-01,8.093346879018183e-01,1.777731530760865e-01,1.740264329495659e-01,2.722078209088948e-01,5.961870705710072e-02,3.553601603159318e-02,2.547929088485608e-02,3.053603159475601e-02,1.682729114545618e-02,6.534064484915852e-02,1.426546115025331e-01,1.473676827975396e+00,1.473676827975396e+00,6.802202547337576e-02,6.354544860945455e-02,1,9.364545513905455e-01,NaN,NaN,NaN,NaN,NaN,NaN,NaN,NaN,NaN,1.000000000000000e+00,NaN,NaN,NaN,NaN,NaN,NaN,NaN,NaN,NaN,4.244792633164695e-01,8.609635153947735e+00,1.519012174147844e-02,1.148153719787837e-02,10,9.885184628021216e-01,9.825569757552287e-01,9.708100940793890e-01,9.508321875226128e-01,9.240183172746765e-01,9.109466728415599e-01,8.811222120277529e-01,8.563723229190611e-01,8.404542451748310e-01,8.093346925335726e-01,3.263198644045474e-02,4.293466581152553e-02,1.595244693374699e-01,3.410762679854601e-02,7.840209723187323e-02,1.425685409913098e-01,1.765244083072160e-01,2.998522193815333e-01,1.023286498256508e-02,2.322112071750657e-02,9.392592135768877e-01,9.392592135768877e-01,5.093959395448657e-02,9.622238484258738e-02,1,9.037776151574126e-01,NaN,NaN,NaN,NaN,NaN,NaN,NaN,NaN,NaN,1.000000000000000e+00,NaN,NaN,NaN,NaN,NaN,NaN,NaN,NaN,NaN,false
1,3.162000000000000e+01,0,4,CONTINUE,6.253713406442516e+00,2.016237114643721e+00,1.000000000000000e-09,1.000000000000000e-01,3.407425039940737e-13,4.244792486708537e-01,9.373468748980624e+00,7.544206297495472e-01,,,5.950460677502533e+00,8.712916167907681e+00,6.573203702347923e+00,3.094758138346185e+00,3.094758138346185e+00,REACHED_FORCE,REACHED_FORCE,,2,0,0,2,0,0,,,,1.699171595609183e-04,NaN,4.570940192733142e-05,NaN,,,3.134622096716329e-01,1.637534947080856e-01,,solution good enough for the tolerances given,solution good enough for the tolerances given,,8.130155601019269e-03,2.955725089262284e-03,,8.437065059888923e-15,1.699171595609183e-04,7.109264657021158e-15,4.570940192733142e-05,,,1.699171595609183e-04,4.570940192733142e-05,,4.064616332828964e-01,2.889123449220259e+00,7.083615610137737e-01,1.127775443194125e+00,3.094758138346185e+00,1.000000000000000e+00,4.244792486708537e-01,9.373468748980624e+00,7.380878874119889e-03,3.362598229240676e-03,10,9.966374017707593e-01,9.934282386883166e-01,9.905150766365765e-01,9.861240256969305e-01,9.781562788560856e-01,9.701646024185597e-01,9.590842624429764e-01,9.496336623081804e-01,9.433609807614135e-01,9.306616521020520e-01,1.657103942903739e-01,1.918871430062339e-01,2.489552274787420e-01,3.607122686854568e-02,3.422414687543796e-02,2.545369979765847e-02,3.278803062790626e-02,1.876915270518006e-02,7.477299182701876e-02,1.713679865229032e-01,1.254414357543374e+00,1.254414357543374e+00,2.561574265562782e-02,2.459142455604357e-02,1,9.754085754439564e-01,NaN,NaN,NaN,NaN,NaN,NaN,NaN,NaN,NaN,1.000000000000000e+00,NaN,NaN,NaN,NaN,NaN,NaN,NaN,NaN,NaN,4.244792493336573e-01,8.515766041345222e+00,4.301660163301739e-03,3.700023930862550e-03,10,9.962999760691374e-01,9.942260497777138e-01,9.905103160139792e-01,9.836239580273171e-01,9.743841796010484e-01,9.699083809482778e-01,9.590709518979882e-01,9.496294707599346e-01,9.433613180005709e-01,9.306616522028133e-01,2.999184968226320e-02,3.741841633721464e-02,1.381030117356823e-01,3.131814565775977e-02,8.045151971715106e-02,1.321715503687503e-01,1.821216102384450e-01,3.185292090747422e-01,1.326979596996981e-02,3.662489121802037e-02,8.725255255690929e-01,8.725255255690929e-01,1.773135924727655e-02,3.497817364946809e-02,1,9.650218263505319e-01,NaN,NaN,NaN,NaN,NaN,NaN,NaN,NaN,NaN,1.000000000000000e+00,NaN,NaN,NaN,NaN,NaN,NaN,NaN,NaN,NaN,false
1,1.000000000000000e+02,0,3,CONTINUE,6.253713406442516e+00,2.014653078552308e+00,1.000000000000000e-09,1.000000000000000e-01,3.407425039940737e-13,4.244792485338567e-01,9.366777866021581e+00,7.539756756777247e-01,,,5.965443723312332e+00,8.708875090554134e+00,6.566279980793460e+00,3.094758138346185e+00,3.094758138346185e+00,REACHED_FORCE,REACHED_FORCE,,2,0,0,1,0,0,,,,1.798665753157166e-05,NaN,9.998172621739163e-04,NaN,,,1.008598169899951e-01,5.314583595851676e-02,,solution good enough for the tolerances given,solution good enough for the tolerances given,,8.692414289782897e-04,5.314583595851676e-02,,2.583678283913526e-14,1.798665753157166e-05,2.982018404773855e-14,9.998172621739163e-04,,,1.798665753157166e-05,9.998172621739163e-04,,2.302050264080084e-01,2.877517757948237e+00,7.083615610137737e-01,1.127775443194125e+00,3.094758138346185e+00,1.000000000000000e+00,4.244792485338567e-01,9.366777866021581e+00,2.387590325324574e-03,1.066464423374769e-03,10,9.989335355766252e-01,9.978937430624686e-01,9.969436216356421e-01,9.954275756849952e-01,9.929501491029532e-01,9.903565580599530e-01,9.866886075620960e-01,9.835055468561062e-01,9.813691606527579e-01,9.769839410426508e-01,1.613371817837807e-01,1.950858341446146e-01,2.401636941839693e-01,3.105686086641312e-02,3.352484083211050e-02,2.537426191488851e-02,3.349449633347888e-02,1.943726349015350e-02,7.814495729059087e-02,1.823806091600009e-01,1.186159044304782e+00,1.186159044304782e+00,8.582212020431003e-03,8.360092286734400e-03,1,9.916399077132656e-01,NaN,NaN,NaN,NaN,NaN,NaN,NaN,NaN,NaN,1.000000000000000e+00,NaN,NaN,NaN,NaN,NaN,NaN,NaN,NaN,NaN,4.244792487891200e-01,8.486907059171278e+00,1.328982579956207e-03,1.176898832758955e-03,10,9.988231011672410e-01,9.981449206015083e-01,9.969722179531202e-01,9.947392545656294e-01,9.917379098571615e-01,9.902783606051953e-01,9.866852832418270e-01,9.835046521237085e-01,9.813692167514295e-01,9.769839410561731e-01,2.922834949984261e-02,3.605915978813571e-02,1.320518692974203e-01,3.037795563725922e-02,8.033786745190762e-02,1.296670368702669e-01,1.835040037623783e-01,3.250125998127755e-01,1.392174931387549e-02,3.983940856613766e-02,NaN,NaN,NaN,NaN,0,NaN,NaN,NaN,NaN,NaN,NaN,NaN,NaN,NaN,NaN,NaN,NaN,NaN,NaN,NaN,NaN,NaN,NaN,NaN,NaN,false
1,3.162000000000000e+02,0,2,CONTINUE,6.253713406442516e+00,2.021822551237532e+00,1.000000000000000e-09,1.000000000000000e-01,3.407425039940737e-13,4.244792485072733e-01,9.364632864941273e+00,7.527076754680605e-01,,,5.951477773109073e+00,8.718255931752141e+00,6.562298156524784e+00,3.094758138346185e+00,3.094758138346185e+00,REACHED_FORCE,REACHED_FORCE,,1,0,0,1,0,0,,,,7.109774061338060e-04,NaN,3.169996586103780e-04,NaN,,,3.208252805324852e-02,1.681673581432502e-02,,solution good enough for the tolerances given,solution good enough for the tolerances given,,3.208252805324852e-02,1.681673581432502e-02,,1.045919442342296e-13,7.109774061338060e-04,1.061272134500454e-13,3.169996586103780e-04,,,7.109774061338060e-04,3.169996586103780e-04,,1.297714501252167e-01,2.873838584509406e+00,7.083615610137737e-01,1.127775443194125e+00,3.094758138346185e+00,1.000000000000000e+00,4.244792485072733e-01,9.364632864941273e+00,7.599881113859679e-04,3.375986774721840e-04,10,9.996624013225278e-01,9.993311091634222e-01,9.990277652058029e-01,9.985343174848977e-01,9.977556124970178e-01,9.969287066398863e-01,9.957514072448806e-01,9.947239925253056e-01,9.940318664815877e-01,9.926046627896717e-01,1.598914967682191e-01,1.958293043962739e-01,2.372455590122221e-01,2.971079038273875e-02,3.326910991946176e-02,2.534004368201188e-02,3.371472759547965e-02,1.965325001090044e-02,7.925192534170419e-02,1.860937928909876e-01,NaN,NaN,NaN,NaN,0,NaN,NaN,NaN,NaN,NaN,NaN,NaN,NaN,NaN,NaN,NaN,NaN,NaN,NaN,NaN,NaN,NaN,NaN,NaN,NaN,4.244792487241909e-01,8.474443829527878e+00,4.182835059458943e-04,3.730481460382240e-04,10,9.996269518539618e-01,9.994112804267875e-01,9.990399602395712e-01,9.983271833577599e-01,9.973711654209370e-01,9.969043916673506e-01,9.957504378829716e-01,9.947237439902937e-01,9.940318827180645e-01,9.926046627934230e-01,2.935187753266556e-02,3.601296546483383e-02,1.310112780801506e-01,3.030780542548993e-02,8.093740562824808e-02,1.299337850573280e-01,1.836549494562210e-01,3.283011559281601e-01,1.308103568464529e-02,3.740774174225724e-02,NaN,NaN,NaN,NaN,0,NaN,NaN,NaN,NaN,NaN,NaN,NaN,NaN,NaN,NaN,NaN,NaN,NaN,NaN,NaN,NaN,NaN,NaN,NaN,NaN,true
1,1.000000000000000e+03,0,2,CONTINUE,6.253713406442516e+00,2.013940055045401e+00,1.000000000000000e-09,1.000000000000000e-01,3.407425039940737e-13,4.244792485001018e-01,9.363951327204061e+00,7.546161485806704e-01,,,5.951105433997234e+00,8.712606406102944e+00,6.574673490272681e+00,3.094758138346185e+00,3.094758138346185e+00,REACHED_FORCE,REACHED_FORCE,,1,0,0,1,0,0,,,,2.252163560434028e-04,NaN,1.008566813714799e-04,NaN,,,1.016336844051642e-02,5.358723900614886e-03,,solution good enough for the tolerances given,solution good enough for the tolerances given,,1.016336844051642e-02,5.358723900614886e-03,,3.436928355298030e-13,2.252163560434028e-04,2.838588298755744e-13,1.008566813714799e-04,,,2.252163560434028e-04,1.008566813714799e-04,,7.302932076796127e-02,2.872673950183406e+00,7.083615610137737e-01,1.127775443194125e+00,3.094758138346185e+00,1.000000000000000e+00,4.244792485001018e-01,9.363951327204061e+00,2.407809221496881e-04,1.067811209114478e-04,10,9.998932188790886e-01,9.997882206769950e-01,9.996920183388879e-01,9.995345531803156e-01,9.992888229302264e-01,9.990266886603375e-01,9.986526690338597e-01,9.983256819911555e-01,9.981051431612380e-01,9.976497091138400e-01,1.594277033613395e-01,1.960373267784032e-01,2.363094049912244e-01,2.930788842181737e-02,3.318455594819975e-02,2.532823850509424e-02,3.378396148537664e-02,1.972200423728217e-02,7.960615919373723e-02,1.872927570775252e-01,NaN,NaN,NaN,NaN,0,NaN,NaN,NaN,NaN,NaN,NaN,NaN,NaN,NaN,NaN,NaN,NaN,NaN,NaN,NaN,NaN,NaN,NaN,NaN,NaN,4.244792486798642e-01,8.473944485326383e+00,1.319487996042386e-04,1.179948732090708e-04,10,9.998820051267909e-01,9.998133094350707e-01,9.996960952058929e-01,9.994703924109172e-01,9.991670050074162e-01,9.990190194645527e-01,9.986523696066004e-01,9.983256065714415e-01,9.981051476159305e-01,9.976497091148330e-01,2.904057539138556e-02,3.566822929469645e-02,1.299204003200664e-01,3.005316912798781e-02,8.042041935637895e-02,1.290627858386511e-01,1.839776506997696e-01,3.282402899883092e-01,1.380760331576556e-02,3.980887666699018e-02,NaN,NaN,NaN,NaN,0,NaN,NaN,NaN,NaN,NaN,NaN,NaN,NaN,NaN,NaN,NaN,NaN,NaN,NaN,NaN,NaN,NaN,NaN,NaN,NaN,false
1,3.162000000000000e+03,0,2,CONTINUE,6.253713406442516e+00,2.011386335554524e+00,1.000000000000000e-09,1.000000000000000e-01,3.407425039940737e-13,4.244792484978165e-01,9.363735524931462e+00,7.552316164057129e-01,,,5.950982043223441e+00,8.710801528319321e+00,6.578672718421956e+00,3.094758138346185e+00,3.094758138346185e+00,REACHED_FORCE,REACHED_FORCE,,1,0,0,1,0,0,,,,7.126663590178552e-05,NaN,3.195909304338310e-05,NaN,,,3.216120535644882e-03,1.698905357865949e-03,,solution good enough for the tolerances given,solution good enough for the tolerances given,,3.216120535644882e-03,1.698905357865949e-03,,1.114660775699096e-12,7.126663590178552e-05,7.514520404979757e-13,3.195909304338310e-05,,,7.126663590178552e-05,3.195909304338310e-05,,4.107935417970068e-02,2.872305624461487e+00,7.083615610137737e-01,1.127775443194125e+00,3.094758138346185e+00,1.000000000000000e+00,4.244792484978165e-01,9.363735524931462e+00,7.619499435135470e-05,3.377336455268054e-05,10,9.999662266354473e-01,9.999329960624508e-01,9.999025430885140e-01,9.998525989890433e-01,9.997749355645484e-01,9.996919675053116e-01,9.995735050732423e-01,9.994698803935512e-01,9.993999636230149e-01,9.992555111071801e-01,1.592804006156456e-01,1.961003780535110e-01,2.360121195058928e-01,2.918274365059061e-02,3.315744851945459e-02,2.532440535835903e-02,3.380580562959738e-02,1.974378552308821e-02,7.971857163051654e-02,1.876743415133444e-01,NaN,NaN,NaN,NaN,0,NaN,NaN,NaN,NaN,NaN,NaN,NaN,NaN,NaN,NaN,NaN,NaN,NaN,NaN,NaN,NaN,NaN,NaN,NaN,NaN,4.244792486661318e-01,8.473791586450849e+00,4.169821174822736e-05,3.732021592939283e-05,10,9.999626797840706e-01,9.999409041474662e-01,9.999038543012446e-01,9.998324423709506e-01,9.997363847651086e-01,9.996895440569877e-01,9.995734110795473e-01,9.994698568510986e-01,9.993999649698385e-01,9.992555111074751e-01,2.894156365621307e-02,3.555967556618832e-02,1.295723997543209e-01,2.997236865025223e-02,8.025535634133189e-02,1.287848893668940e-01,1.840742728261461e-01,3.282124649126400e-01,1.404116104423369e-02,4.058584788177911e-02,NaN,NaN,NaN,NaN,0,NaN,NaN,NaN,NaN,NaN,NaN,NaN,NaN,NaN,NaN,NaN,NaN,NaN,NaN,NaN,NaN,NaN,NaN,NaN,NaN,false
1,1.000000000000000e+04,0,2,CONTINUE,6.253713406442516e+00,2.010572389565672e+00,1.000000000000000e-09,1.000000000000000e-01,3.407425039940737e-13,4.244792484978063e-01,9.363667239372026e+00,7.554275026800192e-01,,,5.950942447136481e+00,8.710228827761858e+00,6.579946411127652e+00,3.094758138346185e+00,3.094758138346185e+00,REACHED_FORCE,REACHED_FORCE,,1,0,0,1,0,0,,,,2.253858833761105e-05,NaN,1.011174182571395e-05,NaN,,,1.017127608576871e-03,5.376135106941063e-04,,solution good enough for the tolerances given,solution good enough for the tolerances given,,1.017127608576871e-03,5.376135106941063e-04,,2.343623036078391e-12,2.253858833761105e-05,3.024134573802317e-12,1.011174182571395e-05,,,2.253858833761105e-05,1.011174182571395e-05,,2.310141267894193e-02,2.872189120120370e+00,7.083615610137737e-01,1.127775443194125e+00,3.094758138346185e+00,1.000000000000000e+00,4.244792484978063e-01,9.363667239372026e+00,2.409750888986783e-05,1.067946238342277e-05,10,9.999893205376166e-01,9.999788106007501e-01,9.999691785263420e-01,9.999533716764532e-01,9.999288195304339e-01,9.999025783654557e-01,9.998651028484437e-01,9.998323153571782e-01,9.998101906170073e-01,9.997644727095029e-01,1.592337449537377e-01,1.961200477333548e-01,2.359179646225525e-01,2.914338563749206e-02,3.314883737730683e-02,2.532318286030622e-02,3.381270981233468e-02,1.975067876370688e-02,7.975416690944759e-02,1.877952813297616e-01,NaN,NaN,NaN,NaN,0,NaN,NaN,NaN,NaN,NaN,NaN,NaN,NaN,NaN,NaN,NaN,NaN,NaN,NaN,NaN,NaN,NaN,NaN,NaN,NaN,4.244792486639201e-01,8.473743722144309e+00,1.318183891662951e-05,1.180102008946360e-05,10,9.999881989799105e-01,9.999813084922455e-01,9.999695953138313e-01,9.999470116471719e-01,9.999166272584282e-01,9.999018122706603e-01,9.998650731976158e-01,9.998323079437756e-01,9.998101910368484e-01,9.997644727095950e-01,2.891019069634516e-02,3.552538575174414e-02,1.294620267429400e-01,2.994678427915159e-02,8.020299013866794e-02,1.286967457807267e-01,1.841042873036562e-01,3.282028009137681e-01,1.411541220285813e-02,4.083337619014221e-02,NaN,NaN,NaN,NaN,0,NaN,NaN,NaN,NaN,NaN,NaN,NaN,NaN,NaN,NaN,NaN,NaN,NaN,NaN,NaN,NaN,NaN,NaN,NaN,NaN,false
1,3.162000000000000e+04,0,2,CONTINUE,6.253713406442516e+00,2.010314412228118e+00,1.000000000000000e-09,1.000000000000000e-01,3.407425039940737e-13,4.244792484936476e-01,9.363645645865716e+00,7.554895600379943e-01,,,5.950929870781065e+00,8.710047569960389e+00,6.580350006539375e+00,3.094758138346185e+00,3.094758138346185e+00,REACHED_FORCE,REACHED_FORCE,,1,0,0,1,0,0,,,,7.128361266075592e-06,NaN,3.198522405757855e-06,NaN,,,3.216912754349980e-04,1.700652615989883e-04,,solution good enough for the tolerances given,solution good enough for the tolerances given,,3.216912754349980e-04,1.700652615989883e-04,,7.590813603127868e-12,7.128361266075592e-06,8.371172964896611e-12,3.198522405757855e-06,,,7.128361266075592e-06,3.198522405757855e-06,,1.299177114529883e-02,2.872152283456241e+00,7.083615610137737e-01,1.127775443194125e+00,3.094758138346185e+00,1.000000000000000e+00,4.244792484936476e-01,9.363645645865716e+00,7.621435104846403e-06,3.377471535004339e-06,10,9.999966225284650e-01,9.999932984598652e-01,9.999902519786878e-01,9.999852515213044e-01,9.999774872725750e-01,9.999691876925236e-01,9.999573340824854e-01,9.999469627189351e-01,9.999399639404987e-01,9.999255011935367e-01,1.592189869012259e-01,1.961262395045516e-01,2.358881825036181e-01,2.913096387921377e-02,3.314611098707407e-02,2.532279532596457e-02,3.381489226442501e-02,1.975285866670914e-02,7.976542533655132e-02,1.878335446306672e-01,NaN,NaN,NaN,NaN,0,NaN,NaN,NaN,NaN,NaN,NaN,NaN,NaN,NaN,NaN,NaN,NaN,NaN,NaN,NaN,NaN,NaN,NaN,NaN,NaN,4.244792486644577e-01,8.473728638527817e+00,4.168515886303671e-06,3.732174673531929e-06,10,9.999962678253265e-01,9.999940881671634e-01,9.999903840080245e-01,9.999832414771520e-01,9.999736311485452e-01,9.999689454308168e-01,9.999573247122385e-01,9.999469603774703e-01,9.999399640726803e-01,9.999255011935667e-01,2.890026568042543e-02,3.551454853817541e-02,1.294270989900750e-01,2.993869230291968e-02,8.018641735293078e-02,1.286688520307031e-01,1.841137224306950e-01,3.281996589512648e-01,1.413892655081601e-02,4.091181717199554e-02,NaN,NaN,NaN,NaN,0,NaN,NaN,NaN,NaN,NaN,NaN,NaN,NaN,NaN,NaN,NaN,NaN,NaN,NaN,NaN,NaN,NaN,NaN,NaN,NaN,false
1,1.000000000000000e+05,0,2,CONTINUE,6.253713406442516e+00,2.010232756009295e+00,1.000000000000000e-09,1.000000000000000e-01,3.407425039940737e-13,4.244792484849836e-01,9.363638819427585e+00,7.555091999308871e-01,,,5.950925887244491e+00,8.709990223027159e+00,6.580477744805097e+00,3.094758138346185e+00,3.094758138346185e+00,REACHED_FORCE,REACHED_FORCE,,1,0,0,1,0,0,,,,2.254028638247486e-06,NaN,1.011435614054345e-06,NaN,,,1.017206858221909e-04,5.377883908801401e-05,,solution good enough for the tolerances given,solution good enough for the tolerances given,,1.017206858221909e-04,5.377883908801401e-05,,2.904651901300094e-11,2.254028638247486e-06,2.507247464786160e-11,1.011435614054345e-06,,,2.254028638247486e-06,1.011435614054345e-06,,7.305546294377455e-03,2.872140632612786e+00,7.083615610137737e-01,1.127775443194125e+00,3.094758138346185e+00,1.000000000000000e+00,4.244792484849836e-01,9.363638819427585e+00,2.409944220536514e-06,1.067959744416314e-06,10,9.999989320402556e-01,9.999978809454731e-01,9.999969176196902e-01,9.999953363296550e-01,9.999928813245589e-01,9.999902569307014e-01,9.999865086421269e-01,9.999832290031131e-01,9.999810158186255e-01,9.999764422773116e-01,1.592143185280784e-01,1.961281951790235e-01,2.358787615525381e-01,2.912703736034489e-02,3.314524833709048e-02,2.532267265739092e-02,3.381558251437002e-02,1.975354815849033e-02,7.976898661432109e-02,1.878456490983520e-01,NaN,NaN,NaN,NaN,0,NaN,NaN,NaN,NaN,NaN,NaN,NaN,NaN,NaN,NaN,NaN,NaN,NaN,NaN,NaN,NaN,NaN,NaN,NaN,NaN,4.244792486650307e-01,8.473723876010297e+00,1.318053354985911e-06,1.180117306764927e-06,10,9.999988198826932e-01,9.999981306244404e-01,9.999969593891603e-01,9.999947008887677e-01,9.999916619930970e-01,9.999901803295538e-01,9.999865056799555e-01,9.999832282630482e-01,9.999810158603629e-01,9.999764422773216e-01,2.889712595718010e-02,3.551112133194446e-02,1.294160490325793e-01,2.993613267636737e-02,8.018117415174868e-02,1.286600272314369e-01,1.841167011713496e-01,3.281986564606340e-01,1.414636749108041e-02,4.093664449568002e-02,NaN,NaN,NaN,NaN,0,NaN,NaN,NaN,NaN,NaN,NaN,NaN,NaN,NaN,NaN,NaN,NaN,NaN,NaN,NaN,NaN,NaN,NaN,NaN,NaN,false
1,3.162000000000000e+05,0,2,CONTINUE,6.253713406442516e+00,2.010206930422461e+00,1.000000000000000e-09,1.000000000000000e-01,3.407425039940737e-13,4.244792484538695e-01,9.363636632523864e+00,7.555154110608238e-01,,,5.950924627034373e+00,8.709972089677334e+00,6.580518143660874e+00,3.094758138346185e+00,3.094758138346185e+00,REACHED_FORCE,REACHED_FORCE,,1,0,0,1,0,0,,,,7.128531121657182e-07,NaN,3.198783935580916e-07,NaN,,,3.216992030977099e-05,1.700827585395870e-05,,solution good enough for the tolerances given,solution good enough for the tolerances given,,3.216992030977099e-05,1.700827585395870e-05,,1.258951462353316e-10,7.128531121657182e-07,6.589457078681402e-11,3.198783935580916e-07,,,7.128531121657182e-07,3.198783935580916e-07,,4.108401132607586e-03,2.872136948905445e+00,7.083615610137737e-01,1.127775443194125e+00,3.094758138346185e+00,1.000000000000000e+00,4.244792484538695e-01,9.363636632523864e+00,7.621628406429409e-07,3.377485052746820e-07,10,9.999996622514947e-01,9.999993298345239e-01,9.999990251745710e-01,9.999985250683044e-01,9.999977486643908e-01,9.999969186786459e-01,9.999957332439308e-01,9.999946960185557e-01,9.999939960696390e-01,9.999925496198130e-01,1.592128427055932e-01,1.961288136730381e-01,2.358757821009358e-01,2.912579609848735e-02,3.314497486405459e-02,2.532263466343870e-02,3.381580071214388e-02,1.975376616588431e-02,7.977011252824612e-02,1.878494764881775e-01,NaN,NaN,NaN,NaN,0,NaN,NaN,NaN,NaN,NaN,NaN,NaN,NaN,NaN,NaN,NaN,NaN,NaN,NaN,NaN,NaN,NaN,NaN,NaN,NaN,4.244792486689348e-01,8.473722355573038e+00,4.168385314177941e-07,3.732189977068145e-07,10,9.999996267810023e-01,9.999994087942318e-01,9.999990383865758e-01,9.999983241201145e-01,9.999973630415653e-01,9.999968944533094e-01,9.999957323071972e-01,9.999946957845369e-01,9.999939960828322e-01,9.999925496198168e-01,2.889613313795570e-02,3.551003789377254e-02,1.294125547713548e-01,2.993532337567871e-02,8.017951631051415e-02,1.286572368342133e-01,1.841176425594641e-01,3.281983386448110e-01,1.414872045337330e-02,4.094449601886302e-02,NaN,NaN,NaN,NaN,0,NaN,NaN,NaN,NaN,NaN,NaN,NaN,NaN,NaN,NaN,NaN,NaN,NaN,NaN,NaN,NaN,NaN,NaN,NaN,NaN,false
1,1.000000000000000e+06,0,2,CONTINUE,6.253713406442516e+00,2.010198761688877e+00,1.000000000000000e-09,1.000000000000000e-01,3.407425039940737e-13,4.244792482653577e-01,9.363635957341049e+00,7.555173755086807e-01,,,5.950924227259457e+00,8.709966356022115e+00,6.580530922070734e+00,3.094758138346185e+00,3.094758138346185e+00,REACHED_FORCE,REACHED_FORCE,,1,0,0,1,0,0,,,,2.254045621204035e-07,NaN,1.011461763245632e-07,NaN,,,1.017214784979729e-05,5.378058862488895e-06,,solution good enough for the tolerances given,solution good enough for the tolerances given,,1.017214784979729e-05,5.378058862488895e-06,,2.396188302714713e-10,2.254045621204035e-07,4.049017231761845e-10,1.011461763245632e-07,,,2.254045621204035e-07,1.011461763245632e-07,,2.310224117768828e-03,2.872135783817006e+00,7.083615610137737e-01,1.127775443194125e+00,3.094758138346185e+00,1.000000000000000e+00,4.244792482653577e-01,9.363635957341049e+00,2.409963544203108e-07,1.067961097334091e-07,10,9.999998932038903e-01,9.999997880934016e-01,9.999996917596399e-01,9.999995336245835e-01,9.999992881261693e-01,9.999990256840103e-01,9.999986508477831e-01,9.999983228749800e-01,9.999981015494257e-01,9.999976441777819e-01,1.592123762976811e-01,1.961290099243549e-01,2.358748389380112e-01,2.912540328733526e-02,3.314488848593805e-02,2.532262258079273e-02,3.381586950071046e-02,1.975383528961020e-02,7.977046894452182e-02,1.878506867510442e-01,NaN,NaN,NaN,NaN,0,NaN,NaN,NaN,NaN,NaN,NaN,NaN,NaN,NaN,NaN,NaN,NaN,NaN,NaN,NaN,NaN,NaN,NaN,NaN,NaN,4.244792483053665e-01,8.473721999213272e+00,1.318040297990136e-07,1.180118821553222e-07,10,9.999998819881178e-01,9.999998130601969e-01,9.999996959374937e-01,9.999994700861179e-01,9.999991661919829e-01,9.999990180239801e-01,9.999986505515949e-01,9.999983228009863e-01,9.999981015535966e-01,9.999976441777821e-01,2.889581853318788e-02,3.550969511019330e-02,1.294114501713879e-01,2.993506766479294e-02,8.017899067815284e-02,1.286563558383920e-01,1.841179395303662e-01,3.281982383204858e-01,1.414946477437267e-02,4.094697937866765e-02,NaN,NaN,NaN,NaN,0,NaN,NaN,NaN,NaN,NaN,NaN,NaN,NaN,NaN,NaN,NaN,NaN,NaN,NaN,NaN,NaN,NaN,NaN,NaN,NaN,false
1,3.162000000000000e+06,0,2,CONTINUE,6.253713406442516e+00,2.010196181106431e+00,1.000000000000000e-09,1.000000000000000e-01,3.407425039940737e-13,4.244792482439235e-01,9.363635769895971e+00,7.555179964893401e-01,,,5.950924097174768e+00,8.709964539841820e+00,6.580534958634489e+00,3.094758138346185e+00,3.094758138346185e+00,REACHED_FORCE,REACHED_FORCE,,1,0,0,1,0,0,,,,7.128548107488439e-08,NaN,3.198810105110750e-08,NaN,,,3.216999959370583e-06,1.700845087159416e-06,,solution good enough for the tolerances given,solution good enough for the tolerances given,,3.216999959370583e-06,1.700845087159416e-06,,1.043249567682229e-09,7.128548107488439e-08,7.400077841506753e-10,3.198810105110750e-08,,,7.128548107488439e-08,3.198810105110750e-08,,1.299191852078772e-03,2.872135415445863e+00,7.083615610137737e-01,1.127775443194125e+00,3.094758138346185e+00,1.000000000000000e+00,4.244792482439235e-01,9.363635769895971e+00,7.621647730871428e-08,3.377486390565565e-08,10,9.999999662251361e-01,9.999999329833373e-01,9.999999025172236e-01,9.999998525059918e-01,9.999997748658105e-01,9.999996918669589e-01,9.999995733227496e-01,9.999994695993218e-01,9.999993996037191e-01,9.999992549569852e-01,1.592122205846072e-01,1.961290712768400e-01,2.358745486678269e-01,2.912528109813599e-02,3.314486045649606e-02,2.532261820761463e-02,3.381589142762889e-02,1.975385724781466e-02,7.977058032244844e-02,1.878510707105861e-01,NaN,NaN,NaN,NaN,0,NaN,NaN,NaN,NaN,NaN,NaN,NaN,NaN,NaN,NaN,NaN,NaN,NaN,NaN,NaN,NaN,NaN,NaN,NaN,NaN,4.244792483704308e-01,8.473721844303956e+00,4.168372263673724e-08,3.732191455885214e-08,10,9.999999626780854e-01,9.999999408791989e-01,9.999999038385151e-01,9.999998324117355e-01,9.999997363034242e-01,9.999996894444326e-01,9.999995732290792e-01,9.999994695759213e-01,9.999993996050389e-01,9.999992549569854e-01,2.889571688135482e-02,3.550958699662648e-02,1.294111013518729e-01,2.993498678378936e-02,8.017882569805637e-02,1.286560764844647e-01,1.841180337681585e-01,3.281982066859959e-01,1.414969985188430e-02,4.094776549779759e-02,NaN,NaN,NaN,NaN,0,NaN,NaN,NaN,NaN,NaN,NaN,NaN,NaN,NaN,NaN,NaN,NaN,NaN,NaN,NaN,NaN,NaN,NaN,NaN,NaN,false
1,1.000000000000000e+07,0,2,CONTINUE,6.253713406442516e+00,2.010195339492443e+00,1.000000000000000e-09,1.000000000000000e-01,3.407425039940737e-13,4.244792484100173e-01,9.363635883923170e+00,7.555181958076732e-01,,,5.950924052369391e+00,8.709963974676418e+00,6.580536267697358e+00,3.094758138346185e+00,3.094758138346185e+00,REACHED_FORCE,REACHED_FORCE,,1,0,0,1,0,0,,,,2.254047317729949e-08,NaN,1.011464373119651e-08,NaN,,,1.017215578691921e-06,5.378076352087580e-07,,solution good enough for the tolerances given,solution good enough for the tolerances given,,1.017215578691921e-06,5.378076352087580e-07,,2.626754272826957e-09,2.254047317729949e-08,3.915522364595683e-09,1.011464373119651e-08,,,2.254047317729949e-08,1.011464373119651e-08,,7.305572500959604e-04,2.872135298936977e+00,7.083615610137737e-01,1.127775443194125e+00,3.094758138346185e+00,1.000000000000000e+00,4.244792484100173e-01,9.363635883923170e+00,2.409965428397967e-08,1.067961208356394e-08,10,9.999999893203879e-01,9.999999788093300e-01,9.999999691759418e-01,9.999999533623766e-01,9.999999288125540e-01,9.999999025683101e-01,9.999998650846148e-01,9.999998322872451e-01,9.999998101546171e-01,9.999997644172788e-01,1.592121759171665e-01,1.961290761410894e-01,2.358744645249945e-01,2.912524506206642e-02,3.314485213770640e-02,2.532261548314479e-02,3.381589962110757e-02,1.975386292823341e-02,7.977061864586216e-02,1.878511895386297e-01,NaN,NaN,NaN,NaN,0,NaN,NaN,NaN,NaN,NaN,NaN,NaN,NaN,NaN,NaN,NaN,NaN,NaN,NaN,NaN,NaN,NaN,NaN,NaN,NaN,4.244792480099313e-01,8.473721280929380e+00,1.318038999463162e-08,1.180119046928496e-08,10,9.999999881988095e-01,9.999999813059978e-01,9.999999695937354e-01,9.999999470085845e-01,9.999999166191247e-01,9.999999018023082e-01,9.999998650549956e-01,9.999998322798455e-01,9.999998101550348e-01,9.999997644172786e-01,2.889568628385719e-02,3.550955356206432e-02,1.294109931288210e-01,2.993495911840555e-02,8.017877028238102e-02,1.286560021460346e-01,1.841180630616417e-01,3.281981845263784e-01,1.414977669680900e-02,4.094801119360698e-02,NaN,NaN,NaN,NaN,0,NaN,NaN,NaN,NaN,NaN,NaN,NaN,NaN,NaN,NaN,NaN,NaN,NaN,NaN,NaN,NaN,NaN,NaN,NaN,NaN,false
1,3.162000000000000e+07,0,2,CONTINUE,6.253713406442516e+00,2.010194978162906e+00,1.000000000000000e-09,1.000000000000000e-01,3.407425039940737e-13,4.244792474735761e-01,9.363633869184035e+00,7.555182727375970e-01,,,5.950924001052726e+00,8.709963732405875e+00,6.580536754714402e+00,3.094758138346185e+00,3.094758138346185e+00,REACHED_FORCE,REACHED_FORCE,,1,0,0,1,0,0,,,,9.859705155631988e-09,NaN,4.601219640624263e-09,NaN,,,3.217000740242745e-07,1.700846830074610e-07,,solution good enough for the tolerances given,solution good enough for the tolerances given,,3.217000740242745e-07,1.700846830074610e-07,,9.859705155631988e-09,7.128549823328785e-09,4.601219640624263e-09,3.198812627665564e-09,,,9.859705155631988e-09,4.601219640624263e-09,,4.108405813415761e-04,2.872135262099859e+00,7.083615610137737e-01,1.127775443194125e+00,3.094758138346185e+00,1.000000000000000e+00,4.244792474735761e-01,9.363633869184035e+00,7.621649464087157e-09,3.377487178823912e-09,10,9.999999966225128e-01,9.999999932983323e-01,9.999999902517196e-01,9.999999852505905e-01,9.999999774865745e-01,9.999999691866872e-01,9.999999573322580e-01,9.999999469599061e-01,9.999999399603399e-01,9.999999254956484e-01,1.592122016990349e-01,1.961291056590674e-01,2.358744149333899e-01,2.912520516525495e-02,3.314483712352833e-02,2.532261594333233e-02,3.381590324068210e-02,1.975386972605551e-02,7.977062509681052e-02,1.878512214128441e-01,NaN,NaN,NaN,NaN,0,NaN,NaN,NaN,NaN,NaN,NaN,NaN,NaN,NaN,NaN,NaN,NaN,NaN,NaN,NaN,NaN,NaN,NaN,NaN,NaN,4.244792487386476e-01,8.473722154140900e+00,4.168370848235010e-09,3.732191444782984e-09,10,9.999999962678086e-01,9.999999940879172e-01,9.999999903838510e-01,9.999999832411716e-01,9.999999736303349e-01,9.999999689444343e-01,9.999999573228915e-01,9.999999469575662e-01,9.999999399604704e-01,9.999999254956486e-01,2.889567752072623e-02,3.550954572960101e-02,1.294109540865903e-01,2.993495527950350e-02,8.017874090219894e-02,1.286559699748825e-01,1.841180841832692e-01,3.281981855706586e-01,1.414978874904060e-02,4.094809800352926e-02,NaN,NaN,NaN,NaN,0,NaN,NaN,NaN,NaN,NaN,NaN,NaN,NaN,NaN,NaN,NaN,NaN,NaN,NaN,NaN,NaN,NaN,NaN,NaN,NaN,false
1,1.000000000000000e+08,0,2,CONTINUE,6.253713406442516e+00,2.010195246736387e+00,1.000000000000000e-09,1.000000000000000e-01,3.407425039940737e-13,4.244792385885832e-01,9.363633443037632e+00,7.555182474521992e-01,,,5.950924006777290e+00,8.709964026983000e+00,6.580536757037896e+00,3.094758138346185e+00,3.094758138346185e+00,REACHED_FORCE,REACHED_FORCE,,1,0,0,1,0,0,,,,2.821482074658046e-08,NaN,3.741692475822727e-08,NaN,,,1.017215673235382e-07,5.378078144858651e-08,,solution good enough for the tolerances given,solution good enough for the tolerances given,,1.017215673235382e-07,5.378078144858651e-08,,2.821482074658046e-08,2.254047530637888e-09,3.741692475822727e-08,1.011464527635117e-09,,,2.821482074658046e-08,3.741692475822727e-08,,2.310224968312368e-04,2.872135250448970e+00,7.083615610137737e-01,1.127775443194125e+00,3.094758138346185e+00,1.000000000000000e+00,4.244792385885832e-01,9.363633443037632e+00,2.409965516083274e-09,1.067961497014380e-09,10,9.999999989320385e-01,9.999999978809329e-01,9.999999969175943e-01,9.999999953362371e-01,9.999999928812540e-01,9.999999902568302e-01,9.999999865084603e-01,9.999999832287220e-01,9.999999810154597e-01,9.999999764417223e-01,1.592122403127791e-01,1.961290558351259e-01,2.358736994447020e-01,2.912589979430121e-02,3.314484456540411e-02,2.532259810558580e-02,3.381589164654369e-02,1.975387590362498e-02,7.977064311412592e-02,1.878512512778080e-01,NaN,NaN,NaN,NaN,0,NaN,NaN,NaN,NaN,NaN,NaN,NaN,NaN,NaN,NaN,NaN,NaN,NaN,NaN,NaN,NaN,NaN,NaN,NaN,NaN,4.244792465902996e-01,8.473716109518046e+00,1.318038981655562e-09,1.180119779675692e-09,10,9.999999988198802e-01,9.999999981305985e-01,9.999999969593734e-01,9.999999947008584e-01,9.999999916619111e-01,9.999999901802299e-01,9.999999865054983e-01,9.999999832279812e-01,9.999999810155004e-01,9.999999764417228e-01,2.889565165072520e-02,3.550952877466763e-02,1.294109354980026e-01,2.993498017715226e-02,8.017879162635673e-02,1.286565600142577e-01,1.841174471866161e-01,3.281982026171908e-01,1.414978669406368e-02,4.094811576096716e-02,NaN,NaN,NaN,NaN,0,NaN,NaN,NaN,NaN,NaN,NaN,NaN,NaN,NaN,NaN,NaN,NaN,NaN,NaN,NaN,NaN,NaN,NaN,NaN,NaN,false
1,3.162000000000000e+08,0,2,CONTINUE,6.253713406442516e+00,2.010193303990329e+00,1.000000000000000e-09,1.000000000000000e-01,3.407425039940737e-13,4.244792506351452e-01,9.363621585880644e+00,7.555185702435372e-01,,,5.950923586873659e+00,8.709963301370625e+00,6.580539020325213e+00,3.094758138346185e+00,3.094758138346185e+00,REACHED_FORCE,REACHED_FORCE,,1,0,0,1,0,0,,,,1.030920698064778e-07,NaN,8.257177175830411e-08,NaN,,,3.217000813269225e-08,1.700847260012582e-08,,solution good enough for the tolerances given,solution good enough for the tolerances given,,3.217000813269225e-08,1.700847260012582e-08,,1.030920698064778e-07,7.128550173683621e-10,8.257177175830411e-08,3.198812591731735e-10,,,1.030920698064778e-07,8.257177175830411e-08,,1.299192041228052e-04,2.872135246765259e+00,7.083615610137737e-01,1.127775443194125e+00,3.094758138346185e+00,1.000000000000000e+00,4.244792506351452e-01,9.363621585880644e+00,7.621652452306229e-10,3.377491619716011e-10,10,9.999999996622508e-01,9.999999993298327e-01,9.999999990251716e-01,9.999999985250585e-01,9.999999977486564e-01,9.999999969186684e-01,9.999999957332255e-01,9.999999946959910e-01,9.999999939960349e-01,9.999999925495644e-01,1.592126246091480e-01,1.961293722042244e-01,2.358730954477362e-01,2.912586409589931e-02,3.314480628215835e-02,2.532260379035919e-02,3.381591210194380e-02,1.975391015088945e-02,7.977062352306760e-02,1.878511877945743e-01,NaN,NaN,NaN,NaN,0,NaN,NaN,NaN,NaN,NaN,NaN,NaN,NaN,NaN,NaN,NaN,NaN,NaN,NaN,NaN,NaN,NaN,NaN,NaN,NaN,4.244791620801673e-01,8.473720166047272e+00,4.168377621194743e-10,3.732192332961404e-10,10,9.999999996267808e-01,9.999999994087911e-01,9.999999990383848e-01,9.999999983241175e-01,9.999999973630340e-01,9.999999968944440e-01,9.999999957322894e-01,9.999999946957563e-01,9.999999939960482e-01,9.999999925495628e-01,2.889565541600164e-02,3.550936846582711e-02,1.294112969806506e-01,2.993560246998552e-02,8.017745521254953e-02,1.286556062828383e-01,1.841162676544162e-01,3.282013896224048e-01,1.414929062309781e-02,4.094806727222872e-02,NaN,NaN,NaN,NaN,0,NaN,NaN,NaN,NaN,NaN,NaN,NaN,NaN,NaN,NaN,NaN,NaN,NaN,NaN,NaN,NaN,NaN,NaN,NaN,NaN,false
1,1.000000000000000e+09,0,2,CONTINUE,6.253713406442516e+00,2.010194811654157e+00,1.000000000000000e-09,1.000000000000000e-01,3.407425039940737e-13,4.244792495890122e-01,9.363615930559888e+00,7.555182122657147e-01,,,5.950923474847694e+00,8.709963865895853e+00,6.580536328860609e+00,3.094758138346185e+00,3.094758138346185e+00,REACHED_FORCE,REACHED_FORCE,,1,0,0,1,0,0,,,,3.026347472952358e-07,NaN,5.238792084826419e-07,NaN,,,1.017215820361092e-08,5.378075175280259e-09,,solution good enough for the tolerances given,solution good enough for the tolerances given,,1.017215820361092e-08,5.378075175280259e-09,,3.026347472952358e-07,2.254047898959638e-10,5.238792084826419e-07,1.011464707304263e-10,,,3.026347472952358e-07,5.238792084826419e-07,,7.305572918494426e-05,2.872135245600170e+00,7.083615610137737e-01,1.127775443194125e+00,3.094758138346185e+00,1.000000000000000e+00,4.244792495890122e-01,9.363615930559888e+00,2.410000189962639e-10,1.067963495415825e-10,10,9.999999998932037e-01,9.999999997880931e-01,9.999999996917588e-01,9.999999995336222e-01,9.999999992881250e-01,9.999999990256836e-01,9.999999986508474e-01,9.999999983228733e-01,9.999999981015459e-01,9.999999976441722e-01,1.592134127378955e-01,1.961271338230275e-01,2.358743387229376e-01,2.912569730290080e-02,3.314491900175271e-02,2.532269992094170e-02,3.381598520331679e-02,1.975393550821638e-02,7.977076520946497e-02,1.878511125695459e-01,NaN,NaN,NaN,NaN,0,NaN,NaN,NaN,NaN,NaN,NaN,NaN,NaN,NaN,NaN,NaN,NaN,NaN,NaN,NaN,NaN,NaN,NaN,NaN,NaN,4.244792095804342e-01,8.473631617958418e+00,1.318046999750218e-10,1.180131548039753e-10,10,9.999999998819868e-01,9.999999998130600e-01,9.999999996959368e-01,9.999999994700861e-01,9.999999991661908e-01,9.999999990180231e-01,9.999999986505497e-01,9.999999983227978e-01,9.999999981015506e-01,9.999999976441720e-01,2.889590714424683e-02,3.550910194627485e-02,1.294131520839020e-01,2.993769852918705e-02,8.017406227473964e-02,1.286605338053306e-01,1.841098652543310e-01,3.282017323988827e-01,1.414944256884434e-02,4.094850399426068e-02,NaN,NaN,NaN,NaN,0,NaN,NaN,NaN,NaN,NaN,NaN,NaN,NaN,NaN,NaN,NaN,NaN,NaN,NaN,NaN,NaN,NaN,NaN,NaN,NaN,false
1,3.162000000000000e+09,0,2,CONTINUE,6.253713406442516e+00,2.010195071011816e+00,1.000000000000000e-09,1.000000000000000e-01,3.407425039940737e-13,4.244792408307316e-01,9.363480005740476e+00,7.555180618413461e-01,,,5.950922063677281e+00,8.709967739479943e+00,6.580537945232538e+00,3.094758138346185e+00,3.094758138346185e+00,REACHED_FORCE,REACHED_FORCE,,1,0,0,1,0,0,,,,1.212437573107030e-06,NaN,1.316617862273090e-06,NaN,,,3.217002101970812e-09,1.700848492678014e-09,,solution good enough for the tolerances given,solution good enough for the tolerances given,,3.217002101970812e-09,1.700848492678014e-09,,1.212437573107030e-06,7.128552150044229e-11,1.316617862273090e-06,3.198815107099783e-11,,,1.212437573107030e-06,1.316617862273090e-06,,4.108406357970036e-05,2.872135245231798e+00,7.083615610137737e-01,1.127775443194125e+00,3.094758138346185e+00,1.000000000000000e+00,4.244792408307316e-01,9.363480005740476e+00,7.622153353598581e-11,3.377542689975144e-11,10,9.999999999662246e-01,9.999999999329821e-01,9.999999999025171e-01,9.999999998525058e-01,9.999999997748663e-01,9.999999996918669e-01,9.999999995733231e-01,9.999999994695987e-01,9.999999993996047e-01,9.999999992549564e-01,1.592140425452543e-01,1.961329921315308e-01,2.358675640159430e-01,2.912672623173047e-02,3.314435003461657e-02,2.532273882109148e-02,3.381581472209871e-02,1.975392168650237e-02,7.977892255012405e-02,1.878429272611085e-01,NaN,NaN,NaN,NaN,0,NaN,NaN,NaN,NaN,NaN,NaN,NaN,NaN,NaN,NaN,NaN,NaN,NaN,NaN,NaN,NaN,NaN,NaN,NaN,NaN,4.244788613096807e-01,8.473770583097171e+00,4.168387291786892e-11,3.732170128500911e-11,10,9.999999999626783e-01,9.999999999408786e-01,9.999999999038389e-01,9.999999998324114e-01,9.999999997363038e-01,9.999999996894451e-01,9.999999995732285e-01,9.999999994695761e-01,9.999999993996045e-01,9.999999992549558e-01,2.889668683554663e-02,3.550777165463313e-02,1.294142022991562e-01,2.993784351129695e-02,8.017232243353331e-02,1.286603449093127e-01,1.841092558478121e-01,3.282032873820159e-01,1.414951123537106e-02,4.094877389132186e-02,NaN,NaN,NaN,NaN,0,NaN,NaN,NaN,NaN,NaN,NaN,NaN,NaN,NaN,NaN,NaN,NaN,NaN,NaN,NaN,NaN,NaN,NaN,NaN,NaN,false
1,1.000000000000000e+10,0,2,CONTINUE,6.253713406442516e+00,2.010158285838991e+00,1.000000000000000e-09,1.000000000000000e-01,3.407425039940737e-13,4.244794505320156e-01,9.362214425666041e+00,7.555235074708330e-01,,,5.950909020273031e+00,8.709961917197353e+00,6.580580977618324e+00,3.094758138346185e+00,3.094758138346185e+00,REACHED_FORCE,REACHED_FORCE,,1,0,0,1,0,0,,,,2.285746603874848e-06,NaN,3.275611456193964e-06,NaN,,,1.017215065631669e-09,5.378071664603297e-10,,solution good enough for the tolerances given,solution good enough for the tolerances given,,1.017215065631669e-09,5.378071664603297e-10,,2.285746603874848e-06,2.254049156643662e-11,3.275611456193964e-06,1.011469019363774e-11,,,2.285746603874848e-06,3.275611456193964e-06,,2.310225244340820e-05,2.872135245115290e+00,7.083615610137737e-01,1.127775443194125e+00,3.094758138346185e+00,1.000000000000000e+00,4.244794505320156e-01,9.362214425666041e+00,2.410830942779545e-11,1.068123367531371e-11,10,9.999999999893188e-01,9.999999999788087e-01,9.999999999691751e-01,9.999999999533606e-01,9.999999999288121e-01,9.999999999025682e-01,9.999999998650844e-01,9.999999998322875e-01,9.999999998101543e-01,9.999999997644173e-01,1.592139595387506e-01,1.961216101481899e-01,2.358867686485946e-01,2.912287008021857e-02,3.314420997554388e-02,2.532247712936745e-02,3.381683081331410e-02,1.975312099325067e-02,7.977827233019152e-02,1.878398803425787e-01,NaN,NaN,NaN,NaN,0,NaN,NaN,NaN,NaN,NaN,NaN,NaN,NaN,NaN,NaN,NaN,NaN,NaN,NaN,NaN,NaN,NaN,NaN,NaN,NaN,4.244782502768236e-01,8.473535959881366e+00,1.319262412311375e-11,1.180144870716049e-11,10,9.999999999881986e-01,9.999999999813050e-01,9.999999999695934e-01,9.999999999470086e-01,9.999999999166194e-01,9.999999999018014e-01,9.999999998650542e-01,9.999999998322786e-01,9.999999998101547e-01,9.999999997644167e-01,2.892410373038609e-02,3.559266814042722e-02,1.292940783418586e-01,2.993700170637932e-02,8.016955928874200e-02,1.286710799099610e-01,1.841108764327675e-01,3.282028225891352e-01,1.414886073215284e-02,4.094894912818949e-02,NaN,NaN,NaN,NaN,0,NaN,NaN,NaN,NaN,NaN,NaN,NaN,NaN,NaN,NaN,NaN,NaN,NaN,NaN,NaN,NaN,NaN,NaN,NaN,NaN,false
1,3.162000000000000e+10,0,2,CONTINUE,6.253713406442516e+00,2.010154496357496e+00,1.000000000000000e-09,1.000000000000000e-01,3.407425039940737e-13,4.244739278824047e-01,9.362310571198870e+00,7.555238115552743e-01,,,5.950906921314333e+00,8.709990805569966e+00,6.580605452035615e+00,3.094758138346185e+00,3.094758138346185e+00,REACHED_FORCE,REACHED_FORCE,,1,0,0,1,0,0,,,,7.033928610017520e-06,NaN,1.279015370545494e-05,NaN,,,3.217007546826855e-10,1.700862534366090e-10,,solution good enough for the tolerances given,solution good enough for the tolerances given,,3.217007546826855e-10,1.700862534366090e-10,,7.033928610017520e-06,7.128526098018017e-12,1.279015370545494e-05,3.198865414460746e-12,,,7.033928610017520e-06,1.279015370545494e-05,,1.299194877957229e-05,2.872135245078452e+00,7.083615610137737e-01,1.127775443194125e+00,3.094758138346185e+00,1.000000000000000e+00,4.244739278824047e-01,9.362310571198870e+00,7.823497578654538e-12,3.377964574724501e-12,10,9.999999999966220e-01,9.999999999932954e-01,9.999999999902451e-01,9.999999999852196e-01,9.999999999774771e-01,9.999999999691827e-01,9.999999999573324e-01,9.999999999469589e-01,9.999999999399607e-01,9.999999999254947e-01,1.593026402638512e-01,1.964784115643713e-01,2.357136425862944e-01,2.893869188826271e-02,3.312229883990834e-02,2.534154757512026e-02,3.372562050217282e-02,1.975748070798679e-02,7.977895692839575e-02,1.878407091436365e-01,NaN,NaN,NaN,NaN,0,NaN,NaN,NaN,NaN,NaN,NaN,NaN,NaN,NaN,NaN,NaN,NaN,NaN,NaN,NaN,NaN,NaN,NaN,NaN,NaN,4.244751929258060e-01,8.474375600618671e+00,4.169075736528828e-12,3.731903674975001e-12,10,9.999999999962681e-01,9.999999999940881e-01,9.999999999903835e-01,9.999999999832416e-01,9.999999999736300e-01,9.999999999689442e-01,9.999999999573228e-01,9.999999999469573e-01,9.999999999399618e-01,9.999999999254949e-01,2.891590868527297e-02,3.557860977492430e-02,1.293025515109007e-01,2.993645435189040e-02,8.016084010098266e-02,1.286780348188244e-01,1.840950090187089e-01,3.282324343659224e-01,1.414771342407135e-02,4.095244394850153e-02,NaN,NaN,NaN,NaN,0,NaN,NaN,NaN,NaN,NaN,NaN,NaN,NaN,NaN,NaN,NaN,NaN,NaN,NaN,NaN,NaN,NaN,NaN,NaN,NaN,false
1,1.000000000000000e+11,0,2,CONTINUE,6.253713406442516e+00,2.010012146445237e+00,1.000000000000000e-09,1.000000000000000e-01,3.407425039940737e-13,4.244834515216785e-01,9.359101470003500e+00,7.555488768950839e-01,,,5.950836636178600e+00,8.710218251554398e+00,6.580995617472985e+00,3.094758138346185e+00,3.094758138346185e+00,REACHED_FORCE,REACHED_FORCE,,1,0,0,1,0,0,,,,2.678361076324761e-05,NaN,3.025096280979902e-05,NaN,,,1.017227624146542e-10,5.377968053542829e-11,,solution good enough for the tolerances given,solution good enough for the tolerances given,,1.017227624146542e-10,5.377968053542829e-11,,2.678361076324761e-05,2.254057241755245e-12,3.025096280979902e-05,1.011429492151589e-12,,,2.678361076324761e-05,3.025096280979902e-05,,7.305600514198687e-06,2.872135245066802e+00,7.083615610137737e-01,1.127775443194125e+00,3.094758138346185e+00,1.000000000000000e+00,4.244834515216785e-01,9.359101470003500e+00,2.727109455237562e-12,1.068478638899251e-12,10,9.999999999989315e-01,9.999999999978761e-01,9.999999999969074e-01,9.999999999952864e-01,9.999999999928657e-01,9.999999999902507e-01,9.999999999865075e-01,9.999999999832283e-01,9.999999999810154e-01,9.999999999764420e-01,1.598227626532392e-01,2.001778281297157e-01,2.324846481904226e-01,2.820008864819421e-02,3.293142617206530e-02,2.527464633973940e-02,3.371813527546201e-02,1.976395544334797e-02,7.977151193355245e-02,1.878549972142615e-01,NaN,NaN,NaN,NaN,0,NaN,NaN,NaN,NaN,NaN,NaN,NaN,NaN,NaN,NaN,NaN,NaN,NaN,NaN,NaN,NaN,NaN,NaN,NaN,NaN,4.244794506220156e-01,8.473376533142391e+00,1.325685118629422e-12,1.180167075176541e-12,10,9.999999999988198e-01,9.999999999981291e-01,9.999999999969589e-01,9.999999999947007e-01,9.999999999916618e-01,9.999999999901803e-01,9.999999999865059e-01,9.999999999832276e-01,9.999999999810163e-01,9.999999999764417e-01,2.892221222493685e-02,3.554911794421664e-02,1.293124186390026e-01,2.992644881929984e-02,8.007203471977424e-02,1.287555335983036e-01,1.840995374432687e-01,3.282752340760429e-01,1.414188803879099e-02,4.094557449636351e-02,NaN,NaN,NaN,NaN,0,NaN,NaN,NaN,NaN,NaN,NaN,NaN,NaN,NaN,NaN,NaN,NaN,NaN,NaN,NaN,NaN,NaN,NaN,NaN,NaN,false
1,3.162000000000000e+11,0,2,CONTINUE,6.253713406442516e+00,2.010156696480188e+00,1.000000000000000e-09,1.000000000000000e-01,3.407425039940737e-13,4.244511584189662e-01,-9.999999999996620e-01,7.554993546897281e-01,,,5.950522649862325e+00,8.709730940987756e+00,6.580196105437407e+00,3.094758138346185e+00,3.094758138346185e+00,REACHED_FORCE,REACHED_FORCE,,1,0,0,1,0,0,,,,9.640670550964896e-05,NaN,9.482375975444897e-05,NaN,,,3.217078955890594e-11,1.700719610996462e-11,,solution good enough for the tolerances given,solution good enough for the tolerances given,,3.217078955890594e-11,1.700719610996462e-11,,9.640670550964896e-05,7.128642882963109e-13,9.482375975444897e-05,3.197751465753718e-13,,,9.640670550964896e-05,9.482375975444897e-05,,4.108563553054993e-06,2.872135245063118e+00,7.083615610137737e-01,1.127775443194125e+00,3.094758138346185e+00,1.000000000000000e+00,4.244511584189662e-01,-9.999999999996620e-01,9.229618281913147e-13,3.379518886958977e-13,10,9.999999999996620e-01,9.999999999993265e-01,9.999999999990197e-01,9.999999999984992e-01,9.999999999977394e-01,9.999999999969149e-01,9.999999999957327e-01,9.999999999946958e-01,9.999999999939957e-01,9.999999999925491e-01,1.594539806150184e-01,2.026340057460123e-01,2.315322484744421e-01,2.767072325301567e-02,3.287727405155796e-02,2.536803544504610e-02,3.342472110830346e-02,2.023625974475237e-02,7.892327381695653e-02,1.878794777448950e-01,NaN,NaN,NaN,NaN,0,NaN,NaN,NaN,NaN,NaN,NaN,NaN,NaN,NaN,NaN,NaN,NaN,NaN,NaN,NaN,NaN,NaN,NaN,NaN,NaN,4.244638078351016e-01,-9.999999999996252e-01,4.249325593993322e-13,3.748112931134528e-13,10,9.999999999996252e-01,9.999999999994069e-01,9.999999999990370e-01,9.999999999983231e-01,9.999999999973621e-01,9.999999999968945e-01,9.999999999957323e-01,9.999999999946954e-01,9.999999999939959e-01,9.999999999925493e-01,2.901975957485144e-02,3.567588763630667e-02,1.292929601769496e-01,2.984977752048032e-02,8.042773947932151e-02,1.283652152263262e-01,1.841187956336070e-01,3.282267152445859e-01,1.408156474053686e-02,4.094158476703464e-02,NaN,NaN,NaN,NaN,0,NaN,NaN,NaN,NaN,NaN,NaN,NaN,NaN,NaN,NaN,NaN,NaN,NaN,NaN,NaN,NaN,NaN,NaN,NaN,NaN,false
1,1.000000000000000e+12,0,2,CONTINUE,6.253713406442516e+00,2.009785336874794e+00,1.000000000000000e-09,1.000000000000000e-01,3.407425039940737e-13,4.244274457977462e-01,-9.999999999998914e-01,7.555997033422686e-01,,,5.950288454277016e+00,8.710112455135478e+00,6.581358387178166e+00,3.094758138346185e+00,3.094758138346185e+00,REACHED_FORCE,REACHED_FORCE,,1,0,0,1,0,0,,,,3.033573600511769e-04,NaN,2.459727626793253e-04,NaN,,,1.017294314166785e-11,5.380801936308232e-12,,solution good enough for the tolerances given,solution good enough for the tolerances given,,1.017294314166785e-11,5.380801936308232e-12,,3.033573600511769e-04,2.254129109413763e-13,2.459727626793253e-04,1.011896631931955e-13,,,3.033573600511769e-04,2.459727626793253e-04,,2.310306560309127e-06,2.872135245061953e+00,7.083615610137737e-01,1.127775443194125e+00,3.094758138346185e+00,1.000000000000000e+00,4.244274457977462e-01,-9.999999999998914e-01,8.836797043431578e-13,1.085798118083403e-13,10,9.999999999998914e-01,9.999999999997786e-01,9.999999999996705e-01,9.999999999993705e-01,9.999999999991003e-01,9.999999999988316e-01,9.999999999986335e-01,9.999999999983173e-01,9.999999999981013e-01,9.999999999976439e-01,1.871762113991013e-01,2.179910594781406e-01,2.033322331950955e-01,3.644633468120768e-02,2.779732477759387e-02,9.151419596533506e-03,3.114829022699873e-02,1.942663686744320e-02,7.957994863466955e-02,1.879505411432164e-01,NaN,NaN,NaN,NaN,0,NaN,NaN,NaN,NaN,NaN,NaN,NaN,NaN,NaN,NaN,NaN,NaN,NaN,NaN,NaN,NaN,NaN,NaN,NaN,NaN,4.243074832636030e-01,-9.999999999998814e-01,1.706437361334713e-13,1.185718190299667e-13,10,9.999999999998814e-01,9.999999999998117e-01,9.999999999996958e-01,9.999999999994684e-01,9.999999999991640e-01,9.999999999990181e-01,9.999999999986504e-01,9.999999999983222e-01,9.999999999981024e-01,9.999999999976432e-01,2.953352139880453e-02,3.642246983423634e-02,1.290073703759542e-01,3.000918849316982e-02,8.979192798135333e-02,1.175744769357646e-01,1.848559614765952e-01,3.281611459469816e-01,1.404015020017504e-02,4.060378735696539e-02,NaN,NaN,NaN,NaN,0,NaN,NaN,NaN,NaN,NaN,NaN,NaN,NaN,NaN,NaN,NaN,NaN,NaN,NaN,NaN,NaN,NaN,NaN,NaN,NaN,false
1,3.162000000000000e+12,0,2,CONTINUE,6.253713406442516e+00,2.001304259750420e+00,1.000000000000000e-09,1.000000000000000e-01,3.407425039940737e-13,4.252876402508917e-01,-9.999999999999654e-01,7.566627067637279e-01,,,5.947242161070560e+00,8.704147700203011e+00,6.586103958906889e+00,3.094758138346185e+00,3.094758138346185e+00,REACHED_FORCE,REACHED_FORCE,,1,0,0,1,0,0,,,,9.890407862032638e-04,NaN,7.571612013727256e-04,NaN,,,3.215982793834972e-12,1.700884606092503e-12,,solution good enough for the tolerances given,solution good enough for the tolerances given,,3.215982793834972e-12,1.700884606092503e-12,,9.890407862032638e-04,7.124779996317772e-14,7.571612013727256e-04,3.198110804046308e-14,,,9.890407862032638e-04,7.571612013727256e-04,,1.299460233988522e-06,2.872135245061584e+00,7.083615610137737e-01,1.127775443194125e+00,3.094758138346185e+00,1.000000000000000e+00,4.252876402508917e-01,-9.999999999999654e-01,1.552092566466509e-13,3.463895836830488e-14,10,9.999999999999654e-01,9.999999999999287e-01,9.999999999998939e-01,9.999999999997955e-01,9.999999999997042e-01,9.999999999995777e-01,9.999999999994746e-01,9.999999999994000e-01,9.999999999992877e-01,9.999999999992564e-01,1.691369381023562e-01,2.308811132841948e-01,2.170138558231177e-01,2.844126656039167e-02,3.165436190001829e-02,3.689399617048456e-02,1.642858366031680e-02,8.158545357100094e-02,7.439121832020345e-05,1.878900397097999e-01,NaN,NaN,NaN,NaN,0,NaN,NaN,NaN,NaN,NaN,NaN,NaN,NaN,NaN,NaN,NaN,NaN,NaN,NaN,NaN,NaN,NaN,NaN,NaN,NaN,4.244005682956597e-01,-9.999999999999591e-01,2.906473191079402e-13,4.085620730620576e-14,10,9.999999999999591e-01,9.999999999999223e-01,9.999999999998876e-01,9.999999999997868e-01,9.999999999997036e-01,9.999999999995803e-01,9.999999999995384e-01,9.999999999994691e-01,9.999999999993989e-01,9.999999999992548e-01,6.353504111893679e-02,6.582378397946502e-02,7.770778189034465e-02,3.578932603852173e-02,1.869167522441818e-01,1.459797336820705e-01,4.177323437217426e-02,3.305171889629789e-01,1.005785593309214e-02,4.189930177823483e-02,NaN,NaN,NaN,NaN,0,NaN,NaN,NaN,NaN,NaN,NaN,NaN,NaN,NaN,NaN,NaN,NaN,NaN,NaN,NaN,NaN,NaN,NaN,NaN,NaN,false
1,1.000000000000000e+13,0,2,CONTINUE,6.253713406442516e+00,1.938651127138998e+00,1.000000000000000e-09,1.000000000000000e-01,3.407425039940737e-13,4.256710422844459e-01,-9.999999999999785e-01,7.656343173261618e-01,,,5.944419683049943e+00,8.711426110752695e+00,6.669766783243440e+00,3.094758138346185e+00,3.094758138346185e+00,REACHED_FORCE,REACHED_FORCE,,1,0,0,1,0,0,,,,2.640520214585938e-03,NaN,4.215145595815714e-03,NaN,,,1.017072525613349e-12,5.351956046565816e-13,,solution good enough for the tolerances given,solution good enough for the tolerances given,,1.017072525613349e-12,5.351956046565816e-13,,2.640520214585938e-03,2.253051094535994e-14,4.215145595815714e-03,9.989604533987344e-15,,,2.640520214585938e-03,4.215145595815714e-03,,7.309390591942747e-07,2.872135245061468e+00,7.083615610137737e-01,1.127775443194125e+00,3.094758138346185e+00,1.000000000000000e+00,4.256710422844459e-01,-9.999999999999785e-01,2.741789763903475e-14,2.153832667772804e-14,10,9.999999999999785e-01,9.999999999999776e-01,9.999999999999738e-01,9.999999999999363e-01,9.999999999999059e-01,9.999999999998670e-01,9.999999999998330e-01,9.999999999998119e-01,9.999999999997653e-01,9.999999999997651e-01,6.371523706292302e-01,1.874415307759155e-02,9.432601180004735e-04,5.841806900560763e-03,2.339788906356216e-02,3.569806338700826e-02,2.809346906473847e-02,6.232951000397738e-02,6.409666963084961e-04,1.871585110590230e-01,NaN,NaN,NaN,NaN,0,NaN,NaN,NaN,NaN,NaN,NaN,NaN,NaN,NaN,NaN,NaN,NaN,NaN,NaN,NaN,NaN,NaN,NaN,NaN,NaN,4.256710422844459e-01,-9.999999999999851e-01,4.252412886403268e-14,1.487698852997710e-14,10,9.999999999999851e-01,9.999999999999760e-01,9.999999999999680e-01,9.999999999999480e-01,9.999999999999127e-01,9.999999999999019e-01,9.999999999998657e-01,9.999999999998324e-01,9.999999999998108e-01,9.999999999997651e-01,4.834760005501102e-02,2.969558672281113e-112,1.724539207719603e-01,2.524283271182011e-03,1.331493963707628e-01,3.456728217536863e-02,2.405673163373262e-01,3.223139470375075e-01,1.679137360899541e-02,2.928488037188627e-02,NaN,NaN,NaN,NaN,0,NaN,NaN,NaN,NaN,NaN,NaN,NaN,NaN,NaN,NaN,NaN,NaN,NaN,NaN,NaN,NaN,NaN,NaN,NaN,NaN,false
1,3.162000000000000e+13,0,2,CONTINUE,6.253713406442516e+00,1.988440958921782e+00,1.000000000000000e-09,1.000000000000000e-01,3.407425039940737e-13,4.329143790885080e-01,-9.999999999999931e-01,7.576913240016661e-01,,,5.932186117165182e+00,8.713172167525885e+00,6.601894955867152e+00,3.094758138346185e+00,3.094758138346185e+00,REACHED_FORCE,REACHED_FORCE,,1,0,0,1,0,0,,,,6.756156762874942e-03,NaN,7.678007549965009e-03,NaN,,,3.228324139291245e-13,1.709844804787251e-13,,solution good enough for the tolerances given,solution good enough for the tolerances given,,3.228324139291245e-13,1.709844804787251e-13,,6.756156762874942e-03,7.105914735956824e-15,7.678007549965009e-03,3.234044633305255e-15,,,6.756156762874942e-03,7.678007549965009e-03,,4.119043646921545e-07,2.872135245061431e+00,7.083615610137737e-01,1.127775443194125e+00,3.094758138346185e+00,1.000000000000000e+00,4.329143790885080e-01,-9.999999999999931e-01,8.686695932339451e-15,6.883382752675971e-15,10,9.999999999999931e-01,9.999999999999922e-01,9.999999999999902e-01,9.999999999999731e-01,9.999999999999714e-01,9.999999999999611e-01,9.999999999999454e-01,9.999999999999436e-01,9.999999999999283e-01,9.999999999999269e-01,6.760194450307820e-01,1.142841235638363e-02,2.854075136838612e-04,4.339995327562019e-05,5.063265854315947e-02,6.616620128220064e-03,6.498801213657027e-02,3.799246311902442e-02,1.667020191025622e-04,1.518268791997980e-01,NaN,NaN,NaN,NaN,0,NaN,NaN,NaN,NaN,NaN,NaN,NaN,NaN,NaN,NaN,NaN,NaN,NaN,NaN,NaN,NaN,NaN,NaN,NaN,NaN,4.382425560619054e-01,-9.999999999999925e-01,1.128442207930468e-14,7.549516567451064e-15,10,9.999999999999925e-01,9.999999999999905e-01,9.999999999999805e-01,9.999999999999780e-01,9.999999999999745e-01,9.999999999999565e-01,9.999999999999469e-01,9.999999999999438e-01,9.999999999999283e-01,9.999999999999278e-01,1.468514477787856e-01,4.318621304890458e-167,2.999015523346776e-02,1.773116961081975e-01,1.499383265878978e-166,1.738423085703595e-01,3.357170787451980e-01,4.649210228804562e-02,8.864344324886946e-168,8.979521127594613e-02,NaN,NaN,NaN,NaN,0,NaN,NaN,NaN,NaN,NaN,NaN,NaN,NaN,NaN,NaN,NaN,NaN,NaN,NaN,NaN,NaN,NaN,NaN,NaN,NaN,false
1,1.000000000000000e+14,0,2,CONTINUE,6.253713406442516e+00,2.183141789701367e+00,1.000000000000000e-09,1.000000000000000e-01,3.407425039940737e-13,4.642886213783917e-01,-9.999999999999973e-01,7.293933885521667e-01,,,5.908526903414804e+00,8.888457787075392e+00,6.483182344317814e+00,3.094758138346185e+00,3.094758138346185e+00,REACHED_FORCE,REACHED_FORCE,,1,0,0,1,0,0,,,,1.898658105589560e-02,NaN,4.023907515369977e-02,NaN,,,1.005820913076376e-13,5.374643172841887e-14,,solution good enough for the tolerances given,solution good enough for the tolerances given,,1.005820913076376e-13,5.374643172841887e-14,,1.898658105589560e-02,2.173996670166310e-15,4.023907515369977e-02,9.702133899915766e-16,,,1.898658105589560e-02,4.023907515369977e-02,,2.326405233513295e-07,2.872135245061419e+00,7.083615610137737e-01,1.127775443194125e+00,3.094758138346185e+00,1.000000000000000e+00,4.642886213783917e-01,-9.999999999999973e-01,2.710739539384039e-15,2.664535259100376e-15,10,9.999999999999973e-01,9.999999999999905e-01,9.999999999999900e-01,9.999999999999891e-01,9.999999999999885e-01,9.999999999999878e-01,9.999999999999871e-01,9.999999999999862e-01,9.999999999999856e-01,9.999999999999785e-01,6.949252526011354e-01,3.428736626821581e-143,1.898929131280693e-114,6.813146629139306e-86,4.113870006559412e-257,6.412306136309584e-172,1.321390753212060e-228,1.616742862379091e-57,3.362793560846551e-200,3.050747473988643e-01,NaN,NaN,NaN,NaN,0,NaN,NaN,NaN,NaN,NaN,NaN,NaN,NaN,NaN,NaN,NaN,NaN,NaN,NaN,NaN,NaN,NaN,NaN,NaN,NaN,6.004799503160562e-01,-9.999999999999958e-01,4.104826424050030e-15,4.218847493575595e-15,10,9.999999999999958e-01,9.999999999999900e-01,9.999999999999891e-01,9.999999999999885e-01,9.999999999999878e-01,9.999999999999871e-01,9.999999999999867e-01,9.999999999999853e-01,9.999999999999838e-01,9.999999999999833e-01,6.365556942313738e-115,3.100875259414108e-29,1.000000000000000e+00,3.352467813794283e-257,6.834371306422689e-229,8.799357960918096e-58,4.879454125757169e-172,7.230416274296042e-115,2.866458136652333e-200,3.798799038927556e-86,NaN,NaN,NaN,NaN,0,NaN,NaN,NaN,NaN,NaN,NaN,NaN,NaN,NaN,NaN,NaN,NaN,NaN,NaN,NaN,NaN,NaN,NaN,NaN,NaN,false
1,3.162000000000000e+14,0,3,CONTINUE,6.253713406442516e+00,2.008275597470635e+00,1.000000000000000e-09,1.000000000000000e-01,3.407425039940737e-13,7.121441536006445e-01,-9.999999999999980e-01,7.449490989242028e-01,,,5.847475996642671e+00,8.194769965925998e+00,6.104686502007693e+00,3.094758138346185e+00,3.094758138346185e+00,REACHED_FORCE,REACHED_FORCE,,1,0,0,1,1,1,,,,8.296628765539971e-02,NaN,1.373087728341557e-01,1.484795600231827e-02,,,3.245489176701518e-14,1.857618995522155e-14,,solution good enough for the tolerances given,solution good enough for the tolerances given,,3.245489176701518e-14,1.857618995522155e-14,,8.296628765539971e-02,7.186765851789456e-16,1.373087728341557e-01,3.593382925894728e-16,,,8.296628765539971e-02,1.484795600231827e-02,,1.310533759934830e-07,2.872135245061416e+00,7.083615610137737e-01,1.127775443194125e+00,3.094758138346185e+00,1.000000000000000e+00,7.121441536006445e-01,-9.999999999999980e-01,2.190075850284458e-15,1.998401444325282e-15,10,9.999999999999980e-01,9.999999999999976e-01,9.999999999999973e-01,9.999999999999971e-01,9.999999999999971e-01,9.999999999999971e-01,9.999999999999962e-01,9.999999999999962e-01,9.999999999999960e-01,9.999999999999956e-01,1.378544171211129e-235,8.410344950227090e-148,9.485433139292666e-89,3.525850110315898e-265,2.674844370793688e-118,1.000000000000000e+00,3.525570020794674e-206,5.333630735155287e-177,1.968275939294286e-59,6.823825580534737e-30,NaN,NaN,NaN,NaN,0,NaN,NaN,NaN,NaN,NaN,NaN,NaN,NaN,NaN,NaN,NaN,NaN,NaN,NaN,NaN,NaN,NaN,NaN,NaN,NaN,5.275141878523285e-01,-9.999999999999971e-01,2.803307233101067e-15,2.886579864025407e-15,10,9.999999999999971e-01,9.999999999999971e-01,9.999999999999964e-01,9.999999999999964e-01,9.999999999999960e-01,9.999999999999958e-01,9.999999999999953e-01,9.999999999999951e-01,9.999999999999944e-01,9.999999999999940e-01,2.896651389408249e-206,1.000000000000000e+00,3.132922049667922e-118,3.888797306701050e-30,6.563135201146031e-89,6.635656782771693e-265,1.075594431556138e-147,2.201366330766089e-59,5.900127801539205e-177,1.071286039418112e-235,NaN,NaN,NaN,NaN,0,NaN,NaN,NaN,NaN,NaN,NaN,NaN,NaN,NaN,NaN,NaN,NaN,NaN,NaN,NaN,NaN,NaN,NaN,NaN,NaN,false
1,1.000000000000000e+15,1,4,CONTINUE,6.253713406442516e+00,6.446742937917936e+00,1.000000000000000e-09,1.000000000000000e-01,3.407425039940737e-13,4.503599627370486e-01,-9.999999999999991e-01,7.154683396665978e-02,,,7.992119502375522e+01,6.394289605423779e+01,4.574911767339937e+00,3.094758138346185e+00,3.094758138346185e+00,REFINE_STALLED,REFINE_STALLED,,1,1,1,1,1,1,,,,5.738716911204956e-01,6.883721690088767e-01,1.662302276552286e+00,4.005101984925608e+00,,,1.168435048075901e-14,2.775346611171793e-14,,solution good enough for the tolerances given,solution good enough for the tolerances given,,1.168435048075901e-14,2.775346611171793e-14,,5.738716911204956e-01,1.796691462947364e-16,1.662302276552286e+00,5.030736096252619e-16,,,6.883721690088767e-01,4.005101984925608e+00,,6.763322812509434e-08,2.872135245061414e+00,7.083615610137737e-01,1.127775443194125e+00,3.094758138346185e+00,1.000000000000000e+00,4.503599627370486e-01,-9.999999999999991e-01,1.805712988225867e-15,8.881784197001252e-16,10,9.999999999999991e-01,9.999999999999987e-01,9.999999999999984e-01,9.999999999999984e-01,9.999999999999984e-01,9.999999999999984e-01,9.999999999999982e-01,9.999999999999980e-01,9.999999999999980e-01,9.999999999999978e-01,1.000000000000000e+00,1.250074890461469e-60,2.678240351947246e-120,1.485903657528526e-209,1.665013523704570e-90,9.524355520757892e-31,9.348113095050547e-269,8.745840922812699e-180,4.028744635816587e-150,3.525850360509513e-239,NaN,NaN,NaN,NaN,0,NaN,NaN,NaN,NaN,NaN,NaN,NaN,NaN,NaN,NaN,NaN,NaN,NaN,NaN,NaN,NaN,NaN,NaN,NaN,NaN,1.501199875790164e+00,-1.000000000000000e+00,1.199791742656109e-15,0.000000000000000e+00,10,1.000000000000000e+00,9.999999999999996e-01,9.999999999999996e-01,9.999999999999996e-01,9.999999999999996e-01,9.999999999999996e-01,9.999999999999996e-01,9.999999999999996e-01,9.999999999999993e-01,9.999999999999993e-01,1.081556048423703e-272,1.759337004197741e-31,7.344403034220395e-243,3.221299104771378e-92,1.720455447002005e-122,1.075932468360288e-152,6.469259824139271e-183,1.000000000000000e+00,4.625004796991743e-213,6.436613020508632e-62,NaN,NaN,NaN,NaN,0,NaN,NaN,NaN,NaN,NaN,NaN,NaN,NaN,NaN,NaN,NaN,NaN,NaN,NaN,NaN,NaN,NaN,NaN,NaN,NaN,false
1,3.162000000000000e+15,0,4,CONTINUE,6.253713406442516e+00,1.942351293871903e+00,1.000000000000000e-09,1.000000000000000e-01,3.407425039940737e-13,4.154522513645548e-07,8.509818409203345e-06,7.809339941190107e-01,,,5.160462312531542e+00,8.817496324626214e+00,6.885882622920045e+00,3.094758138346185e+00,3.094758138346185e+00,REACHED_FORCE,REACHED_FORCE,,1,1,1,1,1,1,,,,1.691488789664725e+05,4.117740294530446e-02,1.691489700333012e+05,7.702740756742561e-02,,,2.222782615881479e-09,2.222777765177578e-09,,solution good enough for the tolerances given,solution good enough for the tolerances given,,2.222782615881479e-09,2.222777765177578e-09,,1.691488789664725e+05,3.618755802734471e-11,1.691489700333012e+05,3.618748615968619e-11,,,4.117740294530446e-02,7.702740756742561e-02,,4.152801546230465e-05,2.872135245235501e+00,7.083615610137737e-01,1.127775443194125e+00,3.094758138346185e+00,1.000000000000000e+00,4.154522513645548e-07,8.509818409203345e-06,5.913164511839063e-11,3.716360552630249e-11,10,9.999999999628364e-01,9.999999999421090e-01,9.999999999001135e-01,9.999999998470328e-01,9.999999997921161e-01,9.999999996831552e-01,9.999999995639457e-01,9.999999994580504e-01,9.999999993865585e-01,9.999999992387680e-01,2.855044170233629e-02,5.148440838737518e-02,2.100440517198224e-01,2.050297699060686e-02,8.557846782896122e-02,1.481133398565218e-02,1.810805464180782e-01,1.355830999729430e-01,4.340006964227100e-02,2.289646033519538e-01,NaN,NaN,NaN,NaN,0,NaN,NaN,NaN,NaN,NaN,NaN,NaN,NaN,NaN,NaN,NaN,NaN,NaN,NaN,NaN,NaN,NaN,NaN,NaN,NaN,4.154518878136750e-07,8.509767565159814e-06,5.917535150898673e-11,3.716382757090742e-11,10,9.999999999628362e-01,9.999999999421083e-01,9.999999999001141e-01,9.999999998470268e-01,9.999999997921154e-01,9.999999996831548e-01,9.999999995639444e-01,9.999999994580500e-01,9.999999993865580e-01,9.999999992387674e-01,2.855047005011307e-02,5.148721876167613e-02,2.100437533472904e-01,2.050031810383572e-02,8.557833987275838e-02,1.481093784370785e-02,1.810819137095944e-01,1.355830461064242e-01,4.339958076531798e-02,2.289644214392815e-01,NaN,NaN,NaN,NaN,0,NaN,NaN,NaN,NaN,NaN,NaN,NaN,NaN,NaN,NaN,NaN,NaN,NaN,NaN,NaN,NaN,NaN,NaN,NaN,NaN,false
1,1.000000000000000e+16,0,4,CONTINUE,6.253713406442516e+00,1.940879030241067e+00,1.000000000000000e-09,1.000000000000000e-01,3.407425039940737e-13,1.313659252449244e-07,2.690836735339568e-06,7.811141465652015e-01,,,5.160462312531576e+00,8.823601030849151e+00,6.892239588843568e+00,3.094758138346185e+00,3.094758138346185e+00,REACHED_FORCE,REACHED_FORCE,,1,1,1,1,1,1,,,,5.349411622011681e+05,4.121301671002835e-02,5.349432004113725e+05,7.732465462156753e-02,,,2.222778333962699e-09,2.222780927156869e-09,,solution good enough for the tolerances given,solution good enough for the tolerances given,,2.222778333962699e-09,2.222780927156869e-09,,5.349411622011681e+05,3.618755802734471e-11,5.349432004113725e+05,3.618752209351545e-11,,,4.121301671002835e-02,7.732465462156753e-02,,4.152801087464952e-05,2.872135245235500e+00,7.083615610137737e-01,1.127775443194125e+00,3.094758138346185e+00,1.000000000000000e+00,1.313659252449244e-07,2.690836735339568e-06,5.917140383374288e-11,3.716316143709264e-11,10,9.999999999628368e-01,9.999999999421090e-01,9.999999999001146e-01,9.999999998470288e-01,9.999999997921154e-01,9.999999996831559e-01,9.999999995639461e-01,9.999999994580497e-01,9.999999993865574e-01,9.999999992387676e-01,2.855017343811458e-02,5.148478202883652e-02,2.100448562813296e-01,2.050189624039884e-02,8.557787277638676e-02,1.481171048501807e-02,1.810810486809254e-01,1.355842653669215e-01,4.339949606463880e-02,2.289638986374297e-01,NaN,NaN,NaN,NaN,0,NaN,NaN,NaN,NaN,NaN,NaN,NaN,NaN,NaN,NaN,NaN,NaN,NaN,NaN,NaN,NaN,NaN,NaN,NaN,NaN,1.313660401997797e-07,2.690836735339568e-06,5.912481334534808e-11,3.716316143709264e-11,10,9.999999999628368e-01,9.999999999421101e-01,9.999999999001139e-01,9.999999998470348e-01,9.999999997921165e-01,9.999999996831557e-01,9.999999995639448e-01,9.999999994580502e-01,9.999999993865583e-01,9.999999992387683e-01,2.855154485629455e-02,5.148086208284065e-02,2.100461273532542e-01,2.050337366724470e-02,8.557879728041461e-02,1.481097661265622e-02,1.810827517533549e-01,1.355829924009914e-01,4.339918629732081e-02,2.289633876956282e-01,NaN,NaN,NaN,NaN,0,NaN,NaN,NaN,NaN,NaN,NaN,NaN,NaN,NaN,NaN,NaN,NaN,NaN,NaN,NaN,NaN,NaN,NaN,NaN,NaN,false
1,3.162000000000000e+16,0,4,CONTINUE,6.253713406442516e+00,1.936226326181055e+00,1.000000000000000e-09,1.000000000000000e-01,3.407425039940737e-13,4.154526149160710e-08,8.509818409203343e-07,7.816824838470043e-01,,,5.160462312534456e+00,8.843078853159659e+00,6.912479842792762e+00,3.094758138346185e+00,3.094758138346185e+00,REACHED_FORCE,REACHED_FORCE,,1,1,1,1,1,1,,,,1.691492063130227e+06,4.132508868052504e-02,1.691486939770705e+06,7.826475826182006e-02,,,2.222782174563987e-09,2.222780733731711e-09,,solution good enough for the tolerances given,solution good enough for the tolerances given,,2.222782174563987e-09,2.222780733731711e-09,,1.691492063130227e+06,3.618748615968619e-11,1.691486939770705e+06,3.618741429202767e-11,,,4.132508868052504e-02,7.826475826182006e-02,,4.152799710866852e-05,2.872135245235500e+00,7.083615610137737e-01,1.127775443194125e+00,3.094758138346185e+00,1.000000000000000e+00,4.154526149160710e-08,8.509818409203343e-07,5.920798918829581e-11,3.716360552630249e-11,10,9.999999999628364e-01,9.999999999421074e-01,9.999999999001132e-01,9.999999998470217e-01,9.999999997921150e-01,9.999999996831550e-01,9.999999995639459e-01,9.999999994580506e-01,9.999999993865587e-01,9.999999992387687e-01,2.855309681041032e-02,5.148230136187718e-02,2.100478015621799e-01,2.050112332347470e-02,8.557697970437715e-02,1.481116377993068e-02,1.810803008869537e-01,1.355828512785909e-01,4.340057631817996e-02,2.289638049740259e-01,NaN,NaN,NaN,NaN,0,NaN,NaN,NaN,NaN,NaN,NaN,NaN,NaN,NaN,NaN,NaN,NaN,NaN,NaN,NaN,NaN,NaN,NaN,NaN,NaN,4.154521301808575e-08,8.509665878895417e-07,5.911517377624632e-11,3.716427166011727e-11,10,9.999999999628357e-01,9.999999999421094e-01,9.999999999001148e-01,9.999999998470352e-01,9.999999997921163e-01,9.999999996831563e-01,9.999999995639448e-01,9.999999994580495e-01,9.999999993865580e-01,9.999999992387678e-01,2.855230711476180e-02,5.148204971426348e-02,2.100432122772210e-01,2.050366147601613e-02,8.557960526862411e-02,1.481093060786161e-02,1.810813785723477e-01,1.355846627398208e-01,4.339934345028331e-02,2.289628487787997e-01,NaN,NaN,NaN,NaN,0,NaN,NaN,NaN,NaN,NaN,NaN,NaN,NaN,NaN,NaN,NaN,NaN,NaN,NaN,NaN,NaN,NaN,NaN,NaN,NaN,false
1,1.000000000000000e+17,0,4,CONTINUE,6.253713406442516e+00,1.963141958806688e+00,1.000000000000000e-09,1.000000000000000e-01,3.407425039940737e-13,1.313661168364616e-08,2.690804580990097e-07,7.762091191477133e-01,,,5.160462312533831e+00,8.906442404489098e+00,6.913261813528324e+00,3.094758138346185e+00,3.094758138346185e+00,REACHED_FORCE,REACHED_FORCE,,1,1,1,1,1,1,,,,5.349437735491454e+06,4.167971313927830e-02,5.349437912192659e+06,8.123775558990899e-02,,,2.222782174563987e-09,2.222782174563987e-09,,solution good enough for the tolerances given,solution good enough for the tolerances given,,2.222782174563987e-09,2.222782174563987e-09,,5.349437735491454e+06,3.618748615968619e-11,5.349437912192659e+06,3.618748615968619e-11,,,4.167971313927830e-02,8.123775558990899e-02,,4.152799710866852e-05,2.872135245235500e+00,7.083615610137737e-01,1.127775443194125e+00,3.094758138346185e+00,1.000000000000000e+00,1.313661168364616e-08,2.690804580990097e-07,5.920798918829581e-11,3.716360552630249e-11,10,9.999999999628364e-01,9.999999999421074e-01,9.999999999001132e-01,9.999999998470217e-01,9.999999997921150e-01,9.999999996831550e-01,9.999999995639459e-01,9.999999994580506e-01,9.999999993865587e-01,9.999999992387687e-01,2.855309681041032e-02,5.148230136187718e-02,2.100478015621799e-01,2.050112332347470e-02,8.557697970437715e-02,1.481116377993068e-02,1.810803008869537e-01,1.355828512785909e-01,4.340057631817996e-02,2.289638049740259e-01,NaN,NaN,NaN,NaN,0,NaN,NaN,NaN,NaN,NaN,NaN,NaN,NaN,NaN,NaN,NaN,NaN,NaN,NaN,NaN,NaN,NaN,NaN,NaN,NaN,1.313661168364616e-08,2.690804580990097e-07,5.920798918829581e-11,3.716360552630249e-11,10,9.999999999628364e-01,9.999999999421074e-01,9.999999999001132e-01,9.999999998470217e-01,9.999999997921150e-01,9.999999996831550e-01,9.999999995639459e-01,9.999999994580506e-01,9.999999993865587e-01,9.999999992387687e-01,2.855309681041032e-02,5.148230136187718e-02,2.100478015621799e-01,2.050112332347470e-02,8.557697970437715e-02,1.481116377993068e-02,1.810803008869537e-01,1.355828512785909e-01,4.340057631817996e-02,2.289638049740259e-01,NaN,NaN,NaN,NaN,0,NaN,NaN,NaN,NaN,NaN,NaN,NaN,NaN,NaN,NaN,NaN,NaN,NaN,NaN,NaN,NaN,NaN,NaN,NaN,NaN,false
1,3.162000000000000e+17,0,4,CONTINUE,6.253713406442516e+00,2.094865782292739e+00,1.000000000000000e-09,1.000000000000000e-01,3.407425039940737e-13,4.154526149160710e-09,8.509818409203344e-08,7.510809933030004e-01,,,5.160462312533836e+00,9.123806033538454e+00,6.852717298373970e+00,3.094758138346185e+00,3.094758138346185e+00,REACHED_FORCE,REACHED_FORCE,,1,1,1,1,1,1,,,,1.691492259019307e+07,4.280074909319224e-02,1.691492276571924e+07,9.063955036086202e-02,,,2.222782174563987e-09,2.222782174563987e-09,,solution good enough for the tolerances given,solution good enough for the tolerances given,,2.222782174563987e-09,2.222782174563987e-09,,1.691492259019307e+07,3.618748615968619e-11,1.691492276571924e+07,3.618748615968619e-11,,,4.280074909319224e-02,9.063955036086202e-02,,4.152799710866852e-05,2.872135245235500e+00,7.083615610137737e-01,1.127775443194125e+00,3.094758138346185e+00,1.000000000000000e+00,4.154526149160710e-09,8.509818409203344e-08,5.920798918829581e-11,3.716360552630249e-11,10,9.999999999628364e-01,9.999999999421074e-01,9.999999999001132e-01,9.999999998470217e-01,9.999999997921150e-01,9.999999996831550e-01,9.999999995639459e-01,9.999999994580506e-01,9.999999993865587e-01,9.999999992387687e-01,2.855309681041032e-02,5.148230136187718e-02,2.100478015621799e-01,2.050112332347470e-02,8.557697970437715e-02,1.481116377993068e-02,1.810803008869537e-01,1.355828512785909e-01,4.340057631817996e-02,2.289638049740259e-01,NaN,NaN,NaN,NaN,0,NaN,NaN,NaN,NaN,NaN,NaN,NaN,NaN,NaN,NaN,NaN,NaN,NaN,NaN,NaN,NaN,NaN,NaN,NaN,NaN,4.154526149160710e-09,8.509818409203344e-08,5.920798918829581e-11,3.716360552630249e-11,10,9.999999999628364e-01,9.999999999421074e-01,9.999999999001132e-01,9.999999998470217e-01,9.999999997921150e-01,9.999999996831550e-01,9.999999995639459e-01,9.999999994580506e-01,9.999999993865587e-01,9.999999992387687e-01,2.855309681041032e-02,5.148230136187718e-02,2.100478015621799e-01,2.050112332347470e-02,8.557697970437715e-02,1.481116377993068e-02,1.810803008869537e-01,1.355828512785909e-01,4.340057631817996e-02,2.289638049740259e-01,NaN,NaN,NaN,NaN,0,NaN,NaN,NaN,NaN,NaN,NaN,NaN,NaN,NaN,NaN,NaN,NaN,NaN,NaN,NaN,NaN,NaN,NaN,NaN,NaN,false
1,1.000000000000000e+18,0,5,CONTINUE,6.253713406442516e+00,2.374567568825803e+00,1.000000000000000e-09,1.000000000000000e-01,3.407425039940737e-13,1.313661168364616e-09,2.690804580990098e-08,7.250523512452608e-01,,,5.160462311576410e+00,8.834089544318056e+00,6.405177395218980e+00,3.094758138346185e+00,3.094758138346185e+00,REACHED_FORCE,REACHED_FORCE,,1,1,1,1,2,2,,,,5.349437931380533e+07,5.241510721090328e-02,5.349437948559640e+07,1.203923056570232e-01,,,2.222782174563987e-09,2.222782174563987e-09,,solution good enough for the tolerances given,solution good enough for the tolerances given,,2.222782174563987e-09,2.222782174563987e-09,,5.349437931380533e+07,3.618748615968619e-11,5.349437948559640e+07,3.618748615968619e-11,,,5.241510721090328e-02,8.058860430728512e-02,,4.152799710866852e-05,2.872135245235500e+00,7.083615610137737e-01,1.127775443194125e+00,3.094758138346185e+00,1.000000000000000e+00,1.313661168364616e-09,2.690804580990098e-08,5.920798918829581e-11,3.716360552630249e-11,10,9.999999999628364e-01,9.999999999421074e-01,9.999999999001132e-01,9.999999998470217e-01,9.999999997921150e-01,9.999999996831550e-01,9.999999995639459e-01,9.999999994580506e-01,9.999999993865587e-01,9.999999992387687e-01,2.855309681041032e-02,5.148230136187718e-02,2.100478015621799e-01,2.050112332347470e-02,8.557697970437715e-02,1.481116377993068e-02,1.810803008869537e-01,1.355828512785909e-01,4.340057631817996e-02,2.289638049740259e-01,NaN,NaN,NaN,NaN,0,NaN,NaN,NaN,NaN,NaN,NaN,NaN,NaN,NaN,NaN,NaN,NaN,NaN,NaN,NaN,NaN,NaN,NaN,NaN,NaN,1.313661168364616e-09,2.690804580990098e-08,5.920798918829581e-11,3.716360552630249e-11,10,9.999999999628364e-01,9.999999999421074e-01,9.999999999001132e-01,9.999999998470217e-01,9.999999997921150e-01,9.999999996831550e-01,9.999999995639459e-01,9.999999994580506e-01,9.999999993865587e-01,9.999999992387687e-01,2.855309681041032e-02,5.148230136187718e-02,2.100478015621799e-01,2.050112332347470e-02,8.557697970437715e-02,1.481116377993068e-02,1.810803008869537e-01,1.355828512785909e-01,4.340057631817996e-02,2.289638049740259e-01,NaN,NaN,NaN,NaN,0,NaN,NaN,NaN,NaN,NaN,NaN,NaN,NaN,NaN,NaN,NaN,NaN,NaN,NaN,NaN,NaN,NaN,NaN,NaN,NaN,false
2,1.000000000000000e+00,0,7,CONTINUE,2.021822551237532e+00,4.979501084332373e-01,1.000000000000000e-09,3.232995213939081e-02,1.009764737218626e-13,8.847469570601800e-01,2.555033691580976e+02,7.995209488803707e-01,,,4.243207100478839e+00,3.472324627210620e+00,7.257628612910964e+00,1.736172905938919e-02,1.827282986451375e+01,REACHED_FORCE,REACHED_FORCE,,4,0,0,3,0,0,,,,3.001053738780525e-04,NaN,4.725795526836349e-04,NaN,,,2.161274421303829e+00,6.693227712494192e-01,,solution good enough for the tolerances given,solution good enough for the tolerances given,,1.468897529257703e-02,3.284783926659293e-02,,1.141078471214486e-16,3.001053738780525e-04,1.244812877688530e-16,4.725795526836349e-04,,,3.001053738780525e-04,4.725795526836349e-04,,9.386762645151498e-01,4.399575475061129e+00,1.749597941520664e-01,2.788902108975135e-01,1.223891975615730e+00,9.200000000000000e-01,8.847469570601800e-01,2.555033691580976e+02,1.325291582335929e-01,3.898584269213412e-03,10,9.961014157307866e-01,9.690040149791689e-01,9.296649387464105e-01,8.852272795095899e-01,7.939899623922061e-01,7.124550954540774e-01,6.725272533404194e-01,5.860377747077000e-01,5.035585773875449e-01,4.694247966529175e-01,5.472549651770214e-02,1.796860799177028e-01,4.350374574192902e-01,9.998323164604665e-02,3.512433131423151e-02,6.725101242162192e-02,1.393925682372217e-02,1.681053417419424e-02,4.025198046432472e-02,5.719061930116327e-02,9.680083257808327e-01,1.899850253415406e+01,1.565283862151539e-01,5.000374394493634e-02,3,9.499962560550637e-01,7.796344793297485e-01,4.918720683748952e-01,NaN,NaN,NaN,NaN,NaN,NaN,NaN,6.891206241747071e-01,1.951071164339136e-01,1.157722593913788e-01,NaN,NaN,NaN,NaN,NaN,NaN,NaN,8.847368986071255e-01,4.946570625828245e+01,8.808701614142250e-02,1.981543654381890e-02,10,9.801845634561811e-01,9.525778871746799e-01,9.280669467577284e-01,8.611026138116789e-01,7.825132878718898e-01,7.066722603504303e-01,6.603204754544288e-01,5.842393616407539e-01,5.035585802413143e-01,4.694219650822199e-01,5.616428947282958e-03,4.040734383782050e-02,6.229531796592825e-02,7.134992711580787e-02,1.403616605820438e-01,8.704710093331691e-02,3.106115737326233e-02,7.321154099999658e-02,2.681713779730949e-02,4.618323844472312e-01,9.767026519510746e-01,5.939569740493322e+00,1.447653884770482e-01,1.441011528661302e-01,2,8.558988471338698e-01,4.941070175562495e-01,NaN,NaN,NaN,NaN,NaN,NaN,NaN,NaN,3.705815568126525e-01,6.294184431873477e-01,NaN,NaN,NaN,NaN,NaN,NaN,NaN,NaN,false
2,3.162000000000000e+00,0,5,CONTINUE,2.021822551237532e+00,4.956748489486154e-01,1.000000000000000e-09,3.232995213939081e-02,1.009764737218626e-13,8.847360757951159e-01,1.845803351794102e+02,8.010123315249973e-01,,,4.241168026578587e+00,3.463266775134036e+00,7.258239015799790e+00,1.736172905938919e-02,1.827282986451375e+01,REACHED_FORCE,REACHED_FORCE,,3,0,0,2,0,0,,,,8.900828509466654e-05,NaN,5.937382147589644e-04,NaN,,,7.736509763452828e-01,2.936013561567318e-01,,solution good enough for the tolerances given,solution good enough for the tolerances given,,5.144931293623757e-03,3.169138066158492e-02,,2.904563381273236e-16,8.900828509466654e-05,4.979251510754118e-16,5.937382147589644e-04,,,8.900828509466654e-05,5.937382147589644e-04,,6.103287657108567e-01,2.903739201084512e+00,1.749597941520664e-01,2.788902108975135e-01,1.223891975615730e+00,9.200000000000000e-01,8.847360757951159e-01,1.845803351794102e+02,2.299527598985132e-02,1.710445461708066e-03,10,9.982895545382919e-01,9.881604745542093e-01,9.747560870815700e-01,9.542047777383958e-01,9.174980278108951e-01,8.826930092562469e-01,8.411700376766547e-01,8.160804831941718e-01,7.622863062699249e-01,7.366713207916976e-01,5.310599305116879e-02,1.782935711303769e-01,3.721047837199482e-01,5.909243330558283e-02,3.827590180240218e-02,8.808797893661441e-02,5.966443374666838e-03,2.322164915184496e-02,7.195311812539533e-02,1.098981274019995e-01,1.018273167505733e+00,1.142737942885662e+01,6.061013918319796e-02,2.692995273264331e-02,2,9.730700472673567e-01,7.630208072683589e-01,NaN,NaN,NaN,NaN,NaN,NaN,NaN,NaN,7.518456476042261e-01,2.481543523957734e-01,NaN,NaN,NaN,NaN,NaN,NaN,NaN,NaN,8.847360673903715e-01,3.839795232322626e+01,5.644959563583946e-02,8.168978573300900e-03,10,9.918310214266991e-01,9.799032150286235e-01,9.559749389766992e-01,9.284753817244857e-01,9.114952451261384e-01,8.783506953685200e-01,8.503788689624294e-01,8.160869282697404e-01,7.622868011728140e-01,7.366713189488785e-01,6.401571891718719e-03,4.933497703862683e-02,4.084816481120452e-02,5.282163535118777e-02,6.898557743468474e-02,7.459119182741129e-02,1.387751424520224e-02,7.463562935796007e-02,3.276511354646477e-02,5.857386244955385e-01,1.267929165653996e+00,1.267929165653996e+00,9.656676691950435e-02,1.996329938338185e-01,1,8.003670061661815e-01,NaN,NaN,NaN,NaN,NaN,NaN,NaN,NaN,NaN,1.000000000000000e+00,NaN,NaN,NaN,NaN,NaN,NaN,NaN,NaN,NaN,false
2,1.000000000000000e+01,0,4,CONTINUE,2.021822551237532e+00,4.966409690611273e-01,1.000000000000000e-09,3.232995213939081e-02,1.009764737218626e-13,8.847360615835904e-01,1.580181291567077e+02,8.005302093522314e-01,,,4.241046723011862e+00,3.475587315509835e+00,7.255806253520565e+00,1.736172905938919e-02,1.827282986451375e+01,REACHED_FORCE,REACHED_FORCE,,2,0,0,2,0,0,,,,1.421149431069519e-04,NaN,7.448347511262627e-05,NaN,,,2.604781751776615e-01,1.091700663091453e-01,,solution good enough for the tolerances given,solution good enough for the tolerances given,,1.016825227085639e-02,3.864027615849926e-03,,9.681877937577453e-16,1.421149431069519e-04,1.341631657064304e-15,7.448347511262627e-05,,,1.421149431069519e-04,7.448347511262627e-05,,3.706489114077146e-01,2.882165881126470e+00,1.749597941520664e-01,2.788902108975135e-01,1.223891975615730e+00,9.200000000000000e-01,8.847360615835904e-01,1.580181291567077e+02,7.291938316379314e-03,6.324385478966299e-04,10,9.993675614521034e-01,9.958849374380163e-01,9.915815281398080e-01,9.841688554758516e-01,9.719595496057172e-01,9.596096972641154e-01,9.433893353144416e-01,9.334651377717104e-01,9.102454065698750e-01,8.984499462331192e-01,5.257320277515871e-02,1.778650852111243e-01,3.264734868852395e-01,4.688491670519386e-02,3.707345518388171e-02,9.119951545908102e-02,6.569820205838604e-03,2.669196212546369e-02,9.048972429398409e-02,1.441788311550342e-01,2.850717543852439e+00,2.850717543852439e+00,3.836968611906246e-02,3.389006182863596e-02,1,9.661099381713640e-01,NaN,NaN,NaN,NaN,NaN,NaN,NaN,NaN,NaN,1.000000000000000e+00,NaN,NaN,NaN,NaN,NaN,NaN,NaN,NaN,NaN,8.847360614652818e-01,3.625294012964471e+01,1.649143210900022e-02,2.750809140701471e-03,10,9.972491908592985e-01,9.933735911784546e-01,9.848372920202209e-01,9.735266032046876e-01,9.633715456052183e-01,9.560850058460246e-01,9.454791930692121e-01,9.334692874675371e-01,9.102454318223263e-01,8.984499462209188e-01,5.513815653025087e-03,3.758313978634693e-02,3.517973792690910e-02,7.820574035556643e-02,3.723453882221447e-02,4.844617660440835e-02,8.693990542061939e-03,7.171734817723828e-02,3.567456969515685e-02,6.417509424370720e-01,1.150366270850054e+00,1.150366270850054e+00,3.394971183592590e-02,7.997656553228649e-02,1,9.200234344677135e-01,NaN,NaN,NaN,NaN,NaN,NaN,NaN,NaN,NaN,1.000000000000000e+00,NaN,NaN,NaN,NaN,NaN,NaN,NaN,NaN,NaN,false
2,3.162000000000000e+01,0,4,CONTINUE,2.021822551237532e+00,4.957090428693479e-01,1.000000000000000e-09,3.232995213939081e-02,1.009764737218626e-13,8.847360612134727e-01,1.495905059735054e+02,8.008693763385157e-01,,,4.239952476253903e+00,3.473562885202856e+00,7.256738708678665e+00,1.736172905938919e-02,1.827282986451375e+01,REACHED_FORCE,REACHED_FORCE,,2,0,0,2,0,0,,,,1.585045634627842e-05,NaN,7.927153222615834e-06,NaN,,,8.442298813311269e-02,3.622085289227464e-02,,solution good enough for the tolerances given,solution good enough for the tolerances given,,1.121999809716967e-03,4.097014808371339e-04,,4.204701275747923e-15,1.585045634627842e-05,3.492391684626153e-15,7.927153222615834e-06,,,1.585045634627842e-05,7.927153222615834e-06,,2.150260259322266e-01,2.875311272562169e+00,1.749597941520664e-01,2.788902108975135e-01,1.223891975615730e+00,9.200000000000000e-01,8.847360612134727e-01,1.495905059735054e+02,2.383401801164696e-03,2.113694887543316e-04,10,9.997886305112457e-01,9.986519077451238e-01,9.972845229821221e-01,9.948328254527619e-01,9.909221694197202e-01,9.868595312826307e-01,9.813652360546744e-01,9.779547015059615e-01,9.697587297375654e-01,9.654879111682382e-01,5.224620241164374e-02,1.777469681306890e-01,3.080724527933362e-01,4.294762531170035e-02,3.634830726233899e-02,9.167619811118545e-02,6.757642581367980e-03,2.788415254209152e-02,9.779284140735474e-02,1.585276094482911e-01,2.601003576859757e+00,2.601003576859757e+00,1.321014841432532e-02,1.201291632122070e-02,1,9.879870836787793e-01,NaN,NaN,NaN,NaN,NaN,NaN,NaN,NaN,NaN,1.000000000000000e+00,NaN,NaN,NaN,NaN,NaN,NaN,NaN,NaN,NaN,8.847360611919945e-01,3.558053187200429e+01,4.740747496344675e-03,8.880549714908037e-04,10,9.991119450285092e-01,9.978782703944588e-01,9.951029750726070e-01,9.913971569708548e-01,9.876683591542185e-01,9.853715363881873e-01,9.818947235097569e-01,9.779556702693517e-01,9.697587335425443e-01,9.654879111674293e-01,5.256947887018523e-03,3.439886992785222e-02,3.283076710056364e-02,7.542196390448754e-02,4.224042097617773e-02,3.812514521980054e-02,7.308398799682777e-03,7.073648927041723e-02,3.502280191703423e-02,6.586581949969659e-01,1.120559042581430e+00,1.120559042581430e+00,1.115488766772568e-02,2.744833905625299e-02,1,9.725516609437470e-01,NaN,NaN,NaN,NaN,NaN,NaN,NaN,NaN,NaN,1.000000000000000e+00,NaN,NaN,NaN,NaN,NaN,NaN,NaN,NaN,NaN,false
2,1.000000000000000e+02,0,2,CONTINUE,2.021822551237532e+00,4.957110614765969e-01,1.000000000000000e-09,3.232995213939081e-02,1.009764737218626e-13,8.847360611617623e-01,1.469286150573136e+02,8.010169959656516e-01,,,4.248084356798874e+00,3.472189130273641e+00,7.257412039609410e+00,1.736172905938919e-02,1.827282986451375e+01,REACHED_FORCE,REACHED_FORCE,,1,0,0,1,0,0,,,,5.212607285136638e-04,NaN,1.814754361539604e-04,NaN,,,2.691898807695343e-02,1.187900272435720e-02,,solution good enough for the tolerances given,solution good enough for the tolerances given,,2.691898807695343e-02,1.187900272435720e-02,,7.358227232558865e-15,5.212607285136638e-04,1.487205607482880e-14,1.814754361539604e-04,,,5.212607285136638e-04,1.814754361539604e-04,,1.222268761663025e-01,2.873139884510419e+00,1.749597941520664e-01,2.788902108975135e-01,1.223891975615730e+00,9.200000000000000e-01,8.847360611617623e-01,1.469286150573136e+02,7.640463278807125e-04,6.805562987033387e-05,10,9.999319443701297e-01,9.995686809757046e-01,9.991356333118070e-01,9.983489839699060e-01,9.971080352040611e-01,9.958069574501227e-01,9.940308624843484e-01,9.929225610853254e-01,9.902357965367943e-01,9.888235196567180e-01,5.211676562459130e-02,1.777116589590355e-01,3.017829201556723e-01,4.168961535173039e-02,3.607505587279895e-02,9.174910311042979e-02,6.814951322666992e-03,2.826466978177068e-02,1.002731374974902e-01,1.635221223238143e-01,NaN,NaN,NaN,NaN,0,NaN,NaN,NaN,NaN,NaN,NaN,NaN,NaN,NaN,NaN,NaN,NaN,NaN,NaN,NaN,NaN,NaN,NaN,NaN,NaN,8.847360611476216e-01,3.541899285878276e+01,1.438702650653340e-03,2.822547070377990e-04,10,9.997177452929622e-01,9.993272392935023e-01,9.984402421445677e-01,9.972579655411327e-01,9.960305083178072e-01,9.952967442441850e-01,9.941783262983107e-01,9.929228303559300e-01,9.902357973848751e-01,9.888235196565414e-01,4.943628286431264e-03,3.202163694306250e-02,3.181304823739792e-02,7.216497087906623e-02,4.340572064492992e-02,3.467152997405003e-02,6.961769699496681e-03,6.987587335864645e-02,3.729039969997932e-02,6.668514222769394e-01,NaN,NaN,NaN,NaN,0,NaN,NaN,NaN,NaN,NaN,NaN,NaN,NaN,NaN,NaN,NaN,NaN,NaN,NaN,NaN,NaN,NaN,NaN,NaN,NaN,true
2,3.162000000000000e+02,0,2,CONTINUE,2.021822551237532e+00,4.956429835622071e-01,1.000000000000000e-09,3.232995213939081e-02,1.009764737218626e-13,8.847360611489986e-01,1.460872570909544e+02,8.009383392112364e-01,,,4.242419994084669e+00,3.472990584697847e+00,7.257017791622202e+00,1.736172905938919e-02,1.827282986451375e+01,REACHED_FORCE,REACHED_FORCE,,1,0,0,1,0,0,,,,1.651672333126897e-04,NaN,5.722850501220062e-05,NaN,,,8.536423137775851e-03,3.732404688371622e-03,,solution good enough for the tolerances given,solution good enough for the tolerances given,,8.536423137775851e-03,3.732404688371622e-03,,3.377592274794877e-14,1.651672333126897e-04,4.040109350809106e-14,5.722850501220062e-05,,,1.651672333126897e-04,5.722850501220062e-05,,6.897925371927498e-02,2.872453005837328e+00,1.749597941520664e-01,2.788902108975135e-01,1.223891975615730e+00,9.200000000000000e-01,8.847360611489986e-01,1.460872570909544e+02,2.427699112971063e-04,2.164793114001196e-05,10,9.999783520688600e-01,9.998630744711430e-01,9.997260506910046e-01,9.994761019308700e-01,9.990832255266026e-01,9.986700804170431e-01,9.981044205116869e-01,9.977508343696967e-01,9.968912619932870e-01,9.964381571432025e-01,5.207288383950841e-02,1.777008710660653e-01,2.997445662595120e-01,4.129038112425783e-02,3.598387557458235e-02,9.176324573531441e-02,6.832778081118888e-03,2.838504429789122e-02,1.010752430633021e-01,1.651511109584493e-01,NaN,NaN,NaN,NaN,0,NaN,NaN,NaN,NaN,NaN,NaN,NaN,NaN,NaN,NaN,NaN,NaN,NaN,NaN,NaN,NaN,NaN,NaN,NaN,NaN,8.847360611380944e-01,3.531162224087994e+01,4.513937450639844e-04,8.955329511328713e-05,10,9.999104467048867e-01,9.997867657807411e-01,9.995059873972674e-01,9.991305837299035e-01,9.987389961528100e-01,9.985045547459191e-01,9.981509536397334e-01,9.977509163981946e-01,9.968912622529693e-01,9.964381571431588e-01,5.055580822029007e-03,3.251221046334919e-02,3.162135178177796e-02,7.287493677029394e-02,4.372920243060043e-02,3.417827363372932e-02,6.807928490374373e-03,6.994744596973210e-02,3.578703113147160e-02,6.674860385066420e-01,NaN,NaN,NaN,NaN,0,NaN,NaN,NaN,NaN,NaN,NaN,NaN,NaN,NaN,NaN,NaN,NaN,NaN,NaN,NaN,NaN,NaN,NaN,NaN,NaN,false
2,1.000000000000000e+03,0,2,CONTINUE,2.021822551237532e+00,4.956120370591386e-01,1.000000000000000e-09,3.232995213939081e-02,1.009764737218626e-13,8.847360611448970e-01,1.458211703748513e+02,8.009186292753128e-01,,,4.240642983889611e+00,3.473210920131534e+00,7.256903634153901e+00,1.736172905938919e-02,1.827282986451375e+01,REACHED_FORCE,REACHED_FORCE,,1,0,0,1,0,0,,,,5.225771116779084e-05,NaN,1.807898576603026e-05,NaN,,,2.701554619745670e-03,1.177686296247119e-03,,solution good enough for the tolerances given,solution good enough for the tolerances given,,2.701554619745670e-03,1.177686296247119e-03,,1.119864785090544e-13,5.225771116779084e-05,1.291216735517919e-13,1.807898576603026e-05,,,5.225771116779084e-05,1.807898576603026e-05,,3.883195501070458e-02,2.872235724819264e+00,1.749597941520664e-01,2.788902108975135e-01,1.223891975615730e+00,9.200000000000000e-01,8.847360611448970e-01,1.458211703748513e+02,7.688057974821587e-05,6.857667784188060e-06,10,9.999931423322158e-01,9.999566518588618e-01,9.999133178604820e-01,9.998341665928322e-01,9.997098978070049e-01,9.995790933075365e-01,9.993998329984647e-01,9.992877181278310e-01,9.990149230096392e-01,9.988709954986958e-01,5.205869779878068e-02,1.776975056085108e-01,2.990948000916133e-01,4.116395502144567e-02,3.595454455887348e-02,9.176678920936833e-02,6.838384098381942e-03,2.842311281288478e-02,1.013307507530773e-01,1.656714600470646e-01,NaN,NaN,NaN,NaN,0,NaN,NaN,NaN,NaN,NaN,NaN,NaN,NaN,NaN,NaN,NaN,NaN,NaN,NaN,NaN,NaN,NaN,NaN,NaN,NaN,8.847360611356644e-01,3.527821813681002e+01,1.423749381697361e-04,2.834529938056107e-05,10,9.999716547006194e-01,9.999325284495106e-01,9.998437201225208e-01,9.997248680246907e-01,9.996007134960226e-01,9.995263382315397e-01,9.994145379982742e-01,9.992877437562652e-01,9.990149230909547e-01,9.988709954986841e-01,5.091920154011732e-03,3.267305289300915e-02,3.156228024250691e-02,7.310781719257128e-02,4.382682635817522e-02,3.403187894586733e-02,6.759306854203493e-03,6.997255273636178e-02,3.530382804248957e-02,6.676705365808032e-01,NaN,NaN,NaN,NaN,0,NaN,NaN,NaN,NaN,NaN,NaN,NaN,NaN,NaN,NaN,NaN,NaN,NaN,NaN,NaN,NaN,NaN,NaN,NaN,NaN,false
2,3.162000000000000e+03,0,2,CONTINUE,2.021822551237532e+00,4.956012957566276e-01,1.000000000000000e-09,3.232995213939081e-02,1.009764737218626e-13,8.847360611428663e-01,1.457370421833041e+02,8.009129234449761e-01,,,4.240082610705908e+00,3.473277194480135e+00,7.256868613232521e+00,1.736172905938919e-02,1.827282986451375e+01,REACHED_FORCE,REACHED_FORCE,,1,0,0,1,0,0,,,,1.652998179368209e-05,NaN,5.715904489747900e-06,NaN,,,8.546160799077056e-04,3.721978880929974e-04,,solution good enough for the tolerances given,solution good enough for the tolerances given,,8.546160799077056e-04,3.721978880929974e-04,,3.581741586735796e-13,1.652998179368209e-05,4.236305691587014e-13,5.715904489747900e-06,,,1.652998179368209e-05,5.715904489747900e-06,,2.184558650911418e-02,2.872167022720994e+00,1.749597941520664e-01,2.788902108975135e-01,1.223891975615730e+00,9.200000000000000e-01,8.847360611428663e-01,1.457370421833041e+02,2.432568137467843e-05,2.170037510351719e-06,10,9.999978299624896e-01,9.999862856681005e-01,9.999725803410372e-01,9.999475365427503e-01,9.999082317472326e-01,9.998668472749460e-01,9.998101152654089e-01,9.997746271327598e-01,9.996882539761832e-01,9.996426702371006e-01,5.205418147058867e-02,1.776964465357945e-01,2.988888503169671e-01,4.112396650784728e-02,3.594522115426702e-02,9.176781535969318e-02,6.840153254485915e-03,2.843514839598025e-02,1.014117182194791e-01,1.658364987848968e-01,NaN,NaN,NaN,NaN,0,NaN,NaN,NaN,NaN,NaN,NaN,NaN,NaN,NaN,NaN,NaN,NaN,NaN,NaN,NaN,NaN,NaN,NaN,NaN,NaN,8.847360611329668e-01,3.526771130371456e+01,4.499144757340334e-05,8.967202204335223e-06,10,9.999910327977957e-01,9.999786570634378e-01,9.999505683137411e-01,9.999129657594845e-01,9.998736679130902e-01,9.998501216430012e-01,9.998147649774959e-01,9.997746352071302e-01,9.996882540018216e-01,9.996426702370966e-01,5.103506049774483e-03,3.272449375404448e-02,3.154376369312401e-02,7.318231382294456e-02,4.385723552848374e-02,3.398654880419291e-02,6.743937978444635e-03,6.998074546280664e-02,3.515028184666514e-02,6.677271730595196e-01,NaN,NaN,NaN,NaN,0,NaN,NaN,NaN,NaN,NaN,NaN,NaN,NaN,NaN,NaN,NaN,NaN,NaN,NaN,NaN,NaN,NaN,NaN,NaN,NaN,false
2,1.000000000000000e+04,0,2,CONTINUE,2.021822551237532e+00,4.955978022969609e-01,1.000000000000000e-09,3.232995213939081e-02,1.009764737218626e-13,8.847360611469290e-01,1.457104342241817e+02,8.009111716934705e-01,,,4.239905523006477e+00,3.473297814364676e+00,7.256857644685963e+00,1.736172905938919e-02,1.827282986451375e+01,REACHED_FORCE,REACHED_FORCE,,1,0,0,1,0,0,,,,5.227099679860036e-06,NaN,1.807201243922781e-06,NaN,,,2.702530777169504e-04,1.176637166141714e-04,,solution good enough for the tolerances given,solution good enough for the tolerances given,,2.702530777169504e-04,1.176637166141714e-04,,1.322855729492502e-12,5.227099679860036e-06,1.099868249335897e-12,1.807201243922781e-06,,,5.227099679860036e-06,1.807201243922781e-06,,1.228552837322702e-02,2.872145293195383e+00,1.749597941520664e-01,2.788902108975135e-01,1.223891975615730e+00,9.200000000000000e-01,8.847360611469290e-01,1.457104342241817e+02,7.692960980680722e-06,6.862921787531562e-07,10,9.999993137078212e-01,9.999956630035337e-01,9.999913293080097e-01,9.999834092808922e-01,9.999709806947971e-01,9.999578932411863e-01,9.999399505823401e-01,9.999287261131458e-01,9.999014048895563e-01,9.998869847145805e-01,5.205274993136742e-02,1.776961120345580e-01,2.988236611431814e-01,4.111131731206021e-02,3.594226736245047e-02,9.176813042036978e-02,6.840712487817146e-03,2.843895496003763e-02,1.014373449851782e-01,1.658887493629791e-01,NaN,NaN,NaN,NaN,0,NaN,NaN,NaN,NaN,NaN,NaN,NaN,NaN,NaN,NaN,NaN,NaN,NaN,NaN,NaN,NaN,NaN,NaN,NaN,NaN,8.847360611260674e-01,3.526439363964246e+01,1.422275912187309e-05,2.835713480586755e-06,10,9.999971642865194e-01,9.999932508949970e-01,9.999843689696882e-01,9.999724775506175e-01,9.999600482474232e-01,9.999526004424736e-01,9.999414207404256e-01,9.999287286631899e-01,9.999014048976567e-01,9.998869847145778e-01,5.107180188425255e-03,3.274082279846244e-02,3.153792344352582e-02,7.320596335030978e-02,4.386680805752567e-02,3.397230718421348e-02,6.739077510215240e-03,6.998336238933320e-02,3.510164115533689e-02,6.677449139226522e-01,NaN,NaN,NaN,NaN,0,NaN,NaN,NaN,NaN,NaN,NaN,NaN,NaN,NaN,NaN,NaN,NaN,NaN,NaN,NaN,NaN,NaN,NaN,NaN,NaN,false
2,3.162000000000000e+04,0,2,CONTINUE,2.021822551237532e+00,4.955966881646431e-01,1.000000000000000e-09,3.232995213939081e-02,1.009764737218626e-13,8.847360611398081e-01,1.457020216565234e+02,8.009106231055769e-01,,,4.239849547253948e+00,3.473304299627667e+00,7.256854187478021e+00,1.736172905938919e-02,1.827282986451375e+01,REACHED_FORCE,REACHED_FORCE,,1,0,0,1,0,0,,,,1.653131152576147e-06,NaN,5.715206128550728e-07,NaN,,,8.547137941151011e-05,3.720927428363073e-05,,solution good enough for the tolerances given,solution good enough for the tolerances given,,8.547137941151011e-05,3.720927428363073e-05,,2.683705914262898e-12,1.653131152576147e-06,2.352627182560339e-12,5.715206128550728e-07,,,1.653131152576147e-06,5.715206128550728e-07,,6.909211171574168e-03,2.872138422843193e+00,1.749597941520664e-01,2.788902108975135e-01,1.223891975615730e+00,9.200000000000000e-01,8.847360611398081e-01,1.457020216565234e+02,2.433059631518478e-06,2.170563333514508e-07,10,9.999997829436666e-01,9.999986283483829e-01,9.999972577860773e-01,9.999947529158419e-01,9.999908222657543e-01,9.999866831177576e-01,9.999810082528017e-01,9.999774581400624e-01,9.999688166484589e-01,9.999642555284027e-01,5.205229708349999e-02,1.776960064899721e-01,2.988030447127258e-01,4.110731776947649e-02,3.594133293692475e-02,9.176822914226121e-02,6.840889246341056e-03,2.844015853681965e-02,1.014454492559837e-01,1.659052748259951e-01,NaN,NaN,NaN,NaN,0,NaN,NaN,NaN,NaN,NaN,NaN,NaN,NaN,NaN,NaN,NaN,NaN,NaN,NaN,NaN,NaN,NaN,NaN,NaN,NaN,8.847360611343119e-01,3.526334518451358e+01,4.497672821593235e-06,8.968384853647038e-07,10,9.999991031615146e-01,9.999978655113505e-01,9.999950565270473e-01,9.999912956508470e-01,9.999873644826938e-01,9.999850088255534e-01,9.999814731903968e-01,9.999774589462214e-01,9.999688166510209e-01,9.999642555284025e-01,5.108342841719174e-03,3.274599157759490e-02,3.153607852170152e-02,7.321344955904190e-02,4.386983010924152e-02,3.396781390057599e-02,6.737540796578489e-03,6.998419236494643e-02,3.508625453229538e-02,6.677505057963047e-01,NaN,NaN,NaN,NaN,0,NaN,NaN,NaN,NaN,NaN,NaN,NaN,NaN,NaN,NaN,NaN,NaN,NaN,NaN,NaN,NaN,NaN,NaN,NaN,NaN,false
2,1.000000000000000e+05,0,2,CONTINUE,2.021822551237532e+00,4.955963347957161e-01,1.000000000000000e-09,3.232995213939081e-02,1.009764737218626e-13,8.847360611102535e-01,1.456993589218596e+02,8.009104501447166e-01,,,4.239831844392759e+00,3.473306347237330e+00,7.256853095240212e+00,1.736172905938919e-02,1.827282986451375e+01,REACHED_FORCE,REACHED_FORCE,,1,0,0,1,0,0,,,,5.227232659202778e-07,NaN,1.807131391846647e-07,NaN,,,2.702628499877949e-05,1.176531971639975e-05,,solution good enough for the tolerances given,solution good enough for the tolerances given,,2.702628499877949e-05,1.176531971639975e-05,,1.179308057813720e-11,5.227232659202778e-07,1.314071499952280e-11,1.807131391846647e-07,,,5.227232659202778e-07,1.807131391846647e-07,,3.885208419986004e-03,2.872136249876393e+00,1.749597941520664e-01,2.788902108975135e-01,1.223891975615730e+00,9.200000000000000e-01,8.847360611102535e-01,1.456993589218596e+02,7.693452741635945e-07,6.863447710170334e-08,10,9.999999313655229e-01,9.999995662785095e-01,9.999991329059962e-01,9.999983408542433e-01,9.999970979785908e-01,9.999957891631573e-01,9.999939947308724e-01,9.999928721539955e-01,9.999901396139884e-01,9.999886973218197e-01,5.205215361883489e-02,1.776959730948020e-01,2.987965238727104e-01,4.110605280984835e-02,3.594103732533598e-02,9.176826025314820e-02,6.840945149310389e-03,2.844053917857683e-02,1.014480127648504e-01,1.659105019325830e-01,NaN,NaN,NaN,NaN,0,NaN,NaN,NaN,NaN,NaN,NaN,NaN,NaN,NaN,NaN,NaN,NaN,NaN,NaN,NaN,NaN,NaN,NaN,NaN,NaN,8.847360611623968e-01,3.526301377014534e+01,1.422128803834828e-06,2.835831681702317e-07,10,9.999997164168318e-01,9.999993250700046e-01,9.999984368665411e-01,9.999972476625771e-01,9.999960045939857e-01,9.999952597104292e-01,9.999941417433391e-01,9.999928724088729e-01,9.999901396147971e-01,9.999886973218204e-01,5.108710640592662e-03,3.274762698963633e-02,3.153549521143168e-02,7.321581815639029e-02,4.387078537318267e-02,3.396639358393522e-02,6.737054565319651e-03,6.998445561627470e-02,3.508138735147939e-02,6.677522725117575e-01,NaN,NaN,NaN,NaN,0,NaN,NaN,NaN,NaN,NaN,NaN,NaN,NaN,NaN,NaN,NaN,NaN,NaN,NaN,NaN,NaN,NaN,NaN,NaN,NaN,false
2,3.162000000000000e+05,0,2,CONTINUE,2.021822551237532e+00,4.955962228938170e-01,1.000000000000000e-09,3.232995213939081e-02,1.009764737218626e-13,8.847360609979001e-01,1.456985202420664e+02,8.009103955725290e-01,,,4.239826247229654e+00,3.473306994412175e+00,7.256852749965950e+00,1.736172905938919e-02,1.827282986451375e+01,REACHED_FORCE,REACHED_FORCE,,1,0,0,1,0,0,,,,1.653144453460589e-07,NaN,5.715136256028245e-08,NaN,,,8.547235688477156e-06,3.720822194828780e-06,,solution good enough for the tolerances given,solution good enough for the tolerances given,,8.547235688477156e-06,3.720822194828780e-06,,4.195037378440800e-11,1.653144453460589e-07,3.905542312480137e-11,5.715136256028245e-08,,,1.653144453460589e-07,5.715136256028245e-08,,2.184917004750457e-03,2.872135562839750e+00,1.749597941520664e-01,2.788902108975135e-01,1.223891975615730e+00,9.200000000000000e-01,8.847360609979001e-01,1.456985202420664e+02,2.433108833011265e-07,2.170615920338292e-08,10,9.999999782938408e-01,9.999998628326534e-01,9.999997257761261e-01,9.999994752841983e-01,9.999990822174843e-01,9.999986682956751e-01,9.999981007925360e-01,9.999977457682646e-01,9.999968815773275e-01,9.999964254378459e-01,5.205210656339595e-02,1.776959627983698e-01,2.987944629642411e-01,4.110565311917118e-02,3.594094409883283e-02,9.176827010200674e-02,6.840962817651037e-03,2.844065950635671e-02,1.014488235314052e-01,1.659121544985694e-01,NaN,NaN,NaN,NaN,0,NaN,NaN,NaN,NaN,NaN,NaN,NaN,NaN,NaN,NaN,NaN,NaN,NaN,NaN,NaN,NaN,NaN,NaN,NaN,NaN,8.847360612726912e-01,3.526290916641532e+01,4.497525741206830e-07,8.968502984707527e-08,10,9.999999103149702e-01,9.999997865491851e-01,9.999995056496611e-01,9.999991295558348e-01,9.999987364251920e-01,9.999985008491680e-01,9.999981472859641e-01,9.999977458488678e-01,9.999968815775842e-01,9.999964254378471e-01,5.108826851795886e-03,3.274814405703721e-02,3.153531077187564e-02,7.321656744441429e-02,4.387108727260612e-02,3.396594486511487e-02,6.736900866905467e-03,6.998453838832124e-02,3.507984859592140e-02,6.677528308860085e-01,NaN,NaN,NaN,NaN,0,NaN,NaN,NaN,NaN,NaN,NaN,NaN,NaN,NaN,NaN,NaN,NaN,NaN,NaN,NaN,NaN,NaN,NaN,NaN,NaN,false
2,1.000000000000000e+06,0,2,CONTINUE,2.021822551237532e+00,4.955961878734289e-01,1.000000000000000e-09,3.232995213939081e-02,1.009764737218626e-13,8.847360604984359e-01,1.456982486788141e+02,8.009103782968607e-01,,,4.239824474033106e+00,3.473307197693326e+00,7.256852641824580e+00,1.736172905938919e-02,1.827282986451375e+01,REACHED_FORCE,REACHED_FORCE,,1,0,0,1,0,0,,,,5.227245954584852e-08,NaN,1.807124404693217e-08,NaN,,,2.702638272857451e-06,1.176521447849372e-06,,solution good enough for the tolerances given,solution good enough for the tolerances given,,2.702638272857451e-06,1.176521447849372e-06,,9.968646863335980e-11,5.227245954584852e-08,1.415131910052507e-10,1.807124404693217e-08,,,5.227245954584852e-08,1.807124404693217e-08,,1.228616574304409e-03,2.872135345542928e+00,1.749597941520664e-01,2.788902108975135e-01,1.223891975615730e+00,9.200000000000000e-01,8.847360604984359e-01,1.456982486788141e+02,7.693501965072340e-08,6.863500434661773e-09,10,9.999999931364996e-01,9.999999566276327e-01,9.999999132903529e-01,9.999998340846850e-01,9.999997097969495e-01,9.999995789147066e-01,9.999993994698122e-01,9.999992872108263e-01,9.999990139526470e-01,9.999988697206835e-01,5.205209422733680e-02,1.776959569913093e-01,2.987938043469055e-01,4.110553384876911e-02,3.594091398760539e-02,9.176827272952992e-02,6.840966549781795e-03,2.844070086718868e-02,1.014490790134997e-01,1.659126774380738e-01,NaN,NaN,NaN,NaN,0,NaN,NaN,NaN,NaN,NaN,NaN,NaN,NaN,NaN,NaN,NaN,NaN,NaN,NaN,NaN,NaN,NaN,NaN,NaN,NaN,8.847360604984359e-01,3.526287479056954e+01,1.422114101814381e-07,2.835843582182918e-08,10,9.999999716415642e-01,9.999999325068056e-01,9.999998436863496e-01,9.999997247653326e-01,9.999996004570905e-01,9.999995259677046e-01,9.999994141710263e-01,9.999992872363124e-01,9.999990139527292e-01,9.999988697206835e-01,5.108864044075785e-03,3.274830764106920e-02,3.153525213778510e-02,7.321680449391016e-02,4.387118282533142e-02,3.396580280693629e-02,6.736851933918650e-03,6.998456520568404e-02,3.507936199399948e-02,6.677530069172902e-01,NaN,NaN,NaN,NaN,0,NaN,NaN,NaN,NaN,NaN,NaN,NaN,NaN,NaN,NaN,NaN,NaN,NaN,NaN,NaN,NaN,NaN,NaN,NaN,NaN,false
2,3.162000000000000e+06,0,2,CONTINUE,2.021822551237532e+00,4.955961764949464e-01,1.000000000000000e-09,3.232995213939081e-02,1.009764737218626e-13,8.847360579979984e-01,1.456981363220881e+02,8.009103728370052e-01,,,4.239823905815086e+00,3.473307258126710e+00,7.256852608609013e+00,1.736172905938919e-02,1.827282986451375e+01,REACHED_FORCE,REACHED_FORCE,,1,0,0,1,0,0,,,,1.653145779957896e-08,NaN,5.715129221082822e-09,NaN,,,8.547245456056819e-07,3.720811663516171e-07,,solution good enough for the tolerances given,solution good enough for the tolerances given,,8.547245456056819e-07,3.720811663516171e-07,,4.025223757394232e-10,1.653145779957896e-08,2.975646345965510e-10,5.715129221082822e-09,,,1.653145779957896e-08,5.715129221082822e-09,,6.909324546396738e-04,2.872135276839249e+00,1.749597941520664e-01,2.788902108975135e-01,1.223891975615730e+00,9.200000000000000e-01,8.847360579979984e-01,1.456981363220881e+02,2.433113806619209e-08,2.170621682395790e-09,10,9.999999978293783e-01,9.999999862832436e-01,9.999999725775888e-01,9.999999475283463e-01,9.999999082216581e-01,9.999998668294077e-01,9.999998100789261e-01,9.999997745763693e-01,9.999996881568564e-01,9.999996425426334e-01,5.205209948959408e-02,1.776959543416425e-01,2.987935446964091e-01,4.110554375499308e-02,3.594090527797950e-02,9.176826508728046e-02,6.840975600943801e-03,2.844071287479463e-02,1.014491590746394e-01,1.659128398017239e-01,NaN,NaN,NaN,NaN,0,NaN,NaN,NaN,NaN,NaN,NaN,NaN,NaN,NaN,NaN,NaN,NaN,NaN,NaN,NaN,NaN,NaN,NaN,NaN,NaN,8.847360618450490e-01,3.526286373319081e+01,4.497511155805730e-08,8.968515263774179e-09,10,9.999999910314847e-01,9.999999786548989e-01,9.999999505649357e-01,9.999999129554918e-01,9.999998736422888e-01,9.999998500845829e-01,9.999998147282655e-01,9.999997745844289e-01,9.999996881568830e-01,9.999996425426350e-01,5.108874616712736e-03,3.274835850261926e-02,3.153523558602454e-02,7.321688170979655e-02,4.387121210959484e-02,3.396575874873450e-02,6.736836591131451e-03,6.998457511335859e-02,3.507920977797840e-02,6.677530572440490e-01,NaN,NaN,NaN,NaN,0,NaN,NaN,NaN,NaN,NaN,NaN,NaN,NaN,NaN,NaN,NaN,NaN,NaN,NaN,NaN,NaN,NaN,NaN,NaN,NaN,false
2,1.000000000000000e+07,0,2,CONTINUE,2.021822551237532e+00,4.955961708938024e-01,1.000000000000000e-09,3.232995213939081e-02,1.009764737218626e-13,8.847360625225843e-01,1.456980516096293e+02,8.009103720360118e-01,,,4.239823711750429e+00,3.473307280214249e+00,7.256852605814237e+00,1.736172905938919e-02,1.827282986451375e+01,REACHED_FORCE,REACHED_FORCE,,1,0,0,1,0,0,,,,5.227247284585707e-09,NaN,1.807123691406706e-09,NaN,,,2.702639251706113e-07,1.176520387942168e-07,,solution good enough for the tolerances given,solution good enough for the tolerances given,,2.702639251706113e-07,1.176520387942168e-07,,1.080092709360803e-09,5.227247284585707e-09,1.314219273072116e-09,1.807123691406706e-09,,,5.227247284585707e-09,1.807123691406706e-09,,3.885228590273378e-04,2.872135255109565e+00,1.749597941520664e-01,2.788902108975135e-01,1.223891975615730e+00,9.200000000000000e-01,8.847360625225843e-01,1.456980516096293e+02,7.693508218250261e-09,6.863509760535180e-10,10,9.999999993136490e-01,9.999999956627617e-01,9.999999913290332e-01,9.999999834084613e-01,9.999999709796858e-01,9.999999578914540e-01,9.999999399469497e-01,9.999999287210374e-01,9.999999013951775e-01,9.999998869719536e-01,5.205211554984626e-02,1.776959897586418e-01,2.987934284835830e-01,4.110552755027876e-02,3.594090314890133e-02,9.176827042149265e-02,6.840975027165442e-03,2.844071806953156e-02,1.014491827961098e-01,1.659128891944500e-01,NaN,NaN,NaN,NaN,0,NaN,NaN,NaN,NaN,NaN,NaN,NaN,NaN,NaN,NaN,NaN,NaN,NaN,NaN,NaN,NaN,NaN,NaN,NaN,NaN,8.847360694748726e-01,3.526285940032922e+01,1.422113039370601e-08,2.835844892246087e-09,10,9.999999971641551e-01,9.999999932506789e-01,9.999999843686324e-01,9.999999724765241e-01,9.999999600456875e-01,9.999999525967388e-01,9.999999414170699e-01,9.999999287235853e-01,9.999999013951848e-01,9.999998869719545e-01,5.108879593373552e-03,3.274837560003809e-02,3.153522831061122e-02,7.321690582034054e-02,4.387121592947475e-02,3.396575284104953e-02,6.736832704894868e-03,6.998457960408037e-02,3.507917295157146e-02,6.677530566445657e-01,NaN,NaN,NaN,NaN,0,NaN,NaN,NaN,NaN,NaN,NaN,NaN,NaN,NaN,NaN,NaN,NaN,NaN,NaN,NaN,NaN,NaN,NaN,NaN,NaN,false
2,3.162000000000000e+07,0,2,CONTINUE,2.021822551237532e+00,4.955961668032961e-01,1.000000000000000e-09,3.232995213939081e-02,1.009764737218626e-13,8.847360392606660e-01,1.456985986398902e+02,8.009103794775322e-01,,,4.239823564390613e+00,3.473307150225813e+00,7.256852625115727e+00,1.736172905938919e-02,1.827282986451375e+01,REACHED_FORCE,REACHED_FORCE,,1,0,0,1,0,0,,,,2.622600940829295e-09,NaN,5.867619883431363e-09,NaN,,,8.547246332908148e-08,3.720810283154369e-08,,solution good enough for the tolerances given,solution good enough for the tolerances given,,8.547246332908148e-08,3.720810283154369e-08,,2.622600940829295e-09,1.653145867546605e-09,5.867619883431363e-09,5.715128125101030e-10,,,2.622600940829295e-09,5.867619883431363e-09,,2.184920601367074e-04,2.872135248239198e+00,1.749597941520664e-01,2.788902108975135e-01,1.223891975615730e+00,9.200000000000000e-01,8.847360392606660e-01,1.456985986398902e+02,2.433116910709155e-09,2.170614799013038e-10,10,9.999999997829385e-01,9.999999986283243e-01,9.999999972577587e-01,9.999999947528340e-01,9.999999908221651e-01,9.999999866829401e-01,9.999999810078891e-01,9.999999774576328e-01,9.999999688156773e-01,9.999999642542511e-01,5.205207238199186e-02,1.776958395163307e-01,2.987936056978107e-01,4.110554527957224e-02,3.594089097889912e-02,9.176826807294773e-02,6.840972301654675e-03,2.844072059461856e-02,1.014491649880323e-01,1.659129201881429e-01,NaN,NaN,NaN,NaN,0,NaN,NaN,NaN,NaN,NaN,NaN,NaN,NaN,NaN,NaN,NaN,NaN,NaN,NaN,NaN,NaN,NaN,NaN,NaN,NaN,8.847360392606660e-01,3.526287449437903e+01,4.497513589134509e-09,8.968512599238920e-10,10,9.999999991031487e-01,9.999999978654897e-01,9.999999950564935e-01,9.999999912955495e-01,9.999999873642271e-01,9.999999850084550e-01,9.999999814728232e-01,9.999999774584375e-01,9.999999688156802e-01,9.999999642542511e-01,5.108872910143523e-03,3.274841114919114e-02,3.153523703734037e-02,7.321690318211993e-02,4.387124089449821e-02,3.396574980581712e-02,6.736826267446506e-03,6.998457278056375e-02,3.507915635162662e-02,6.677530296212528e-01,NaN,NaN,NaN,NaN,0,NaN,NaN,NaN,NaN,NaN,NaN,NaN,NaN,NaN,NaN,NaN,NaN,NaN,NaN,NaN,NaN,NaN,NaN,NaN,NaN,false
2,1.000000000000000e+08,0,2,CONTINUE,2.021822551237532e+00,4.955962223107915e-01,1.000000000000000e-09,3.232995213939081e-02,1.009764737218626e-13,8.847360960352453e-01,1.456966376496690e+02,8.009103474975852e-01,,,4.239823498463329e+00,3.473307056299399e+00,7.256852584111724e+00,1.736172905938919e-02,1.827282986451375e+01,REACHED_FORCE,REACHED_FORCE,,1,0,0,1,0,0,,,,1.242082793504258e-08,NaN,1.110521819907046e-08,NaN,,,2.702639295266594e-08,1.176520216681847e-08,,solution good enough for the tolerances given,solution good enough for the tolerances given,,2.702639295266594e-08,1.176520216681847e-08,,1.242082793504258e-08,5.227247113900018e-10,1.110521819907046e-08,1.807123772257822e-10,,,1.242082793504258e-08,1.110521819907046e-08,,1.228617244501663e-04,2.872135246066229e+00,1.749597941520664e-01,2.788902108975135e-01,1.223891975615730e+00,9.200000000000000e-01,8.847360960352453e-01,1.456966376496690e+02,7.693551277818533e-10,6.863576373916658e-11,10,9.999999999313642e-01,9.999999995662758e-01,9.999999991329029e-01,9.999999983408459e-01,9.999999970979685e-01,9.999999957891454e-01,9.999999939946960e-01,9.999999928721026e-01,9.999999901395169e-01,9.999999886971946e-01,5.205209508292459e-02,1.776961397268741e-01,2.987930900782645e-01,4.110566563265938e-02,3.594084736370025e-02,9.176798209543105e-02,6.841164788308819e-03,2.844095003719600e-02,1.014473646527134e-01,1.659147005419281e-01,NaN,NaN,NaN,NaN,0,NaN,NaN,NaN,NaN,NaN,NaN,NaN,NaN,NaN,NaN,NaN,NaN,NaN,NaN,NaN,NaN,NaN,NaN,NaN,NaN,8.847360612738094e-01,3.526283187978677e+01,1.422116932155793e-09,2.835847112692136e-10,10,9.999999997164153e-01,9.999999993250683e-01,9.999999984368626e-01,9.999999972476532e-01,9.999999960045696e-01,9.999999952596730e-01,9.999999941417084e-01,9.999999928723577e-01,9.999999901395187e-01,9.999999886971942e-01,5.108884787119181e-03,3.274841532247156e-02,3.153523564449839e-02,7.321687265165358e-02,4.387121502504512e-02,3.396577055600501e-02,6.736806389136043e-03,6.998461345716213e-02,3.507907337528145e-02,6.677531127916280e-01,NaN,NaN,NaN,NaN,0,NaN,NaN,NaN,NaN,NaN,NaN,NaN,NaN,NaN,NaN,NaN,NaN,NaN,NaN,NaN,NaN,NaN,NaN,NaN,NaN,false
2,3.162000000000000e+08,0,2,CONTINUE,2.021822551237532e+00,4.955960915419404e-01,1.000000000000000e-09,3.232995213939081e-02,1.009764737218626e-13,8.847359660516944e-01,1.456953197866547e+02,8.009103962437222e-01,,,4.239822910979745e+00,3.473306817871832e+00,7.256852739041853e+00,1.736172905938919e-02,1.827282986451375e+01,REACHED_FORCE,REACHED_FORCE,,1,0,0,1,0,0,,,,3.625982462549853e-08,NaN,4.857480731449692e-08,NaN,,,8.547246082898826e-09,3.720809723246290e-09,,solution good enough for the tolerances given,solution good enough for the tolerances given,,8.547246082898826e-09,3.720809723246290e-09,,3.625982462549853e-08,1.653145741778202e-10,4.857480731449692e-08,5.715127316589872e-11,,,3.625982462549853e-08,4.857480731449692e-08,,6.909326149991524e-05,2.872135245379193e+00,1.749597941520664e-01,2.788902108975135e-01,1.223891975615730e+00,9.200000000000000e-01,8.847359660516944e-01,1.456953197866547e+02,2.433286960445942e-10,2.170663648826121e-11,10,9.999999999782934e-01,9.999999998628311e-01,9.999999997257749e-01,9.999999994752817e-01,9.999999990822157e-01,9.999999986682935e-01,9.999999981007888e-01,9.999999977457641e-01,9.999999968815678e-01,9.999999964254247e-01,5.205260321414223e-02,1.776960979813635e-01,2.987932126657242e-01,4.110528017000209e-02,3.594101821187566e-02,9.176788037715070e-02,6.841138935943709e-03,2.844097162265069e-02,1.014473089460706e-01,1.659144878750767e-01,NaN,NaN,NaN,NaN,0,NaN,NaN,NaN,NaN,NaN,NaN,NaN,NaN,NaN,NaN,NaN,NaN,NaN,NaN,NaN,NaN,NaN,NaN,NaN,NaN,8.847362957987083e-01,3.526260388041754e+01,4.497617973415344e-10,8.968581433066447e-11,10,9.999999999103142e-01,9.999999997865490e-01,9.999999995056497e-01,9.999999991295550e-01,9.999999987364230e-01,9.999999985008450e-01,9.999999981472825e-01,9.999999977458436e-01,9.999999968815680e-01,9.999999964254260e-01,5.108855893299977e-03,3.274842422731732e-02,3.153525199053445e-02,7.321853821375279e-02,4.386973862816176e-02,3.396586834977469e-02,6.736787775075029e-03,6.998462091489321e-02,3.507915534716401e-02,6.677527586600266e-01,NaN,NaN,NaN,NaN,0,NaN,NaN,NaN,NaN,NaN,NaN,NaN,NaN,NaN,NaN,NaN,NaN,NaN,NaN,NaN,NaN,NaN,NaN,NaN,NaN,false
2,1.000000000000000e+09,0,2,CONTINUE,2.021822551237532e+00,4.955970870642252e-01,1.000000000000000e-09,3.232995213939081e-02,1.009764737218626e-13,8.847366264571100e-01,1.456815561667717e+02,8.009098656594245e-01,,,4.239821482626195e+00,3.473305270556630e+00,7.256853448553538e+00,1.736172905938919e-02,1.827282986451375e+01,REACHED_FORCE,REACHED_FORCE,,1,0,0,1,0,0,,,,7.652177906353591e-08,NaN,9.814521734477893e-08,NaN,,,2.702638658343069e-09,1.176518941347675e-09,,solution good enough for the tolerances given,solution good enough for the tolerances given,,2.702638658343069e-09,1.176518941347675e-09,,7.652177906353591e-08,5.227242936592367e-11,9.814521734477893e-08,1.807123053581236e-11,,,7.652177906353591e-08,9.814521734477893e-08,,3.885230172245066e-05,2.872135245161895e+00,1.749597941520664e-01,2.788902108975135e-01,1.223891975615730e+00,9.200000000000000e-01,8.847366264571100e-01,1.456815561667717e+02,7.693699185796357e-11,6.864286916652418e-12,10,9.999999999931357e-01,9.999999999566265e-01,9.999999999132896e-01,9.999999998340834e-01,9.999999997097972e-01,9.999999995789142e-01,9.999999993994704e-01,9.999999992872108e-01,9.999999990139519e-01,9.999999988697201e-01,5.205290034981569e-02,1.776915390718037e-01,2.987984359056707e-01,4.110489763895285e-02,3.594057351487764e-02,9.176795878568561e-02,6.841155519811095e-03,2.844107875880978e-02,1.014458370538572e-01,1.659156234007158e-01,NaN,NaN,NaN,NaN,0,NaN,NaN,NaN,NaN,NaN,NaN,NaN,NaN,NaN,NaN,NaN,NaN,NaN,NaN,NaN,NaN,NaN,NaN,NaN,NaN,8.847362788424652e-01,3.526316321814978e+01,1.422171244056620e-10,2.835820467339545e-11,10,9.999999999716418e-01,9.999999999325055e-01,9.999999998436857e-01,9.999999997247651e-01,9.999999996004576e-01,9.999999995259670e-01,9.999999994141711e-01,9.999999992872368e-01,9.999999990139512e-01,9.999999988697197e-01,5.108791212305793e-03,3.275462373519763e-02,3.152944717847371e-02,7.321816184930187e-02,4.386972575254575e-02,3.396647013643339e-02,6.736627156121712e-03,6.998484722955016e-02,3.507889740725306e-02,6.677524083428171e-01,NaN,NaN,NaN,NaN,0,NaN,NaN,NaN,NaN,NaN,NaN,NaN,NaN,NaN,NaN,NaN,NaN,NaN,NaN,NaN,NaN,NaN,NaN,NaN,NaN,false
2,3.162000000000000e+09,0,2,CONTINUE,2.021822551237532e+00,4.955989626881716e-01,1.000000000000000e-09,3.232995213939081e-02,1.009764737218626e-13,8.847368482239107e-01,1.456625390875642e+02,8.009090997699798e-01,,,4.239819783841480e+00,3.473306379857069e+00,7.256851522791833e+00,1.736172905938919e-02,1.827282986451375e+01,REACHED_FORCE,REACHED_FORCE,,1,0,0,1,0,0,,,,2.514920902705732e-07,NaN,3.549320620951830e-07,NaN,,,8.547252970062188e-10,3.720792349466727e-10,,solution good enough for the tolerances given,solution good enough for the tolerances given,,8.547252970062188e-10,3.720792349466727e-10,,2.514920902705732e-07,1.653146595206647e-11,3.549320620951830e-07,5.715086891031956e-12,,,2.514920902705732e-07,3.549320620951830e-07,,2.184921889050756e-05,2.872135245093192e+00,1.749597941520664e-01,2.788902108975135e-01,1.223891975615730e+00,9.200000000000000e-01,8.847368482239107e-01,1.456625390875642e+02,2.438775859944371e-11,2.171152146956956e-12,10,9.999999999978288e-01,9.999999999862819e-01,9.999999999725764e-01,9.999999999475253e-01,9.999999999082212e-01,9.999999998668292e-01,9.999999998100786e-01,9.999999997745761e-01,9.999999996881577e-01,9.999999996425428e-01,5.206107114364667e-02,1.777276622612456e-01,2.987681978583108e-01,4.109692944838908e-02,3.593850834845220e-02,9.176591285553867e-02,6.840126040415418e-03,2.844179235476482e-02,1.014459186155300e-01,1.659138810737069e-01,NaN,NaN,NaN,NaN,0,NaN,NaN,NaN,NaN,NaN,NaN,NaN,NaN,NaN,NaN,NaN,NaN,NaN,NaN,NaN,NaN,NaN,NaN,NaN,NaN,8.847351994892511e-01,3.526077060848466e+01,4.501158113788885e-11,8.969047726736790e-12,10,9.999999999910310e-01,9.999999999786546e-01,9.999999999505635e-01,9.999999999129545e-01,9.999999998736384e-01,9.999999998500797e-01,9.999999998147249e-01,9.999999997745852e-01,9.999999996881568e-01,9.999999996425422e-01,5.109966480553887e-03,3.275097816304527e-02,3.155102949722851e-02,7.319941283050514e-02,4.387969168730199e-02,3.395529798327428e-02,6.734450976295851e-03,6.998038219666772e-02,3.505853475572803e-02,6.677802554293993e-01,NaN,NaN,NaN,NaN,0,NaN,NaN,NaN,NaN,NaN,NaN,NaN,NaN,NaN,NaN,NaN,NaN,NaN,NaN,NaN,NaN,NaN,NaN,NaN,NaN,false
2,1.000000000000000e+10,0,2,CONTINUE,2.021822551237532e+00,4.956001261628737e-01,1.000000000000000e-09,3.232995213939081e-02,1.009764737218626e-13,8.847380178184209e-01,-9.999999999993128e-01,8.009052257886491e-01,,,4.239815681627057e+00,3.473304164854685e+00,7.256861631376092e+00,1.736172905938919e-02,1.827282986451375e+01,REACHED_FORCE,REACHED_FORCE,,1,0,0,1,0,0,,,,9.098633249901251e-07,NaN,9.678893605826259e-07,NaN,,,2.702635744492101e-10,1.176515982837556e-10,,solution good enough for the tolerances given,solution good enough for the tolerances given,,2.702635744492101e-10,1.176515982837556e-10,,9.098633249901251e-07,5.227226766369200e-12,9.678893605826259e-07,1.807085323060515e-12,,,9.098633249901251e-07,9.678893605826259e-07,,1.228620174292352e-05,2.872135245071462e+00,1.749597941520664e-01,2.788902108975135e-01,1.223891975615730e+00,9.200000000000000e-01,8.847380178184209e-01,-9.999999999993128e-01,7.782315779975324e-12,6.872280522429719e-13,10,9.999999999993128e-01,9.999999999956604e-01,9.999999999913263e-01,9.999999999834026e-01,9.999999999709774e-01,9.999999999578917e-01,9.999999999399467e-01,9.999999999287215e-01,9.999999999013955e-01,9.999999998869722e-01,5.212788821713069e-02,1.784107590357693e-01,2.980581266350873e-01,4.107333268588759e-02,3.593380289598339e-02,9.176731761773184e-02,6.839214548146957e-03,2.843942489765272e-02,1.014515903030013e-01,1.658985431636094e-01,NaN,NaN,NaN,NaN,0,NaN,NaN,NaN,NaN,NaN,NaN,NaN,NaN,NaN,NaN,NaN,NaN,NaN,NaN,NaN,NaN,NaN,NaN,NaN,NaN,8.847414939908190e-01,3.520362407064569e+01,1.487928955027869e-11,2.840616630805926e-12,10,9.999999999971594e-01,9.999999999932447e-01,9.999999999843558e-01,9.999999999724616e-01,9.999999999599603e-01,9.999999999524936e-01,9.999999999413427e-01,9.999999999287235e-01,9.999999999013962e-01,9.999999998869726e-01,5.128715177269027e-03,3.281150054584339e-02,3.151046637330863e-02,7.328811349601594e-02,4.446457686173386e-02,3.335180545828888e-02,6.630115356761320e-03,6.997939241187720e-02,3.506473991081145e-02,6.677705744080901e-01,NaN,NaN,NaN,NaN,0,NaN,NaN,NaN,NaN,NaN,NaN,NaN,NaN,NaN,NaN,NaN,NaN,NaN,NaN,NaN,NaN,NaN,NaN,NaN,NaN,false
2,3.162000000000000e+10,0,2,CONTINUE,2.021822551237532e+00,4.955723729527640e-01,1.000000000000000e-09,3.232995213939081e-02,1.009764737218626e-13,8.847390468309790e-01,-9.999999999997815e-01,8.009217206504927e-01,,,4.239727986387546e+00,3.473274168353022e+00,7.256895054444671e+00,1.736172905938919e-02,1.827282986451375e+01,REACHED_FORCE,REACHED_FORCE,,1,0,0,1,0,0,,,,3.427901730607545e-06,NaN,4.376877293683453e-06,NaN,,,8.547224972167948e-11,3.720789898687212e-11,,solution good enough for the tolerances given,solution good enough for the tolerances given,,8.547224972167948e-11,3.720789898687212e-11,,3.427901730607545e-06,1.653153781972499e-12,4.376877293683453e-06,5.715006039916122e-13,,,3.427901730607545e-06,4.376877293683453e-06,,6.909344212370119e-06,2.872135245064592e+00,1.749597941520664e-01,2.788902108975135e-01,1.223891975615730e+00,9.200000000000000e-01,8.847390468309790e-01,-9.999999999997815e-01,2.513547075354287e-12,2.184918912462308e-13,10,9.999999999997815e-01,9.999999999986260e-01,9.999999999972555e-01,9.999999999947466e-01,9.999999999908209e-01,9.999999999866822e-01,9.999999999810074e-01,9.999999999774580e-01,9.999999999688158e-01,9.999999999642544e-01,5.223687127733765e-02,1.790193914172571e-01,2.975442636210467e-01,4.101808272352631e-02,3.604220791857501e-02,9.153447309092748e-02,6.831971752159867e-03,2.844160038337495e-02,1.014263993978114e-01,1.659047384179833e-01,NaN,NaN,NaN,NaN,0,NaN,NaN,NaN,NaN,NaN,NaN,NaN,NaN,NaN,NaN,NaN,NaN,NaN,NaN,NaN,NaN,NaN,NaN,NaN,NaN,8.847445426848696e-01,-9.999999999990992e-01,5.123003006397353e-12,9.008349621808520e-13,10,9.999999999990992e-01,9.999999999978615e-01,9.999999999950462e-01,9.999999999912830e-01,9.999999999872828e-01,9.999999999849045e-01,9.999999999813951e-01,9.999999999774585e-01,9.999999999688161e-01,9.999999999642546e-01,5.174069339518479e-03,3.287459615527310e-02,3.153429269005989e-02,7.345654527264664e-02,4.567891876953829e-02,3.202827940884704e-02,6.477174201750359e-03,6.995647695722945e-02,3.506355906044017e-02,6.677560881446961e-01,NaN,NaN,NaN,NaN,0,NaN,NaN,NaN,NaN,NaN,NaN,NaN,NaN,NaN,NaN,NaN,NaN,NaN,NaN,NaN,NaN,NaN,NaN,NaN,NaN,false
2,1.000000000000000e+11,0,2,CONTINUE,2.021822551237532e+00,4.956371102212116e-01,1.000000000000000e-09,3.232995213939081e-02,1.009764737218626e-13,8.847414940808190e-01,-9.999999999999147e-01,8.008890684951653e-01,,,4.239705249865621e+00,3.473413900070755e+00,7.256814627585592e+00,1.736172905938919e-02,1.827282986451375e+01,REACHED_FORCE,REACHED_FORCE,,1,0,0,1,0,0,,,,9.242774919950557e-06,NaN,1.482938328382166e-05,NaN,,,2.702574022355866e-11,1.176723406388006e-11,,solution good enough for the tolerances given,solution good enough for the tolerances given,,2.702574022355866e-11,1.176723406388006e-11,,9.242774919950557e-06,5.227114473152766e-13,1.482938328382166e-05,1.807471611725048e-13,,,9.242774919950557e-06,1.482938328382166e-05,,3.885308949535957e-06,2.872135245062418e+00,1.749597941520664e-01,2.788902108975135e-01,1.223891975615730e+00,9.200000000000000e-01,8.847414940808190e-01,-9.999999999999147e-01,2.495015632064371e-12,8.526512829121202e-14,10,9.999999999999147e-01,9.999999999994982e-01,9.999999999990554e-01,9.999999999980484e-01,9.999999999969640e-01,9.999999999957747e-01,9.999999999939615e-01,9.999999999928715e-01,9.999999999901403e-01,9.999999999886973e-01,6.208843906157869e-02,2.273945151168044e-01,2.548547700380026e-01,3.132447682831629e-02,3.237156181076196e-02,8.954780097162267e-02,6.734113845586300e-03,2.836306264476044e-02,1.013991398508911e-01,1.659221198316760e-01,NaN,NaN,NaN,NaN,0,NaN,NaN,NaN,NaN,NaN,NaN,NaN,NaN,NaN,NaN,NaN,NaN,NaN,NaN,NaN,NaN,NaN,NaN,NaN,NaN,8.847936399449108e-01,-9.999999999997129e-01,2.179972174952272e-12,2.871036741680655e-13,10,9.999999999997129e-01,9.999999999993199e-01,9.999999999984228e-01,9.999999999972307e-01,9.999999999959035e-01,9.999999999950986e-01,9.999999999940028e-01,9.999999999928713e-01,9.999999999901397e-01,9.999999999886979e-01,5.329526735849754e-03,3.288292020201325e-02,3.185683542946621e-02,7.412593036913938e-02,5.156171553779938e-02,2.638850591677041e-02,5.151981276663252e-03,6.979470484203187e-02,3.503640707997022e-02,6.678714726102961e-01,NaN,NaN,NaN,NaN,0,NaN,NaN,NaN,NaN,NaN,NaN,NaN,NaN,NaN,NaN,NaN,NaN,NaN,NaN,NaN,NaN,NaN,NaN,NaN,NaN,false
2,3.162000000000000e+11,0,2,CONTINUE,2.021822551237532e+00,4.950674087308308e-01,1.000000000000000e-09,3.232995213939081e-02,1.009764737218626e-13,8.848159950277720e-01,-9.999999999999762e-01,8.012713021134713e-01,,,4.238240214577274e+00,3.472482730749416e+00,7.257520090163356e+00,1.736172905938919e-02,1.827282986451375e+01,REACHED_FORCE,REACHED_FORCE,,1,0,0,1,0,0,,,,3.256476661721664e-05,NaN,4.989114328121751e-05,NaN,,,8.546618356914414e-12,3.720329175174989e-12,,solution good enough for the tolerances given,solution good enough for the tolerances given,,8.546618356914414e-12,3.720329175174989e-12,,3.256476661721664e-05,1.652911228625001e-13,4.989114328121751e-05,5.708987123515249e-14,,,3.256476661721664e-05,4.989114328121751e-05,,2.185175668487482e-06,2.872135245061732e+00,1.749597941520664e-01,2.788902108975135e-01,1.223891975615730e+00,9.200000000000000e-01,8.848159950277720e-01,-9.999999999999762e-01,4.152530036456537e-13,2.375877272697835e-14,10,9.999999999999762e-01,9.999999999998574e-01,9.999999999997198e-01,9.999999999994582e-01,9.999999999990756e-01,9.999999999986668e-01,9.999999999980989e-01,9.999999999977465e-01,9.999999999968809e-01,9.999999999964257e-01,5.417668805719605e-02,1.893751012598011e-01,2.891591804228158e-01,3.813642954293343e-02,3.567214602902694e-02,9.040105643676545e-02,6.684040320712445e-03,2.803311506749812e-02,1.030130908291570e-01,1.653491520340932e-01,NaN,NaN,NaN,NaN,0,NaN,NaN,NaN,NaN,NaN,NaN,NaN,NaN,NaN,NaN,NaN,NaN,NaN,NaN,NaN,NaN,NaN,NaN,NaN,NaN,8.848159950277720e-01,-9.999999999999032e-01,1.122592401707894e-12,9.681144774731365e-14,10,9.999999999999032e-01,9.999999999997788e-01,9.999999999994875e-01,9.999999999991107e-01,9.999999999986546e-01,9.999999999983071e-01,9.999999999977476e-01,9.999999999974445e-01,9.999999999968812e-01,9.999999999964257e-01,6.220650927918901e-03,3.306099055322605e-02,3.267698890590013e-02,7.592072912154485e-02,6.249091985119937e-02,1.759807927254608e-02,6.943920244025779e-02,9.794669104739318e-05,3.509279277581615e-02,6.674016994605432e-01,NaN,NaN,NaN,NaN,0,NaN,NaN,NaN,NaN,NaN,NaN,NaN,NaN,NaN,NaN,NaN,NaN,NaN,NaN,NaN,NaN,NaN,NaN,NaN,NaN,false
2,1.000000000000000e+12,0,2,CONTINUE,2.021822551237532e+00,4.953623411701782e-01,1.000000000000000e-09,3.232995213939081e-02,1.009764737218626e-13,8.849675039035974e-01,-9.999999999999898e-01,8.010153315255790e-01,,,4.237628760432539e+00,3.473019858807255e+00,7.258133744977372e+00,1.736172905938919e-02,1.827282986451375e+01,REACHED_FORCE,REACHED_FORCE,,1,0,0,1,0,0,,,,9.003996563034663e-05,NaN,1.193865670271828e-04,NaN,,,2.702397669849136e-12,1.176747261498061e-12,,solution good enough for the tolerances given,solution good enough for the tolerances given,,2.702397669849136e-12,1.176747261498061e-12,,9.003996563034663e-05,5.224778774250934e-14,1.193865670271828e-04,1.802979883067680e-14,,,9.003996563034663e-05,1.193865670271828e-04,,1.228566961618972e-06,2.872135245061514e+00,1.749597941520664e-01,2.788902108975135e-01,1.223891975615730e+00,9.200000000000000e-01,8.849675039035974e-01,-9.999999999999898e-01,4.429727870769193e-13,1.021405182655144e-14,10,9.999999999999898e-01,9.999999999999443e-01,9.999999999998954e-01,9.999999999997533e-01,9.999999999996034e-01,9.999999999995448e-01,9.999999999993658e-01,9.999999999992868e-01,9.999999999990132e-01,9.999999999988700e-01,9.631091455918081e-02,2.686931780119289e-01,1.891400912097219e-01,3.919255306763772e-02,8.413025112046342e-02,2.371075817508490e-02,6.210624756053235e-03,2.413222614694066e-02,8.770975864595444e-02,1.807696443070355e-01,NaN,NaN,NaN,NaN,0,NaN,NaN,NaN,NaN,NaN,NaN,NaN,NaN,NaN,NaN,NaN,NaN,NaN,NaN,NaN,NaN,NaN,NaN,NaN,NaN,8.840988667776604e-01,-9.999999999999691e-01,1.342328695581199e-13,3.086420008457935e-14,10,9.999999999999691e-01,9.999999999999296e-01,9.999999999998359e-01,9.999999999997173e-01,9.999999999995732e-01,9.999999999994580e-01,9.999999999992892e-01,9.999999999990146e-01,9.999999999988765e-01,9.999999999988689e-01,6.532358561212901e-03,3.312872191450495e-02,3.236863335911947e-02,6.694575887155658e-02,7.639727824829616e-02,1.418244997570100e-02,6.751012192351852e-02,3.480790965219388e-02,2.177012269222667e-03,6.659497552246738e-01,NaN,NaN,NaN,NaN,0,NaN,NaN,NaN,NaN,NaN,NaN,NaN,NaN,NaN,NaN,NaN,NaN,NaN,NaN,NaN,NaN,NaN,NaN,NaN,NaN,false
2,3.162000000000000e+12,0,2,CONTINUE,2.021822551237532e+00,4.947231309571536e-01,1.000000000000000e-09,3.232995213939081e-02,1.009764737218626e-13,8.868544876717233e-01,-9.999999999999927e-01,8.009996447507229e-01,,,4.230221766347539e+00,3.467942395325810e+00,7.259554138998467e+00,1.736172905938919e-02,1.827282986451375e+01,REACHED_FORCE,REACHED_FORCE,,1,0,0,1,0,0,,,,3.019878879390825e-04,NaN,4.274235857567602e-04,NaN,,,8.541974905793394e-13,3.700518072368528e-13,,solution good enough for the tolerances given,solution good enough for the tolerances given,,8.541974905793394e-13,3.700518072368528e-13,,3.019878879390825e-04,1.650261108717154e-14,4.274235857567602e-04,5.623644279025250e-15,,,3.019878879390825e-04,4.274235857567602e-04,,6.913479200882867e-07,2.872135245061446e+00,1.749597941520664e-01,2.788902108975135e-01,1.223891975615730e+00,9.200000000000000e-01,8.868544876717233e-01,-9.999999999999927e-01,6.439079287826967e-14,7.327471962526033e-15,10,9.999999999999927e-01,9.999999999999873e-01,9.999999999999722e-01,9.999999999999425e-01,9.999999999999056e-01,9.999999999998661e-01,9.999999999998097e-01,9.999999999997755e-01,9.999999999996887e-01,9.999999999996434e-01,1.682677258354549e-01,1.837281429000682e-33,3.866646634194986e-01,1.670653225543484e-02,3.440206731461437e-02,7.484504112641896e-02,2.040317314252412e-02,2.336081061901489e-02,1.070828141371319e-01,1.682671721499073e-01,NaN,NaN,NaN,NaN,0,NaN,NaN,NaN,NaN,NaN,NaN,NaN,NaN,NaN,NaN,NaN,NaN,NaN,NaN,NaN,NaN,NaN,NaN,NaN,NaN,8.857514348263600e-01,-9.999999999999840e-01,1.127036038596713e-13,1.598721155460225e-14,10,9.999999999999840e-01,9.999999999999811e-01,9.999999999999503e-01,9.999999999999092e-01,9.999999999998659e-01,9.999999999998312e-01,9.999999999997755e-01,9.999999999997360e-01,9.999999999996885e-01,9.999999999996430e-01,8.155831446676829e-34,3.292224720114367e-02,3.545400650528634e-02,6.366703896162196e-02,8.328660067514708e-02,8.828321910093501e-03,9.302021381416592e-02,3.263271197465648e-05,5.060287623749715e-02,6.321860619830700e-01,NaN,NaN,NaN,NaN,0,NaN,NaN,NaN,NaN,NaN,NaN,NaN,NaN,NaN,NaN,NaN,NaN,NaN,NaN,NaN,NaN,NaN,NaN,NaN,NaN,false
2,1.000000000000000e+13,0,2,CONTINUE,2.021822551237532e+00,4.846558099817325e-01,1.000000000000000e-09,3.232995213939081e-02,1.009764737218626e-13,8.953478384433385e-01,-9.999999999999929e-01,8.101180833609856e-01,,,4.195886703443177e+00,3.454848441159838e+00,7.282331845086131e+00,1.736172905938919e-02,1.827282986451375e+01,REACHED_FORCE,REACHED_FORCE,,1,0,0,1,0,0,,,,1.080318445423755e-03,NaN,1.635382708775856e-03,NaN,,,2.697555536145127e-13,1.164568592002733e-13,,solution good enough for the tolerances given,solution good enough for the tolerances given,,2.697555536145127e-13,1.164568592002733e-13,,1.080318445423755e-03,5.205913513889987e-15,1.635382708775856e-03,1.823641834891574e-15,,,1.080318445423755e-03,1.635382708775856e-03,,3.897692071743741e-07,2.872135245061424e+00,1.749597941520664e-01,2.788902108975135e-01,1.223891975615730e+00,9.200000000000000e-01,8.953478384433385e-01,-9.999999999999929e-01,2.308229217588359e-14,7.105427357601002e-15,10,9.999999999999929e-01,9.999999999999925e-01,9.999999999999918e-01,9.999999999999734e-01,9.999999999999625e-01,9.999999999999440e-01,9.999999999999289e-01,9.999999999999019e-01,9.999999999998908e-01,9.999999999998883e-01,4.279134221822535e-07,9.984704902385608e-03,6.755673098877081e-01,1.822463574118347e-02,2.065984295996697e-02,9.696328792627766e-03,1.887207045434842e-02,9.704462402057441e-02,9.177322135595448e-05,1.498582821064274e-01,NaN,NaN,NaN,NaN,0,NaN,NaN,NaN,NaN,NaN,NaN,NaN,NaN,NaN,NaN,NaN,NaN,NaN,NaN,NaN,NaN,NaN,NaN,NaN,NaN,8.900394520494052e-01,-9.999999999999880e-01,1.285058621573493e-14,1.199040866595169e-14,10,9.999999999999880e-01,9.999999999999847e-01,9.999999999999842e-01,9.999999999999831e-01,9.999999999999558e-01,9.999999999999520e-01,9.999999999999289e-01,9.999999999999019e-01,9.999999999998876e-01,9.999999999998876e-01,1.981069592095090e-166,6.795875794908237e-60,1.662527426554580e-04,1.101087820991746e-01,3.581457506278557e-02,7.302931580138984e-02,1.551838201797759e-01,3.309856457138613e-02,2.677628404843009e-03,5.899210611379899e-01,NaN,NaN,NaN,NaN,0,NaN,NaN,NaN,NaN,NaN,NaN,NaN,NaN,NaN,NaN,NaN,NaN,NaN,NaN,NaN,NaN,NaN,NaN,NaN,NaN,false
2,3.162000000000000e+13,0,2,CONTINUE,2.021822551237532e+00,4.937762597606600e-01,1.000000000000000e-09,3.232995213939081e-02,1.009764737218626e-13,9.755399364392118e-01,-9.999999999999969e-01,8.201239243874135e-01,,,4.161448186854027e+00,3.446281391864287e+00,7.299650765354004e+00,1.736172905938919e-02,1.827282986451375e+01,REACHED_FORCE,REACHED_FORCE,,1,0,0,1,0,0,,,,3.248742275833051e-03,NaN,4.729370694095300e-03,NaN,,,8.504952595614386e-14,3.770126919574131e-14,,solution good enough for the tolerances given,solution good enough for the tolerances given,,8.504952595614386e-14,3.770126919574131e-14,,3.248742275833051e-03,1.608038859337891e-15,4.729370694095300e-03,6.378254693463142e-16,,,3.248742275833051e-03,4.729370694095300e-03,,2.195738049412830e-07,2.872135245061417e+00,1.749597941520664e-01,2.788902108975135e-01,1.223891975615730e+00,9.200000000000000e-01,9.755399364392118e-01,-9.999999999999969e-01,7.415114318207472e-15,3.108624468950438e-15,10,9.999999999999969e-01,9.999999999999922e-01,9.999999999999887e-01,9.999999999999860e-01,9.999999999999838e-01,9.999999999999831e-01,9.999999999999827e-01,9.999999999999793e-01,9.999999999999740e-01,9.999999999999676e-01,6.985215026912887e-01,1.436010382036201e-169,3.381193420122892e-198,7.772220727658104e-113,5.218603300426584e-141,3.187951428639701e-254,9.321540219460629e-57,7.954839926689381e-85,3.206823067384406e-226,3.014784973087112e-01,NaN,NaN,NaN,NaN,0,NaN,NaN,NaN,NaN,NaN,NaN,NaN,NaN,NaN,NaN,NaN,NaN,NaN,NaN,NaN,NaN,NaN,NaN,NaN,NaN,8.957788095605315e-01,-9.999999999999922e-01,5.950402183548351e-15,7.771561172376096e-15,10,9.999999999999922e-01,9.999999999999920e-01,9.999999999999907e-01,9.999999999999885e-01,9.999999999999853e-01,9.999999999999851e-01,9.999999999999849e-01,9.999999999999802e-01,9.999999999999660e-01,9.999999999999647e-01,2.007361527053859e-198,2.772048660373907e-01,1.014799230183805e-169,4.208769815842209e-254,7.138648130950559e-57,4.648882124882430e-85,2.437869894986446e-141,3.075356827989364e-113,2.542328268368395e-198,7.227951339626093e-01,NaN,NaN,NaN,NaN,0,NaN,NaN,NaN,NaN,NaN,NaN,NaN,NaN,NaN,NaN,NaN,NaN,NaN,NaN,NaN,NaN,NaN,NaN,NaN,NaN,false
2,1.000000000000000e+14,0,2,CONTINUE,2.021822551237532e+00,1.267878987293143e+00,1.000000000000000e-09,3.232995213939081e-02,1.009764737218626e-13,8.830587504647931e-01,-9.999999999999991e-01,3.932570461067929e-01,,,3.901145849210381e+00,3.359987648688789e+00,6.859438199771757e+00,1.736172905938919e-02,1.827282986451375e+01,REACHED_FORCE,REACHED_FORCE,,1,0,0,1,0,0,,,,8.469715021321515e-03,NaN,1.174889771052147e-02,NaN,,,2.708697399334163e-14,1.128347570218940e-14,,solution good enough for the tolerances given,solution good enough for the tolerances given,,2.708697399334163e-14,1.128347570218940e-14,,8.469715021321515e-03,5.086882704469724e-16,1.174889771052147e-02,1.617022316652628e-16,,,8.469715021321515e-03,1.174889771052147e-02,,1.278421776391337e-07,2.872135245061415e+00,1.749597941520664e-01,2.788902108975135e-01,1.223891975615730e+00,9.200000000000000e-01,8.830587504647931e-01,-9.999999999999991e-01,2.955042250359730e-15,8.881784197001252e-16,10,9.999999999999991e-01,9.999999999999980e-01,9.999999999999980e-01,9.999999999999978e-01,9.999999999999958e-01,9.999999999999942e-01,9.999999999999905e-01,9.999999999999905e-01,9.999999999999893e-01,9.999999999999887e-01,7.491689235121840e-01,3.357534935741811e-117,2.955621358443782e-175,3.726141393099978e-233,8.642488213733356e-59,5.595699500766396e-88,3.788860142634574e-117,2.508310764878157e-01,3.452035819015126e-175,2.407486165807872e-233,NaN,NaN,NaN,NaN,0,NaN,NaN,NaN,NaN,NaN,NaN,NaN,NaN,NaN,NaN,NaN,NaN,NaN,NaN,NaN,NaN,NaN,NaN,NaN,NaN,9.582126866745636e-01,-9.999999999999978e-01,3.368638427105197e-15,2.220446049250313e-15,10,9.999999999999978e-01,9.999999999999976e-01,9.999999999999958e-01,9.999999999999958e-01,9.999999999999958e-01,9.999999999999953e-01,9.999999999999947e-01,9.999999999999940e-01,9.999999999999902e-01,9.999999999999896e-01,9.032933996566878e-118,2.758271468784131e-01,3.911719251644165e-88,8.023383849274075e-59,1.558728011065353e-175,6.856160328802688e-263,1.119343483170040e-233,1.034800531252893e-204,1.284314825180889e-117,7.241728531215864e-01,NaN,NaN,NaN,NaN,0,NaN,NaN,NaN,NaN,NaN,NaN,NaN,NaN,NaN,NaN,NaN,NaN,NaN,NaN,NaN,NaN,NaN,NaN,NaN,NaN,false
2,3.162000000000000e+14,0,3,CONTINUE,2.021822551237532e+00,1.511113065873386e+00,1.000000000000000e-09,3.232995213939081e-02,1.009764737218626e-13,1.186906922667743e+00,-9.999999999999991e-01,2.974883393118080e-01,,,3.732530859737528e+00,3.016463612605851e+00,6.750984068179068e+00,1.736172905938919e-02,1.827282986451375e+01,REACHED_FORCE,REACHED_FORCE,,1,0,0,1,1,1,,,,2.416402673750190e-02,NaN,5.346422776709942e-02,1.196691352429788e-02,,,8.603301305819207e-15,6.101355301345554e-15,,solution good enough for the tolerances given,solution good enough for the tolerances given,,8.603301305819207e-15,6.101355301345554e-15,,2.416402673750190e-02,1.875296714451311e-16,5.346422776709942e-02,1.527187743505259e-16,,,2.416402673750190e-02,1.196691352429788e-02,,7.367396755138323e-08,2.872135245061414e+00,1.749597941520664e-01,2.788902108975135e-01,1.223891975615730e+00,9.200000000000000e-01,1.186906922667743e+00,-9.999999999999991e-01,2.544167000752534e-15,8.881784197001252e-16,10,9.999999999999991e-01,9.999999999999989e-01,9.999999999999984e-01,9.999999999999984e-01,9.999999999999982e-01,9.999999999999980e-01,9.999999999999980e-01,9.999999999999978e-01,9.999999999999976e-01,9.999999999999973e-01,1.000000000000000e+00,2.794255718345147e-267,1.546267150485647e-90,7.156251621365343e-31,1.182092054833246e-149,1.693597051225560e-208,9.541195087394007e-61,3.846937883184484e-120,9.361831996324152e-238,5.751530420852756e-179,NaN,NaN,NaN,NaN,0,NaN,NaN,NaN,NaN,NaN,NaN,NaN,NaN,NaN,NaN,NaN,NaN,NaN,NaN,NaN,NaN,NaN,NaN,NaN,NaN,1.186906922667743e+00,-9.999999999999996e-01,1.538706812659425e-15,4.440892098500626e-16,10,9.999999999999996e-01,9.999999999999993e-01,9.999999999999991e-01,9.999999999999987e-01,9.999999999999987e-01,9.999999999999984e-01,9.999999999999984e-01,9.999999999999984e-01,9.999999999999982e-01,9.999999999999973e-01,3.655537793400885e-179,6.993769452280642e-60,1.000000000000000e+00,1.416086780558521e-149,1.434630212670847e-238,1.118997910496509e-119,9.855490287315162e-209,3.394202795316609e-30,6.603111591883288e-90,2.082671870713701e-268,NaN,NaN,NaN,NaN,0,NaN,NaN,NaN,NaN,NaN,NaN,NaN,NaN,NaN,NaN,NaN,NaN,NaN,NaN,NaN,NaN,NaN,NaN,NaN,NaN,false
2,1.000000000000000e+15,1,6,CONTINUE,2.021822551237532e+00,1.974718410531318e+00,1.000000000000000e-09,3.232995213939081e-02,1.009764737218626e-13,1.313656953358175e-06,2.692397144276787e-05,3.606724958008107e-02,,,1.272186743372901e+00,4.507300527985165e+00,6.658916427250129e+00,1.736172905938919e-02,1.827282986451375e+01,REFINE_STALLED,REFINE_STALLED,,1,2,2,1,2,2,,,,1.322943192540957e+04,5.888291585822013e-02,1.322937886815606e+04,1.020677595134253e-01,,,5.457655675306502e-10,5.457669942212905e-10,,solution good enough for the tolerances given,solution good enough for the tolerances given,,5.457655675306502e-10,5.457669942212905e-10,,1.322943192540957e+04,8.873544714491015e-12,1.322937886815606e+04,8.873508780661757e-12,,,5.888043268439926e-02,1.020745880535662e-01,,4.152802923158640e-05,2.872135245235500e+00,1.749597941520664e-01,2.788902108975135e-01,1.223891975615730e+00,9.200000000000000e-01,1.313656953358175e-06,2.692397144276787e-05,5.813324975468045e-11,3.714162311041491e-11,10,9.999999999628584e-01,9.999999999421973e-01,9.999999999001714e-01,9.999999998478666e-01,9.999999997922204e-01,9.999999996831190e-01,9.999999995639439e-01,9.999999994580493e-01,9.999999993865580e-01,9.999999992387663e-01,2.880834291562239e-02,5.210433230419164e-02,2.123950491294611e-01,2.075566155827425e-02,8.702290061020751e-02,1.435479137042914e-02,1.799891008380956e-01,1.322454184690488e-01,4.334370285530065e-02,2.289806999493685e-01,NaN,NaN,NaN,NaN,0,NaN,NaN,NaN,NaN,NaN,NaN,NaN,NaN,NaN,NaN,NaN,NaN,NaN,NaN,NaN,NaN,NaN,NaN,NaN,NaN,1.313656570177112e-06,2.692348857086709e-05,5.818815958111329e-11,3.714228924422969e-11,10,9.999999999628577e-01,9.999999999421958e-01,9.999999999001710e-01,9.999999998478608e-01,9.999999997922198e-01,9.999999996831184e-01,9.999999995639444e-01,9.999999994580488e-01,9.999999993865565e-01,9.999999992387660e-01,2.880963238007186e-02,5.210812026150945e-02,2.123940505771452e-01,2.075458630073397e-02,8.702299656098401e-02,1.435436564695786e-02,1.799887798579692e-01,1.322443691348850e-01,4.334337540697860e-02,2.289797238727641e-01,NaN,NaN,NaN,NaN,0,NaN,NaN,NaN,NaN,NaN,NaN,NaN,NaN,NaN,NaN,NaN,NaN,NaN,NaN,NaN,NaN,NaN,NaN,NaN,NaN,false
2,3.162000000000000e+15,1,6,CONTINUE,2.021822551237532e+00,1.974707431739010e+00,1.000000000000000e-09,3.232995213939081e-02,1.009764737218626e-13,4.154520089972310e-07,8.515007695126360e-06,3.607596772434177e-02,,,1.272186743141128e+00,4.506743151960521e+00,6.658930385338612e+00,1.736172905938919e-02,1.827282986451375e+01,REFINE_STALLED,REFINE_STALLED,,1,2,2,1,2,2,,,,4.183146115105924e+04,5.888647958136436e-02,4.183144570507468e+04,1.020540765400186e-01,,,5.457658035751228e-10,5.457657243129031e-10,,solution good enough for the tolerances given,solution good enough for the tolerances given,,5.457658035751228e-10,5.457657243129031e-10,,4.183146115105924e+04,8.873517764119071e-12,4.183144570507468e+04,8.873526747576386e-12,,,5.887932205096510e-02,1.020784862616410e-01,,4.152800942518102e-05,2.872135245235500e+00,1.749597941520664e-01,2.788902108975135e-01,1.223891975615730e+00,9.200000000000000e-01,4.154520089972310e-07,8.515007695126360e-06,5.813215684800465e-11,3.714095697660014e-11,10,9.999999999628590e-01,9.999999999421980e-01,9.999999999001730e-01,9.999999998478695e-01,9.999999997922218e-01,9.999999996831213e-01,9.999999995639450e-01,9.999999994580500e-01,9.999999993865576e-01,9.999999992387676e-01,2.880901850548037e-02,5.210544687973793e-02,2.123939999537605e-01,2.075511978846364e-02,8.702369416946724e-02,1.435466410317675e-02,1.799889555993619e-01,1.322445284162287e-01,4.334506290955457e-02,2.289795096747683e-01,NaN,NaN,NaN,NaN,0,NaN,NaN,NaN,NaN,NaN,NaN,NaN,NaN,NaN,NaN,NaN,NaN,NaN,NaN,NaN,NaN,NaN,NaN,NaN,NaN,4.154522513645548e-07,8.514600463595455e-06,5.819600347606338e-11,3.714273333343954e-11,10,9.999999999628573e-01,9.999999999421962e-01,9.999999999001723e-01,9.999999998478593e-01,9.999999997922215e-01,9.999999996831210e-01,9.999999995639455e-01,9.999999994580511e-01,9.999999993865578e-01,9.999999992387680e-01,2.881403779272475e-02,5.210443434291782e-02,2.123944802444577e-01,2.075445881414180e-02,8.702023875347831e-02,1.435440150282745e-02,1.799895895127682e-01,1.322423400676190e-01,4.334576340384297e-02,2.289802555652216e-01,NaN,NaN,NaN,NaN,0,NaN,NaN,NaN,NaN,NaN,NaN,NaN,NaN,NaN,NaN,NaN,NaN,NaN,NaN,NaN,NaN,NaN,NaN,NaN,NaN,false
2,1.000000000000000e+16,1,6,CONTINUE,2.021822551237532e+00,1.974672360771227e+00,1.000000000000000e-09,3.232995213939081e-02,1.009764737218626e-13,1.313661551548361e-07,2.692397144276787e-06,3.610395439686798e-02,,,1.272186743120686e+00,4.504838640732001e+00,6.658974050720848e+00,1.736172905938919e-02,1.827282986451375e+01,REFINE_STALLED,REFINE_STALLED,,1,2,2,1,2,2,,,,1.322944172051049e+05,5.889690521546360e-02,1.322941559406816e+05,1.020076438655284e-01,,,5.457645249647201e-10,5.457649607711076e-10,,solution good enough for the tolerances given,solution good enough for the tolerances given,,5.457645249647201e-10,5.457649607711076e-10,,1.322944172051049e+05,8.873499797204441e-12,1.322941559406816e+05,8.873481830289812e-12,,,5.887431557008026e-02,1.020855605588955e-01,,4.152800294231601e-05,2.872135245235500e+00,1.749597941520664e-01,2.788902108975135e-01,1.223891975615730e+00,9.200000000000000e-01,1.313661551548361e-07,2.692397144276787e-06,5.813249420648969e-11,3.714162311041491e-11,10,9.999999999628584e-01,9.999999999421973e-01,9.999999999001732e-01,9.999999998478686e-01,9.999999997922209e-01,9.999999996831210e-01,9.999999995639455e-01,9.999999994580511e-01,9.999999993865596e-01,9.999999992387689e-01,2.880972244727373e-02,5.210562473435903e-02,2.123965767750080e-01,2.075571479026266e-02,8.702117795599522e-02,1.435440509484490e-02,1.799898023080399e-01,1.322447938983045e-01,4.334547004154116e-02,2.289767119543710e-01,NaN,NaN,NaN,NaN,0,NaN,NaN,NaN,NaN,NaN,NaN,NaN,NaN,NaN,NaN,NaN,NaN,NaN,NaN,NaN,NaN,NaN,NaN,NaN,NaN,1.313659635631872e-07,2.692364952624287e-06,5.823464183763625e-11,3.714206719962476e-11,10,9.999999999628579e-01,9.999999999421956e-01,9.999999999001707e-01,9.999999998478561e-01,9.999999997922202e-01,9.999999996831206e-01,9.999999995639444e-01,9.999999994580493e-01,9.999999993865574e-01,9.999999992387678e-01,2.881174257044275e-02,5.210471496380035e-02,2.124001296319415e-01,2.075358431214520e-02,8.701962154390455e-02,1.435470206873177e-02,1.799874186395028e-01,1.322461384087465e-01,4.334471763187876e-02,2.289772302289057e-01,NaN,NaN,NaN,NaN,0,NaN,NaN,NaN,NaN,NaN,NaN,NaN,NaN,NaN,NaN,NaN,NaN,NaN,NaN,NaN,NaN,NaN,NaN,NaN,NaN,false
2,3.162000000000000e+16,1,6,CONTINUE,2.021822551237532e+00,1.974560908802171e+00,1.000000000000000e-09,3.232995213939081e-02,1.009764737218626e-13,4.154522513645549e-08,8.514956789054730e-07,3.619287642263189e-02,,,1.272186743117789e+00,4.498768418794759e+00,6.659112522444611e+00,1.736172905938919e-02,1.827282986451375e+01,REFINE_STALLED,REFINE_STALLED,,1,2,2,1,2,2,,,,4.183140887132295e+05,5.892956443246854e-02,4.183141329149585e+05,1.018591729337789e-01,,,5.457644654825865e-10,5.457650011741901e-10,,solution good enough for the tolerances given,solution good enough for the tolerances given,,5.457644654825865e-10,5.457650011741901e-10,,4.183140887132295e+05,8.873472846832497e-12,4.183141329149585e+05,8.873499797204441e-12,,,5.885807125573927e-02,1.021056029395168e-01,,4.152799710866852e-05,2.872135245235500e+00,1.749597941520664e-01,2.788902108975135e-01,1.223891975615730e+00,9.200000000000000e-01,4.154522513645549e-08,8.514956789054730e-07,5.817841163690109e-11,3.714117902120506e-11,10,9.999999999628588e-01,9.999999999421973e-01,9.999999999001727e-01,9.999999998478626e-01,9.999999997922218e-01,9.999999996831219e-01,9.999999995639457e-01,9.999999994580513e-01,9.999999993865587e-01,9.999999992387680e-01,2.881138986752503e-02,5.210703622850908e-02,2.123955292911282e-01,2.075403165549182e-02,8.702004249286519e-02,1.435437181596010e-02,1.799892549841083e-01,1.322451966535682e-01,4.334396904251823e-02,2.289791779683259e-01,NaN,NaN,NaN,NaN,0,NaN,NaN,NaN,NaN,NaN,NaN,NaN,NaN,NaN,NaN,NaN,NaN,NaN,NaN,NaN,NaN,NaN,NaN,NaN,NaN,4.154518878136750e-08,8.514549562392877e-07,5.824476079788381e-11,3.714295537804446e-11,10,9.999999999628570e-01,9.999999999421947e-01,9.999999999001707e-01,9.999999998478524e-01,9.999999997922204e-01,9.999999996831217e-01,9.999999995639455e-01,9.999999994580504e-01,9.999999993865580e-01,9.999999992387674e-01,2.881465304352449e-02,5.210653020519028e-02,2.123951640030802e-01,2.075245930123470e-02,8.701776512150773e-02,1.435485071368927e-02,1.799899851291431e-01,1.322440584989590e-01,4.334477868150856e-02,2.289797553021622e-01,NaN,NaN,NaN,NaN,0,NaN,NaN,NaN,NaN,NaN,NaN,NaN,NaN,NaN,NaN,NaN,NaN,NaN,NaN,NaN,NaN,NaN,NaN,NaN,NaN,false
2,1.000000000000000e+17,1,6,CONTINUE,2.021822551237532e+00,1.974203549487970e+00,1.000000000000000e-09,3.232995213939081e-02,1.009764737218626e-13,1.313659252449244e-08,2.692397144276788e-07,3.647774642409289e-02,,,1.272186743116731e+00,4.479534505675475e+00,6.659556091379862e+00,1.736172905938919e-02,1.827282986451375e+01,REFINE_STALLED,REFINE_STALLED,,1,2,2,1,2,2,,,,1.322943477665792e+06,5.903270947225600e-02,1.322943390598753e+06,1.013882601000096e-01,,,5.457651973429907e-10,5.457651973429907e-10,,solution good enough for the tolerances given,solution good enough for the tolerances given,,5.457651973429907e-10,5.457651973429907e-10,,1.322943477665792e+06,8.873508780661757e-12,1.322943390598753e+06,8.873508780661757e-12,,,5.880647132239868e-02,1.021675859072237e-01,,4.152799710866852e-05,2.872135245235500e+00,1.749597941520664e-01,2.788902108975135e-01,1.223891975615730e+00,9.200000000000000e-01,1.313659252449244e-08,2.692397144276788e-07,5.813402883373085e-11,3.714162311041491e-11,10,9.999999999628584e-01,9.999999999421976e-01,9.999999999001714e-01,9.999999998478666e-01,9.999999997922218e-01,9.999999996831204e-01,9.999999995639453e-01,9.999999994580500e-01,9.999999993865574e-01,9.999999992387676e-01,2.880922003748225e-02,5.210597676294702e-02,2.123973275096894e-01,2.075429660691347e-02,8.702162490995215e-02,1.435468195051343e-02,1.799898394850282e-01,1.322438626503104e-01,4.334433285035984e-02,2.289788372368033e-01,NaN,NaN,NaN,NaN,0,NaN,NaN,NaN,NaN,NaN,NaN,NaN,NaN,NaN,NaN,NaN,NaN,NaN,NaN,NaN,NaN,NaN,NaN,NaN,NaN,1.313659252449244e-08,2.692397144276788e-07,5.813402883373085e-11,3.714162311041491e-11,10,9.999999999628584e-01,9.999999999421976e-01,9.999999999001714e-01,9.999999998478666e-01,9.999999997922218e-01,9.999999996831204e-01,9.999999995639453e-01,9.999999994580500e-01,9.999999993865574e-01,9.999999992387676e-01,2.880922003748225e-02,5.210597676294702e-02,2.123973275096894e-01,2.075429660691347e-02,8.702162490995215e-02,1.435468195051343e-02,1.799898394850282e-01,1.322438626503104e-01,4.334433285035984e-02,2.289788372368033e-01,NaN,NaN,NaN,NaN,0,NaN,NaN,NaN,NaN,NaN,NaN,NaN,NaN,NaN,NaN,NaN,NaN,NaN,NaN,NaN,NaN,NaN,NaN,NaN,NaN,false
2,3.162000000000000e+17,1,6,CONTINUE,2.021822551237532e+00,1.973028335487741e+00,1.000000000000000e-09,3.232995213939081e-02,1.009764737218626e-13,4.154520089972309e-09,8.514854978737468e-08,3.741150069348996e-02,,,1.272186743116688e+00,4.418570310142089e+00,6.661007383212000e+00,1.736172905938919e-02,1.827282986451375e+01,REFINE_STALLED,REFINE_STALLED,,1,2,2,1,2,2,,,,4.183147398458437e+06,5.935875829817224e-02,4.183147312027259e+06,9.989218988483724e-02,,,5.457651973429907e-10,5.457651973429907e-10,,solution good enough for the tolerances given,solution good enough for the tolerances given,,5.457651973429907e-10,5.457651973429907e-10,,4.183147398458437e+06,8.873508780661757e-12,4.183147312027259e+06,8.873508780661757e-12,,,5.864348954301508e-02,1.023561191333102e-01,,4.152799710866852e-05,2.872135245235500e+00,1.749597941520664e-01,2.788902108975135e-01,1.223891975615730e+00,9.200000000000000e-01,4.154520089972309e-09,8.514854978737468e-08,5.813402883373085e-11,3.714162311041491e-11,10,9.999999999628584e-01,9.999999999421976e-01,9.999999999001714e-01,9.999999998478666e-01,9.999999997922218e-01,9.999999996831204e-01,9.999999995639453e-01,9.999999994580500e-01,9.999999993865574e-01,9.999999992387676e-01,2.880922003748225e-02,5.210597676294702e-02,2.123973275096894e-01,2.075429660691347e-02,8.702162490995215e-02,1.435468195051343e-02,1.799898394850282e-01,1.322438626503104e-01,4.334433285035984e-02,2.289788372368033e-01,NaN,NaN,NaN,NaN,0,NaN,NaN,NaN,NaN,NaN,NaN,NaN,NaN,NaN,NaN,NaN,NaN,NaN,NaN,NaN,NaN,NaN,NaN,NaN,NaN,4.154520089972309e-09,8.514854978737468e-08,5.813402883373085e-11,3.714162311041491e-11,10,9.999999999628584e-01,9.999999999421976e-01,9.999999999001714e-01,9.999999998478666e-01,9.999999997922218e-01,9.999999996831204e-01,9.999999995639453e-01,9.999999994580500e-01,9.999999993865574e-01,9.999999992387676e-01,2.880922003748225e-02,5.210597676294702e-02,2.123973275096894e-01,2.075429660691347e-02,8.702162490995215e-02,1.435468195051343e-02,1.799898394850282e-01,1.322438626503104e-01,4.334433285035984e-02,2.289788372368033e-01,NaN,NaN,NaN,NaN,0,NaN,NaN,NaN,NaN,NaN,NaN,NaN,NaN,NaN,NaN,NaN,NaN,NaN,NaN,NaN,NaN,NaN,NaN,NaN,NaN,false
2,1.000000000000000e+18,1,6,CONTINUE,2.021822551237532e+00,1.968779407784036e+00,1.000000000000000e-09,3.232995213939081e-02,1.009764737218626e-13,1.313659252449244e-09,2.692397144276787e-08,4.075067515450528e-02,,,1.272186743116677e+00,4.223831001085078e+00,6.666169302243025e+00,1.736172905938919e-02,1.827282986451375e+01,REFINE_STALLED,REFINE_STALLED,,1,2,2,1,2,2,,,,1.322943528485071e+07,6.039006758097433e-02,1.322943520068100e+07,9.508039677826334e-02,,,5.457651973429907e-10,5.457651973429907e-10,,solution good enough for the tolerances given,solution good enough for the tolerances given,,5.457651973429907e-10,5.457651973429907e-10,,1.322943528485071e+07,8.873508780661757e-12,1.322943520068100e+07,8.873508780661757e-12,,,5.812772775527017e-02,1.028727128412976e-01,,4.152799710866852e-05,2.872135245235500e+00,1.749597941520664e-01,2.788902108975135e-01,1.223891975615730e+00,9.200000000000000e-01,1.313659252449244e-09,2.692397144276787e-08,5.813402883373085e-11,3.714162311041491e-11,10,9.999999999628584e-01,9.999999999421976e-01,9.999999999001714e-01,9.999999998478666e-01,9.999999997922218e-01,9.999999996831204e-01,9.999999995639453e-01,9.999999994580500e-01,9.999999993865574e-01,9.999999992387676e-01,2.880922003748225e-02,5.210597676294702e-02,2.123973275096894e-01,2.075429660691347e-02,8.702162490995215e-02,1.435468195051343e-02,1.799898394850282e-01,1.322438626503104e-01,4.334433285035984e-02,2.289788372368033e-01,NaN,NaN,NaN,NaN,0,NaN,NaN,NaN,NaN,NaN,NaN,NaN,NaN,NaN,NaN,NaN,NaN,NaN,NaN,NaN,NaN,NaN,NaN,NaN,NaN,1.313659252449244e-09,2.692397144276787e-08,5.813402883373085e-11,3.714162311041491e-11,10,9.999999999628584e-01,9.999999999421976e-01,9.999999999001714e-01,9.999999998478666e-01,9.999999997922218e-01,9.999999996831204e-01,9.999999995639453e-01,9.999999994580500e-01,9.999999993865574e-01,9.999999992387676e-01,2.880922003748225e-02,5.210597676294702e-02,2.123973275096894e-01,2.075429660691347e-02,8.702162490995215e-02,1.435468195051343e-02,1.799898394850282e-01,1.322438626503104e-01,4.334433285035984e-02,2.289788372368033e-01,NaN,NaN,NaN,NaN,0,NaN,NaN,NaN,NaN,NaN,NaN,NaN,NaN,NaN,NaN,NaN,NaN,NaN,NaN,NaN,NaN,NaN,NaN,NaN,NaN,false
3,1.000000000000000e+00,0,7,CONTINUE,4.957110614765969e-01,9.377220640080340e-02,1.000000000000000e-09,7.926667393582828e-03,3.787875231871452e-14,1.131142978897820e+00,2.273102998351458e+02,8.653419803808415e-01,,,2.941315338357241e+00,9.761042062119948e-01,7.544809088556930e+00,1.040214171105694e-02,9.699796903151915e+01,REACHED_FORCE,REACHED_FORCE,,4,0,0,3,0,0,,,,3.597909372803020e-05,NaN,1.149688593753831e-04,NaN,,,7.363417826243774e-01,2.082828520993220e-01,,solution good enough for the tolerances given,solution good enough for the tolerances given,,2.144783151300972e-03,6.411319861061513e-03,,6.224064388442648e-17,3.597909372803020e-05,6.224064388442648e-17,1.149688593753831e-04,,,3.597909372803020e-05,1.149688593753831e-04,,6.510657434910374e-01,9.910686180656121e+00,3.463517218995015e-02,5.549441196016027e-02,8.009324983037414e-01,7.400000000000000e-01,1.131142978897820e+00,2.273102998351458e+02,3.491933054028826e-02,4.380003883846073e-03,10,9.956199961161539e-01,9.811402301258112e-01,9.566909751176953e-01,9.175133824163744e-01,8.615337098247915e-01,8.097981908073776e-01,7.785851900808517e-01,6.626889465334168e-01,6.519848851190932e-01,5.307682262983697e-01,4.528577014851928e-02,1.954632794710028e-01,3.364180744156195e-02,4.519340561146483e-02,3.634102308069009e-02,4.886230046619935e-02,4.723690620406326e-01,1.001210639362236e-02,3.728653999250639e-03,1.091025913470553e-01,1.149660999523922e+00,4.189868343806038e+01,6.246440441031312e-02,2.331073869536948e-02,3,9.766892613046305e-01,7.857643211558826e-01,5.348103723231399e-01,NaN,NaN,NaN,NaN,NaN,NaN,NaN,3.131727352087859e-01,5.696311353111897e-01,1.171961294800237e-01,NaN,NaN,NaN,NaN,NaN,NaN,NaN,1.131142978919227e+00,1.144264234296716e+02,4.406809360036459e-02,8.663527555363371e-03,10,9.913364724446366e-01,9.720647914573461e-01,9.439814221578920e-01,9.018739374520696e-01,8.608414942111373e-01,8.093908861221738e-01,7.792244981274098e-01,6.626518107348623e-01,6.519604500796227e-01,5.307682263030832e-01,1.383357267396935e-02,2.608792952393684e-02,2.084143965736707e-02,1.585696993691879e-01,2.400702702856167e-01,2.256084092649172e-01,4.800472679096202e-02,1.004349856876071e-01,1.069231801162600e-02,1.558566487348101e-01,1.396724624786063e+00,6.766243874104577e+00,1.469654562889936e-01,1.287623742198408e-01,2,8.712376257801592e-01,5.827639146949298e-01,NaN,NaN,NaN,NaN,NaN,NaN,NaN,NaN,6.999432587808517e-01,3.000567412191478e-01,NaN,NaN,NaN,NaN,NaN,NaN,NaN,NaN,false
3,3.162000000000000e+00,0,5,CONTINUE,4.957110614765969e-01,9.361880234475789e-02,1.000000000000000e-09,7.926667393582828e-03,3.787875231871452e-14,1.131142978780823e+00,2.075399726863468e+02,8.658020943113797e-01,,,2.942917250499357e+00,9.751012089014481e-01,7.544653544690254e+00,1.040214171105694e-02,9.699796903151915e+01,REACHED_FORCE,REACHED_FORCE,,3,0,0,2,0,0,,,,3.176381961052385e-05,NaN,1.294909124082265e-04,NaN,,,2.713091089989094e-01,7.888308112991735e-02,,solution good enough for the tolerances given,solution good enough for the tolerances given,,1.708419483082355e-03,6.333503327880790e-03,,1.867219316532795e-16,3.176381961052385e-05,2.351313213411667e-16,1.294909124082265e-04,,,3.176381961052385e-05,1.294909124082265e-04,,4.106413140006728e-01,5.625583624618962e+00,3.463517218995015e-02,5.549441196016027e-02,8.009324983037414e-01,7.400000000000000e-01,1.131142978780823e+00,2.075399726863468e+02,1.004471311093282e-02,1.521510984678676e-03,10,9.984784890153213e-01,9.937313378189336e-01,9.837033170398888e-01,9.712407272580684e-01,9.509061480931409e-01,9.304541744793448e-01,9.174742619835513e-01,8.613206273363334e-01,8.555331542004079e-01,7.815007189960795e-01,3.730542262920805e-02,1.495485819146505e-01,2.491150425865432e-02,3.458740025645900e-02,3.239342596631303e-02,4.760778540839178e-02,4.821988602889696e-01,1.253624406208492e-02,4.653706776145910e-03,1.742570684391235e-01,1.339898119586296e+00,7.060529510061524e+00,7.785795099528917e-02,4.287172969832120e-02,2,9.571282703016788e-01,8.090421539710897e-01,NaN,NaN,NaN,NaN,NaN,NaN,NaN,NaN,6.981208535985425e-01,3.018791464014580e-01,NaN,NaN,NaN,NaN,NaN,NaN,NaN,NaN,1.131142978780844e+00,1.079088947452087e+02,1.348917525223266e-02,2.922200002999031e-03,10,9.970777999970010e-01,9.899286840869457e-01,9.765678517230899e-01,9.654525088768593e-01,9.507982910528497e-01,9.304267214851687e-01,9.175026505382936e-01,8.613204164868938e-01,8.555330487577075e-01,7.815007189960828e-01,1.084546127775039e-02,2.192168392469211e-02,2.299091726112674e-02,1.260617525444768e-01,1.982469542576385e-01,2.088768584618979e-01,4.407916277952077e-02,1.176365177635488e-01,1.274145044305472e-02,2.365992412862924e-01,2.756563255130036e+00,2.756563255130036e+00,7.604587196079578e-02,1.029203334547518e-01,1,8.970796665452482e-01,NaN,NaN,NaN,NaN,NaN,NaN,NaN,NaN,NaN,1.000000000000000e+00,NaN,NaN,NaN,NaN,NaN,NaN,NaN,NaN,NaN,false
3,1.000000000000000e+01,0,4,CONTINUE,4.957110614765969e-01,9.414053786046321e-02,1.000000000000000e-09,7.926667393582828e-03,3.787875231871452e-14,1.131142978780727e+00,2.004781183420426e+02,8.646450092014364e-01,,,2.943888308778091e+00,9.776526265904829e-01,7.544495461975136e+00,1.040214171105694e-02,9.699796903151915e+01,REACHED_FORCE,REACHED_FORCE,,2,0,0,2,0,0,,,,5.417220664729753e-05,NaN,1.705301356199228e-05,NaN,,,9.160983955496828e-02,2.699943353234213e-02,,solution good enough for the tolerances given,solution good enough for the tolerances given,,2.542268039381165e-03,8.015551038228553e-04,,7.602867541160152e-16,5.417220664729753e-05,6.993427903125143e-16,1.705301356199228e-05,,,5.417220664729753e-05,1.705301356199228e-05,,2.433751238261523e-01,3.224652969617744e+00,3.463517218995015e-02,5.549441196016027e-02,8.009324983037414e-01,7.400000000000000e-01,1.131142978780727e+00,2.004781183420426e+02,3.236620351373931e-03,4.985588698637189e-04,10,9.995014411301363e-01,9.979839704722575e-01,9.945435320628278e-01,9.906020610869862e-01,9.838945097948826e-01,9.768988238812751e-01,9.723445324460135e-01,9.515555717787800e-01,9.493122188686267e-01,9.187746657183263e-01,3.413159969101626e-02,1.322669446074811e-01,2.240806122196862e-02,3.043089915854864e-02,3.025636749425713e-02,4.597549863584376e-02,4.748766912875533e-01,1.341821545814212e-02,5.024058004387404e-03,2.112116644408017e-01,2.890906438855244e+00,2.890906438855244e+00,2.728316939830731e-02,3.343468010262285e-02,1,9.665653198973772e-01,NaN,NaN,NaN,NaN,NaN,NaN,NaN,NaN,NaN,1.000000000000000e+00,NaN,NaN,NaN,NaN,NaN,NaN,NaN,NaN,NaN,1.131142978780730e+00,1.060542747082438e+02,4.133325784921210e-03,9.420251824511228e-04,10,9.990579748175489e-01,9.967113215288984e-01,9.919932721980242e-01,9.886463517097338e-01,9.838590279709196e-01,9.768929778439093e-01,9.723487946088427e-01,9.515555571703209e-01,9.493122114856899e-01,9.187746657183266e-01,9.588354138290577e-03,1.947391395676680e-02,2.520033268585636e-02,1.100671893144368e-01,1.792251701876160e-01,1.968897043870999e-01,4.130834105161214e-02,1.217452048459441e-01,1.336483760323824e-02,2.831369518291374e-01,2.420012226408407e+00,2.420012226408407e+00,2.909284462077258e-02,3.968234715373697e-02,1,9.603176528462630e-01,NaN,NaN,NaN,NaN,NaN,NaN,NaN,NaN,NaN,1.000000000000000e+00,NaN,NaN,NaN,NaN,NaN,NaN,NaN,NaN,NaN,false
3,3.162000000000000e+01,0,4,CONTINUE,4.957110614765969e-01,9.420436907060564e-02,1.000000000000000e-09,7.926667393582828e-03,3.787875231871452e-14,1.131142978780756e+00,1.981110648343592e+02,8.643512092284165e-01,,,2.944280459807742e+00,9.780505542419768e-01,7.544556846020103e+00,1.040214171105694e-02,9.699796903151915e+01,REACHED_FORCE,REACHED_FORCE,,2,0,0,2,0,0,,,,5.875630116730123e-06,NaN,1.852156910714295e-06,NaN,,,2.966596390073238e-02,8.752163353482896e-03,,solution good enough for the tolerances given,solution good enough for the tolerances given,,2.756757543931228e-04,8.614642350505965e-05,,1.659750503584706e-15,5.875630116730123e-06,1.839556808139716e-15,1.852156910714295e-06,,,5.875630116730123e-06,1.852156910714295e-06,,1.396256190534746e-01,2.872622136554956e+00,3.463517218995015e-02,5.549441196016027e-02,8.009324983037414e-01,7.400000000000000e-01,1.131142978780756e+00,1.981110648343592e+02,1.034017820202908e-03,1.596099931079342e-04,10,9.998403900068921e-01,9.993588243567727e-01,9.982420035483965e-01,9.969956854471148e-01,9.948461394910613e-01,9.925759792978217e-01,9.910852206066387e-01,9.841543124611856e-01,9.833941897644612e-01,9.728015055699962e-01,3.303145679095389e-02,1.264438716955827e-01,2.159991842883202e-02,2.901362520747641e-02,2.945228075709992e-02,4.525524450333818e-02,4.705364345494455e-01,1.368983709325659e-02,5.141977207936793e-03,2.258353537660780e-01,2.757550089399960e+00,2.757550089399960e+00,9.239827869900311e-03,1.133867403735911e-02,1,9.886613259626409e-01,NaN,NaN,NaN,NaN,NaN,NaN,NaN,NaN,NaN,1.000000000000000e+00,NaN,NaN,NaN,NaN,NaN,NaN,NaN,NaN,NaN,1.131142978780756e+00,1.055158295299040e+02,1.290705876096103e-03,2.996335006107964e-04,10,9.997003664993892e-01,9.989496517062447e-01,9.974087095550560e-01,9.963625905856968e-01,9.948347120099675e-01,9.925743478769558e-01,9.910862536643592e-01,9.841543096900924e-01,9.833941883302539e-01,9.728015055699962e-01,9.183928833037520e-03,1.868186889052826e-02,2.591897764368299e-02,1.048998355906302e-01,1.730281450938541e-01,1.922384956173003e-01,4.096878564002667e-02,1.243911173744088e-01,1.372069732241416e-02,2.969681479941175e-01,2.322601952739402e+00,2.322601952739402e+00,9.776536263755209e-03,1.343351624432121e-02,1,9.865664837556788e-01,NaN,NaN,NaN,NaN,NaN,NaN,NaN,NaN,NaN,1.000000000000000e+00,NaN,NaN,NaN,NaN,NaN,NaN,NaN,NaN,NaN,false
3,1.000000000000000e+02,0,3,CONTINUE,4.957110614765969e-01,9.420435999526830e-02,1.000000000000000e-09,7.926667393582828e-03,3.787875231871452e-14,1.131142978780598e+00,1.973471920408392e+02,8.643140896684357e-01,,,2.945259626292997e+00,9.773434330223860e-01,7.544446279759174e+00,1.040214171105694e-02,9.699796903151915e+01,REACHED_FORCE,REACHED_FORCE,,2,0,0,1,0,0,,,,6.030238104967172e-07,NaN,5.882100876831595e-05,NaN,,,9.454248312904938e-03,2.792204775868507e-03,,solution good enough for the tolerances given,solution good enough for the tolerances given,,2.830052339284748e-05,2.792204775868507e-03,,6.544776595124902e-15,6.030238104967172e-07,5.584368881852710e-15,5.882100876831595e-05,,,6.030238104967172e-07,5.882100876831595e-05,,7.905003035520261e-02,2.872289209074391e+00,3.463517218995015e-02,5.549441196016027e-02,8.009324983037414e-01,7.400000000000000e-01,1.131142978780598e+00,1.973471920408392e+02,3.281326699968019e-04,5.066954944277224e-05,10,9.999493304505572e-01,9.997968928880303e-01,9.994408136559584e-01,9.990467558238413e-01,9.983642319739862e-01,9.976404667227572e-01,9.971638567324617e-01,9.949347095657236e-01,9.946889351541308e-01,9.912368562170134e-01,3.267188069628337e-02,1.245613219183809e-01,2.134094569645823e-02,2.855397537806428e-02,2.918292147385399e-02,4.500249012877240e-02,4.689078323054420e-01,1.377361967486766e-02,5.178869641187515e-03,2.308261430866906e-01,2.714829965944295e+00,2.714829965944295e+00,2.987920765160328e-03,3.669953767751699e-03,1,9.963300462322483e-01,NaN,NaN,NaN,NaN,NaN,NaN,NaN,NaN,NaN,1.000000000000000e+00,NaN,NaN,NaN,NaN,NaN,NaN,NaN,NaN,NaN,1.131142978780627e+00,1.053414374415000e+02,4.063770728086732e-04,9.492039447067668e-05,10,9.999050796055293e-01,9.996668661679825e-01,9.991748154695500e-01,9.988451413896613e-01,9.983605924440607e-01,9.976399703086600e-01,9.971641570063232e-01,9.949347088233907e-01,9.946889347681658e-01,9.912368562170136e-01,9.046210572138603e-03,1.840739171161934e-02,2.611757618557108e-02,1.031294074935472e-01,1.708865580661873e-01,1.906274696976933e-01,4.074175952541653e-02,1.249294331841496e-01,1.379776766900904e-02,3.023164258946682e-01,NaN,NaN,NaN,NaN,0,NaN,NaN,NaN,NaN,NaN,NaN,NaN,NaN,NaN,NaN,NaN,NaN,NaN,NaN,NaN,NaN,NaN,NaN,NaN,NaN,false
3,3.162000000000000e+02,0,2,CONTINUE,4.957110614765969e-01,9.440172351247540e-02,1.000000000000000e-09,7.926667393582828e-03,3.787875231871452e-14,1.131142978780452e+00,1.971040985308988e+02,8.638523004619635e-01,,,2.944099570396340e+00,9.782950215263869e-01,7.544304869360936e+00,1.040214171105694e-02,9.699796903151915e+01,REACHED_FORCE,REACHED_FORCE,,1,0,0,1,0,0,,,,5.621193043828192e-05,NaN,1.863223375213003e-05,NaN,,,2.997498795481095e-03,8.864910612540702e-04,,solution good enough for the tolerances given,solution good enough for the tolerances given,,2.997498795481095e-03,8.864910612540702e-04,,2.524809008239506e-14,5.621193043828192e-05,1.977826127435744e-14,1.863223375213003e-05,,,5.621193043828192e-05,1.863223375213003e-05,,4.455341172623436e-02,2.872183937924963e+00,3.463517218995015e-02,5.549441196016027e-02,8.009324983037414e-01,7.400000000000000e-01,1.131142978780452e+00,1.971040985308988e+02,1.038955856548660e-04,1.604484445316690e-05,10,9.999839551555468e-01,9.999357292560166e-01,9.998228211105243e-01,9.996982011976328e-01,9.994820651680688e-01,9.992525709864764e-01,9.991013111546477e-01,9.983925065139123e-01,9.983142245845821e-01,9.972119016882364e-01,3.255695204522083e-02,1.239618383375686e-01,2.125866495964204e-02,2.840746862321156e-02,2.909616913598292e-02,4.491990691514086e-02,4.683652699977329e-01,1.379983524785136e-02,5.190472042766102e-03,2.324434226948831e-01,NaN,NaN,NaN,NaN,0,NaN,NaN,NaN,NaN,NaN,NaN,NaN,NaN,NaN,NaN,NaN,NaN,NaN,NaN,NaN,NaN,NaN,NaN,NaN,NaN,1.131142978780633e+00,1.052998544748757e+02,1.282543574396902e-04,3.003290346192955e-05,10,9.999699670965381e-01,9.998945446727978e-01,9.997381943778889e-01,9.996342436355521e-01,9.994809236662601e-01,9.992524163694121e-01,9.991014079037401e-01,9.983925062916151e-01,9.983142244684236e-01,9.972119016882368e-01,8.977645326181479e-03,1.829298030536776e-02,2.630101179960252e-02,1.024568921328536e-01,1.693819694121806e-01,1.893524493612554e-01,3.885569125470521e-02,1.238703460750652e-01,1.380673095643545e-02,3.087042833763533e-01,NaN,NaN,NaN,NaN,0,NaN,NaN,NaN,NaN,NaN,NaN,NaN,NaN,NaN,NaN,NaN,NaN,NaN,NaN,NaN,NaN,NaN,NaN,NaN,NaN,true
3,1.000000000000000e+03,0,2,CONTINUE,4.957110614765969e-01,9.427283792217671e-02,1.000000000000000e-09,7.926667393582828e-03,3.787875231871452e-14,1.131142978780145e+00,1.970270532544625e+02,8.641669750416997e-01,,,2.944256460591995e+00,9.781626220235649e-01,7.544481341022156e+00,1.040214171105694e-02,9.699796903151915e+01,REACHED_FORCE,REACHED_FORCE,,1,0,0,1,0,0,,,,1.778597085754746e-05,NaN,5.902253815281359e-06,NaN,,,9.485682288525328e-04,2.803921582397541e-04,,solution good enough for the tolerances given,solution good enough for the tolerances given,,9.485682288525328e-04,2.803921582397541e-04,,5.400888650401744e-14,1.778597085754746e-05,1.006178358995396e-13,5.902253815281359e-06,,,1.778597085754746e-05,5.902253815281359e-06,,2.507079837767863e-02,2.872150641834113e+00,3.463517218995015e-02,5.549441196016027e-02,8.009324983037414e-01,7.400000000000000e-01,1.131142978780145e+00,1.970270532544625e+02,3.286409870791665e-05,5.075419380551338e-06,10,9.999949245806194e-01,9.999796738824732e-01,9.999439426458318e-01,9.999045381433324e-01,9.998361675088103e-01,9.997635413299187e-01,9.997156598430073e-01,9.994911512294286e-01,9.994663426471253e-01,9.991167193378018e-01,3.252047561657947e-02,1.237717996222643e-01,2.123259897854603e-02,2.836101230686178e-02,2.906856938810152e-02,4.489351463901053e-02,4.681908340491166e-01,1.380809713024551e-02,5.194134689786748e-03,2.329589635794868e-01,NaN,NaN,NaN,NaN,0,NaN,NaN,NaN,NaN,NaN,NaN,NaN,NaN,NaN,NaN,NaN,NaN,NaN,NaN,NaN,NaN,NaN,NaN,NaN,NaN,1.131142978779291e+00,1.052726102584374e+02,4.055507428149270e-05,9.499056767836578e-06,10,9.999905009432322e-01,9.999666447252401e-01,9.999172150581886e-01,9.998843123883958e-01,9.998358036189516e-01,9.997634925176851e-01,9.997156892508958e-01,9.994911511602250e-01,9.994663426110469e-01,9.991167193378011e-01,8.979788745626513e-03,1.828156920998200e-02,2.623431988971055e-02,1.023408111173658e-01,1.697117522727417e-01,1.896980709803751e-01,4.005565575991243e-02,1.247251656252037e-01,1.382010157531946e-02,3.061527648237630e-01,NaN,NaN,NaN,NaN,0,NaN,NaN,NaN,NaN,NaN,NaN,NaN,NaN,NaN,NaN,NaN,NaN,NaN,NaN,NaN,NaN,NaN,NaN,NaN,NaN,false
3,3.162000000000000e+03,0,2,CONTINUE,4.957110614765969e-01,9.423188910218012e-02,1.000000000000000e-09,7.926667393582828e-03,3.787875231871452e-14,1.131142978775858e+00,1.970026774936182e+02,8.642669204431216e-01,,,2.944305818719761e+00,9.781202870573187e-01,7.544537343454177e+00,1.040214171105694e-02,9.699796903151915e+01,REACHED_FORCE,REACHED_FORCE,,1,0,0,1,0,0,,,,5.626089503096079e-06,NaN,1.867693838890275e-06,NaN,,,3.000660166425749e-04,8.868410733857254e-05,,solution good enough for the tolerances given,solution good enough for the tolerances given,,3.000660166425749e-04,8.868410733857254e-05,,1.501728424389246e-13,5.626089503096079e-06,2.599445913697581e-13,1.867693838890275e-06,,,5.626089503096079e-06,1.867693838890275e-06,,1.410211779427261e-02,2.872140114384917e+00,3.463517218995015e-02,5.549441196016027e-02,8.009324983037414e-01,7.400000000000000e-01,1.131142978775858e+00,1.970026774936182e+02,1.039468863310217e-05,1.605333647236584e-06,10,9.999983946663528e-01,9.999935713817710e-01,9.999822682104472e-01,9.999698063500980e-01,9.999481809162184e-01,9.999252064683557e-01,9.999100583645503e-01,9.998390177505837e-01,9.998311663035210e-01,9.997204887945745e-01,3.250892994616369e-02,1.237116707120041e-01,2.122435327335301e-02,2.834631213537752e-02,2.905982680776109e-02,4.488514261586778e-02,4.681353962924932e-01,1.381070629211461e-02,5.195292001243914e-03,2.331223699236215e-01,NaN,NaN,NaN,NaN,0,NaN,NaN,NaN,NaN,NaN,NaN,NaN,NaN,NaN,NaN,NaN,NaN,NaN,NaN,NaN,NaN,NaN,NaN,NaN,NaN,1.131142978774959e+00,1.052639937607696e+02,1.282589353049960e-05,3.004394693917334e-06,10,9.999969956053061e-01,9.999894501770343e-01,9.999738186151095e-01,9.999634096091192e-01,9.999480655409659e-01,9.999251910390685e-01,9.999100675502717e-01,9.998390177288049e-01,9.998311662921749e-01,9.997204887945743e-01,8.980429454442071e-03,1.827789064321637e-02,2.621311955893638e-02,1.023036817283987e-01,1.698154490012388e-01,1.898065939116036e-01,4.043934360940213e-02,1.249962395870049e-01,1.382429425316905e-02,3.053429582525886e-01,NaN,NaN,NaN,NaN,0,NaN,NaN,NaN,NaN,NaN,NaN,NaN,NaN,NaN,NaN,NaN,NaN,NaN,NaN,NaN,NaN,NaN,NaN,NaN,NaN,false
3,1.000000000000000e+04,0,2,CONTINUE,4.957110614765969e-01,9.421891782335962e-02,1.000000000000000e-09,7.926667393582828e-03,3.787875231871452e-14,1.131142978777273e+00,1.969949669100014e+02,8.642985768337558e-01,,,2.944321404915125e+00,9.781068497154203e-01,7.544555076707026e+00,1.040214171105694e-02,9.699796903151915e+01,REACHED_FORCE,REACHED_FORCE,,1,0,0,1,0,0,,,,1.779087353233454e-06,NaN,5.906721198001319e-07,NaN,,,9.488848658656555e-05,2.804277369795576e-05,,solution good enough for the tolerances given,solution good enough for the tolerances given,,9.488848658656555e-05,2.804277369795576e-05,,5.510006440345098e-13,1.779087353233454e-06,8.130218685538701e-13,5.906721198001319e-07,,,1.779087353233454e-06,5.906721198001319e-07,,7.930416765090985e-03,2.872136784742398e+00,3.463517218995015e-02,5.549441196016027e-02,8.009324983037414e-01,7.400000000000000e-01,1.131142978777273e+00,1.969949669100014e+02,3.286924248332293e-06,5.076269247172860e-07,10,9.999994923730753e-01,9.999979672337994e-01,9.999943928739363e-01,9.999904524368683e-01,9.999836141904080e-01,9.999763490680877e-01,9.999715587055670e-01,9.999490918087630e-01,9.999466086212001e-01,9.999116016612911e-01,3.250527700180371e-02,1.236926487098767e-01,2.122174487555525e-02,2.834166153048637e-02,2.905706006466731e-02,4.488249195499151e-02,4.681178337563315e-01,1.381153121061377e-02,5.195657966266040e-03,2.331740929294079e-01,NaN,NaN,NaN,NaN,0,NaN,NaN,NaN,NaN,NaN,NaN,NaN,NaN,NaN,NaN,NaN,NaN,NaN,NaN,NaN,NaN,NaN,NaN,NaN,NaN,1.131142978785797e+00,1.052612683564082e+02,4.055560914965187e-06,9.500161508579907e-07,10,9.999990499838491e-01,9.999966640426111e-01,9.999917214275754e-01,9.999884297640690e-01,9.999835776794957e-01,9.999763441901359e-01,9.999715615987379e-01,9.999490918018866e-01,9.999466086176177e-01,9.999116016612918e-01,8.980628366475344e-03,1.827672007707642e-02,2.620640287736463e-02,1.022918954171408e-01,1.698481884704584e-01,1.898408414968167e-01,4.056112660574083e-02,1.250820551144884e-01,1.382561678492726e-02,3.050865247895122e-01,NaN,NaN,NaN,NaN,0,NaN,NaN,NaN,NaN,NaN,NaN,NaN,NaN,NaN,NaN,NaN,NaN,NaN,NaN,NaN,NaN,NaN,NaN,NaN,NaN,false
3,3.162000000000000e+04,0,2,CONTINUE,4.957110614765969e-01,9.421481463192105e-02,1.000000000000000e-09,7.926667393582828e-03,3.787875231871452e-14,1.131142978713578e+00,1.969925287068726e+02,8.643085903494104e-01,,,2.944326330361086e+00,9.781025964072838e-01,7.544560685590587e+00,1.040214171105694e-02,9.699796903151915e+01,REACHED_FORCE,REACHED_FORCE,,1,0,0,1,0,0,,,,5.626580081073110e-07,NaN,1.868140582099130e-07,NaN,,,3.000977035155320e-05,8.868768442940065e-06,,solution good enough for the tolerances given,solution good enough for the tolerances given,,3.000977035155320e-05,8.868768442940065e-06,,1.761020785678298e-12,5.626580081073110e-07,2.189094213020944e-12,1.868140582099130e-07,,,5.626580081073110e-07,1.868140582099130e-07,,4.459896709049646e-03,2.872135731994136e+00,3.463517218995015e-02,5.549441196016027e-02,8.009324983037414e-01,7.400000000000000e-01,1.131142978713578e+00,1.969925287068726e+02,1.039520540597666e-06,1.605418671335457e-07,10,9.999998394581329e-01,9.999993571227271e-01,9.999982266819235e-01,9.999969804972130e-01,9.999948178355025e-01,9.999925201401690e-01,9.999910051082970e-01,9.999838994423376e-01,9.999831140645192e-01,9.999720418463004e-01,3.250412213796305e-02,1.236866338764940e-01,2.122092018247636e-02,2.834019089235460e-02,2.905618511997980e-02,4.488165359452179e-02,4.681122780211160e-01,1.381179198227591e-02,5.195773682068857e-03,2.331904505107499e-01,NaN,NaN,NaN,NaN,0,NaN,NaN,NaN,NaN,NaN,NaN,NaN,NaN,NaN,NaN,NaN,NaN,NaN,NaN,NaN,NaN,NaN,NaN,NaN,NaN,1.131142978731546e+00,1.052604067883700e+02,1.282594975376611e-06,3.004505199077911e-07,10,9.999996995494801e-01,9.999989449746745e-01,9.999973818538116e-01,9.999963408134213e-01,9.999948062857991e-01,9.999925185975681e-01,9.999910060221467e-01,9.999838994401651e-01,9.999831140633879e-01,9.999720418463008e-01,8.980690877029960e-03,1.827634924348407e-02,2.620427805312618e-02,1.022881645710068e-01,1.698585341629045e-01,1.898516620155817e-01,4.059967423668668e-02,1.251091957191789e-01,1.382603467441997e-02,3.050054164465806e-01,NaN,NaN,NaN,NaN,0,NaN,NaN,NaN,NaN,NaN,NaN,NaN,NaN,NaN,NaN,NaN,NaN,NaN,NaN,NaN,NaN,NaN,NaN,NaN,NaN,false
3,1.000000000000000e+05,0,2,CONTINUE,4.957110614765969e-01,9.421351685141682e-02,1.000000000000000e-09,7.926667393582828e-03,3.787875231871452e-14,1.131142978673934e+00,1.969917583307019e+02,8.643117575238476e-01,,,2.944327887779444e+00,9.781012506598638e-01,7.544562459697514e+00,1.040214171105694e-02,9.699796903151915e+01,REACHED_FORCE,REACHED_FORCE,,1,0,0,1,0,0,,,,1.779136409303246e-07,NaN,5.907167844269686e-08,NaN,,,9.489165526684471e-06,2.804313194929781e-06,,solution good enough for the tolerances given,solution good enough for the tolerances given,,9.489165526684471e-06,2.804313194929781e-06,,5.004557951440155e-12,1.779136409303246e-07,7.814783102332428e-12,5.907167844269686e-08,,,1.779136409303246e-07,5.907167844269686e-08,,2.507891875957066e-03,2.872135399029550e+00,3.463517218995015e-02,5.549441196016027e-02,8.009324983037414e-01,7.400000000000000e-01,1.131142978673934e+00,1.969917583307019e+02,3.286976569901925e-07,5.076354248068071e-08,10,9.999999492364575e-01,9.999997967218347e-01,9.999994392734810e-01,9.999990452299080e-01,9.999983613934313e-01,9.999976348561492e-01,9.999971557977496e-01,9.999949089476179e-01,9.999946606055493e-01,9.999911594627884e-01,3.250375607824291e-02,1.236847324345473e-01,2.122065932708812e-02,2.833972573692431e-02,2.905590833338432e-02,4.488138825755595e-02,4.681105207049706e-01,1.381187438962696e-02,5.195810318839676e-03,2.331956244188210e-01,NaN,NaN,NaN,NaN,0,NaN,NaN,NaN,NaN,NaN,NaN,NaN,NaN,NaN,NaN,NaN,NaN,NaN,NaN,NaN,NaN,NaN,NaN,NaN,NaN,1.131142978588701e+00,1.052601332427738e+02,4.055567692443587e-07,9.500272080131822e-08,10,9.999999049972792e-01,9.999996663999563e-01,9.999991721419851e-01,9.999988429616579e-01,9.999983577411221e-01,9.999976343683854e-01,9.999971560865946e-01,9.999949089469302e-01,9.999946606051923e-01,9.999911594627877e-01,8.980710654871571e-03,1.827623196434982e-02,2.620360680728063e-02,1.022869834279605e-01,1.698618053656725e-01,1.898550835413235e-01,4.061187038214392e-02,1.251177807993447e-01,1.382616658040159e-02,3.049797604766511e-01,NaN,NaN,NaN,NaN,0,NaN,NaN,NaN,NaN,NaN,NaN,NaN,NaN,NaN,NaN,NaN,NaN,NaN,NaN,NaN,NaN,NaN,NaN,NaN,NaN,false
3,3.162000000000000e+05,0,2,CONTINUE,4.957110614765969e-01,9.421310566809649e-02,1.000000000000000e-09,7.926667393582828e-03,3.787875231871452e-14,1.131142978640675e+00,1.969914695180895e+02,8.643127610470122e-01,,,2.944328379639340e+00,9.781008255676957e-01,7.544563021282136e+00,1.040214171105694e-02,9.699796903151915e+01,REACHED_FORCE,REACHED_FORCE,,1,0,0,1,0,0,,,,5.626629151412000e-08,NaN,1.868185256922191e-08,NaN,,,3.001008730187324e-06,8.868804307006967e-07,,solution good enough for the tolerances given,solution good enough for the tolerances given,,3.001008730187324e-06,8.868804307006967e-07,,2.087536716289427e-11,5.626629151412000e-08,2.133316049769173e-11,1.868185256922191e-08,,,5.626629151412000e-08,1.868185256922191e-08,,1.410356317296512e-03,2.872135293754690e+00,3.463517218995015e-02,5.549441196016027e-02,8.009324983037414e-01,7.400000000000000e-01,1.131142978640675e+00,1.969914695180895e+02,1.039533465578321e-07,1.605427535356085e-08,10,9.999999839457246e-01,9.999999357121144e-01,9.999998226667678e-01,9.999996980483251e-01,9.999994817809835e-01,9.999992520089489e-01,9.999991005035462e-01,9.999983899209045e-01,9.999983113807897e-01,9.999972041142788e-01,3.250364717265877e-02,1.236841288095947e-01,2.122057797209547e-02,2.833957345547737e-02,2.905582075199568e-02,4.488130372437938e-02,4.681099667040238e-01,1.381189905908288e-02,5.195821783873831e-03,2.331972605668176e-01,NaN,NaN,NaN,NaN,0,NaN,NaN,NaN,NaN,NaN,NaN,NaN,NaN,NaN,NaN,NaN,NaN,NaN,NaN,NaN,NaN,NaN,NaN,NaN,NaN,1.131142978461007e+00,1.052600454782364e+02,1.282600035789780e-07,3.004516324622841e-08,10,9.999999699548368e-01,9.999998944970326e-01,9.999997381852777e-01,9.999996340798554e-01,9.999994806258935e-01,9.999992518546930e-01,9.999991005948843e-01,9.999983899206853e-01,9.999983113806766e-01,9.999972041142784e-01,8.980717155211499e-03,1.827619553900881e-02,2.620340519387480e-02,1.022866020331733e-01,1.698628367207524e-01,1.898561648530598e-01,4.061572681628189e-02,1.251204999937408e-01,1.382620394232790e-02,3.049716477525681e-01,NaN,NaN,NaN,NaN,0,NaN,NaN,NaN,NaN,NaN,NaN,NaN,NaN,NaN,NaN,NaN,NaN,NaN,NaN,NaN,NaN,NaN,NaN,NaN,NaN,false
3,1.000000000000000e+06,0,2,CONTINUE,4.957110614765969e-01,9.421297537611541e-02,1.000000000000000e-09,7.926667393582828e-03,3.787875231871452e-14,1.131142976851823e+00,1.969912684303081e+02,8.643130789822735e-01,,,2.944328531670799e+00,9.781006927528050e-01,7.544563199155952e+00,1.040214171105694e-02,9.699796903151915e+01,REACHED_FORCE,REACHED_FORCE,,1,0,0,1,0,0,,,,1.779141314933469e-08,NaN,5.907212521697949e-09,NaN,,,9.489197225839541e-07,2.804316785112311e-07,,solution good enough for the tolerances given,solution good enough for the tolerances given,,9.489197225839541e-07,2.804316785112311e-07,,6.103496999830062e-11,1.779141314933469e-08,6.992946575479103e-11,5.907212521697949e-09,,,1.779141314933469e-08,5.907212521697949e-09,,7.930673829546822e-04,2.872135260458228e+00,3.463517218995015e-02,5.549441196016027e-02,8.009324983037414e-01,7.400000000000000e-01,1.131142976851823e+00,1.969912684303081e+02,3.287115164576860e-08,5.076367104450696e-09,10,9.999999949236329e-01,9.999999796721625e-01,9.999999439271524e-01,9.999999045228222e-01,9.999998361390783e-01,9.999997634851063e-01,9.999997155790461e-01,9.999994908924295e-01,9.999994660579883e-01,9.999991159392434e-01,3.250363466114543e-02,1.236839352831964e-01,2.122055852462146e-02,2.833950349625348e-02,2.905578997540847e-02,4.488127454791141e-02,4.681097926121852e-01,1.381190734257514e-02,5.195825307094685e-03,2.331977782496083e-01,NaN,NaN,NaN,NaN,0,NaN,NaN,NaN,NaN,NaN,NaN,NaN,NaN,NaN,NaN,NaN,NaN,NaN,NaN,NaN,NaN,NaN,NaN,NaN,NaN,1.131142976283617e+00,1.052598883520763e+02,4.056143276302387e-08,9.500294995135050e-09,10,9.999999904997050e-01,9.999999666398950e-01,9.999999172138555e-01,9.999998842958686e-01,9.999998357738126e-01,9.999997634363267e-01,9.999997156079221e-01,9.999994908923608e-01,9.999994660579543e-01,9.999991159392430e-01,8.980735683916238e-03,1.827620989206182e-02,2.620379455436596e-02,1.022861837802296e-01,1.698629918509994e-01,1.898564882028350e-01,4.061693518753917e-02,1.251213584590239e-01,1.382621824943354e-02,3.049690841395960e-01,NaN,NaN,NaN,NaN,0,NaN,NaN,NaN,NaN,NaN,NaN,NaN,NaN,NaN,NaN,NaN,NaN,NaN,NaN,NaN,NaN,NaN,NaN,NaN,NaN,false
3,3.162000000000000e+06,0,2,CONTINUE,4.957110614765969e-01,9.421293986813808e-02,1.000000000000000e-09,7.926667393582828e-03,3.787875231871452e-14,1.131142972905791e+00,1.969904057035285e+02,8.643131647926086e-01,,,2.944328576900751e+00,9.781006456764407e-01,7.544563250089213e+00,1.040214171105694e-02,9.699796903151915e+01,REACHED_FORCE,REACHED_FORCE,,1,0,0,1,0,0,,,,5.626634053909244e-09,NaN,1.868189719454612e-09,NaN,,,3.001011899271789e-07,8.868807840571246e-08,,solution good enough for the tolerances given,solution good enough for the tolerances given,,3.001011899271789e-07,8.868807840571246e-08,,1.662144624529856e-10,5.626634053909244e-09,1.583583610721012e-10,1.868189719454612e-09,,,5.626634053909244e-09,1.868189719454612e-09,,4.459942436990562e-04,2.872135249930742e+00,3.463517218995015e-02,5.549441196016027e-02,8.009324983037414e-01,7.400000000000000e-01,1.131142972905791e+00,1.969904057035285e+02,1.039798767512290e-08,1.605436228402368e-09,10,9.999999983945638e-01,9.999999935711976e-01,9.999999822665487e-01,9.999999698047584e-01,9.999999481780553e-01,9.999999252008404e-01,9.999999100502801e-01,9.999998389918567e-01,9.999998311378215e-01,9.999997204107229e-01,3.250377914901741e-02,1.236838617539207e-01,2.122059246810493e-02,2.833933555290965e-02,2.905576184915135e-02,4.488125190609929e-02,4.681097458466427e-01,1.381189536754673e-02,5.195833897015667e-03,2.331979422095918e-01,NaN,NaN,NaN,NaN,0,NaN,NaN,NaN,NaN,NaN,NaN,NaN,NaN,NaN,NaN,NaN,NaN,NaN,NaN,NaN,NaN,NaN,NaN,NaN,NaN,1.131142972007458e+00,1.052598196195619e+02,1.282862715092005e-08,3.004522852734226e-09,10,9.999999969954771e-01,9.999999894496734e-01,9.999999738183734e-01,9.999999634079028e-01,9.999999480625481e-01,9.999999251854160e-01,9.999999100594121e-01,9.999998389918363e-01,9.999998311378107e-01,9.999997204107227e-01,8.980746523225794e-03,1.827621643449018e-02,2.620399222783600e-02,1.022860049265966e-01,1.698630837002847e-01,1.898565052992271e-01,4.061732373261018e-02,1.251216351313394e-01,1.382622529200076e-02,3.049682667323886e-01,NaN,NaN,NaN,NaN,0,NaN,NaN,NaN,NaN,NaN,NaN,NaN,NaN,NaN,NaN,NaN,NaN,NaN,NaN,NaN,NaN,NaN,NaN,NaN,NaN,false
3,1.000000000000000e+07,0,2,CONTINUE,4.957110614765969e-01,9.421292590785077e-02,1.000000000000000e-09,7.926667393582828e-03,3.787875231871452e-14,1.131142983064120e+00,1.969910539164114e+02,8.643132053427323e-01,,,2.944328605847250e+00,9.781006324111935e-01,7.544563269069801e+00,1.040214171105694e-02,9.699796903151915e+01,REACHED_FORCE,REACHED_FORCE,,1,0,0,1,0,0,,,,1.779141805205652e-09,NaN,5.907217260471683e-10,NaN,,,9.489200355167086e-08,2.804317275836489e-08,,solution good enough for the tolerances given,solution good enough for the tolerances given,,9.489200355167086e-08,2.804317275836489e-08,,4.345459879340240e-10,1.779141805205652e-09,5.432537257097995e-10,5.907217260471683e-10,,,1.779141805205652e-09,5.907217260471683e-10,,2.507900011736271e-04,2.872135246601095e+00,3.463517218995015e-02,5.549441196016027e-02,8.009324983037414e-01,7.400000000000000e-01,1.131142983064120e+00,1.969910539164114e+02,3.287074712401429e-09,5.076372655565820e-10,10,9.999999994923627e-01,9.999999979672154e-01,9.999999943927158e-01,9.999999904522823e-01,9.999999836139056e-01,9.999999763485065e-01,9.999999715578975e-01,9.999999490892191e-01,9.999999466057738e-01,9.999999115938545e-01,3.250359085307072e-02,1.236838764783703e-01,2.122056361591035e-02,2.833949908381150e-02,2.905578245089186e-02,4.488126928907125e-02,4.681096986510843e-01,1.381188596264374e-02,5.195837701627403e-03,2.331979959135196e-01,NaN,NaN,NaN,NaN,0,NaN,NaN,NaN,NaN,NaN,NaN,NaN,NaN,NaN,NaN,NaN,NaN,NaN,NaN,NaN,NaN,NaN,NaN,NaN,NaN,1.131142971700014e+00,1.052582040590152e+02,4.063742992876072e-09,9.500447095689424e-10,10,9.999999990499553e-01,9.999999966639148e-01,9.999999917209434e-01,9.999999884293891e-01,9.999999835773387e-01,9.999999763436204e-01,9.999999715607804e-01,9.999999490892131e-01,9.999999466057692e-01,9.999999115938536e-01,8.980968163406176e-03,1.827654804704099e-02,2.620994951462881e-02,1.022820073545602e-01,1.698608927748123e-01,1.898563611318213e-01,4.061732888257290e-02,1.251217059722523e-01,1.382622451802836e-02,3.049680136408773e-01,NaN,NaN,NaN,NaN,0,NaN,NaN,NaN,NaN,NaN,NaN,NaN,NaN,NaN,NaN,NaN,NaN,NaN,NaN,NaN,NaN,NaN,NaN,NaN,NaN,false
3,3.162000000000000e+07,0,2,CONTINUE,4.957110614765969e-01,9.421293348194583e-02,1.000000000000000e-09,7.926667393582828e-03,3.787875231871452e-14,1.131142964679301e+00,1.967634960133578e+02,8.643132037821624e-01,,,2.944328541066263e+00,9.781005919790946e-01,7.544563273401984e+00,1.040214171105694e-02,9.699796903151915e+01,REACHED_FORCE,REACHED_FORCE,,1,0,0,1,0,0,,,,2.167279013215962e-09,NaN,2.143200345518557e-09,NaN,,,3.001012137272031e-08,8.868809058100460e-09,,solution good enough for the tolerances given,solution good enough for the tolerances given,,3.001012137272031e-08,8.868809058100460e-09,,2.167279013215962e-09,5.626634271196618e-10,2.143200345518557e-09,1.868190620046208e-10,,,2.167279013215962e-09,2.143200345518557e-09,,1.410357790499365e-04,2.872135245548347e+00,3.463517218995015e-02,5.549441196016027e-02,8.009324983037414e-01,7.400000000000000e-01,1.131142964679301e+00,1.967634960133578e+02,1.098962315199030e-09,1.607287636318233e-10,10,9.999999998392712e-01,9.999999993568529e-01,9.999999982240293e-01,9.999999969790854e-01,9.999999948174121e-01,9.999999925199889e-01,9.999999910050255e-01,9.999999838991848e-01,9.999999831137799e-01,9.999999720410651e-01,3.254766866112507e-02,1.236772863510525e-01,2.123176773919074e-02,2.829911015821229e-02,2.905037890593012e-02,4.487978927547443e-02,4.681082928115475e-01,1.381189085446443e-02,5.195827898855475e-03,2.331979873441475e-01,NaN,NaN,NaN,NaN,0,NaN,NaN,NaN,NaN,NaN,NaN,NaN,NaN,NaN,NaN,NaN,NaN,NaN,NaN,NaN,NaN,NaN,NaN,NaN,NaN,1.131142982645951e+00,1.052596487650653e+02,1.283110954768245e-09,3.004527737715534e-10,10,9.999999996995472e-01,9.999999989449651e-01,9.999999973818241e-01,9.999999963407833e-01,9.999999948062537e-01,9.999999925185412e-01,9.999999910059398e-01,9.999999838991821e-01,9.999999831137792e-01,9.999999720410655e-01,8.980772912902318e-03,1.827623107635059e-02,2.620454074223456e-02,1.022854979836528e-01,1.698630856899909e-01,1.898564265308791e-01,4.061752582038156e-02,1.251218465310891e-01,1.382620664319875e-02,3.049678660693204e-01,NaN,NaN,NaN,NaN,0,NaN,NaN,NaN,NaN,NaN,NaN,NaN,NaN,NaN,NaN,NaN,NaN,NaN,NaN,NaN,NaN,NaN,NaN,NaN,NaN,false
3,1.000000000000000e+08,0,2,CONTINUE,4.957110614765969e-01,9.421283250766081e-02,1.000000000000000e-09,7.926667393582828e-03,3.787875231871452e-14,1.131142999197431e+00,1.946013052556127e+02,8.643133981892526e-01,,,2.944328616086547e+00,9.781004431780671e-01,7.544563332110704e+00,1.040214171105694e-02,9.699796903151915e+01,REACHED_FORCE,REACHED_FORCE,,1,0,0,1,0,0,,,,5.087276856373826e-09,NaN,7.706325276302009e-09,NaN,,,9.489200066160743e-09,2.804317072968770e-09,,solution good enough for the tolerances given,solution good enough for the tolerances given,,9.489200066160743e-09,2.804317072968770e-09,,5.087276856373826e-09,1.779141712002283e-10,7.706325276302009e-09,5.907220135178024e-11,,,5.087276856373826e-09,7.706325276302009e-09,,7.930676780968553e-05,2.872135245215382e+00,3.463517218995015e-02,5.549441196016027e-02,8.009324983037414e-01,7.400000000000000e-01,1.131142999197431e+00,1.946013052556127e+02,4.970601051894106e-10,5.138711678398522e-11,10,9.999999999486129e-01,9.999999997958198e-01,9.999999994302196e-01,9.999999990402870e-01,9.999999983599985e-01,9.999999976345135e-01,9.999999971557842e-01,9.999999949089213e-01,9.999999946605771e-01,9.999999911593849e-01,3.297652039148111e-02,1.236065933891716e-01,2.136621329398371e-02,2.789063081653946e-02,2.899550911419484e-02,4.486549787161363e-02,4.680934557758251e-01,1.381190731246299e-02,5.195763200094500e-03,2.331979088346331e-01,NaN,NaN,NaN,NaN,0,NaN,NaN,NaN,NaN,NaN,NaN,NaN,NaN,NaN,NaN,NaN,NaN,NaN,NaN,NaN,NaN,NaN,NaN,NaN,NaN,1.131143141248765e+00,1.052597048292566e+02,4.057162521268499e-10,9.500311648480420e-11,10,9.999999999049969e-01,9.999999996663977e-01,9.999999991721336e-01,9.999999988429562e-01,9.999999983577379e-01,9.999999976343628e-01,9.999999971560780e-01,9.999999949089216e-01,9.999999946605771e-01,9.999999911593860e-01,8.980818324251514e-03,1.827662599952045e-02,2.620385256647432e-02,1.022850911888997e-01,1.698636250993849e-01,1.898561080888345e-01,4.061775055821400e-02,1.251220663538035e-01,1.382638027901608e-02,3.049676815416009e-01,NaN,NaN,NaN,NaN,0,NaN,NaN,NaN,NaN,NaN,NaN,NaN,NaN,NaN,NaN,NaN,NaN,NaN,NaN,NaN,NaN,NaN,NaN,NaN,NaN,false
3,3.162000000000000e+08,0,2,CONTINUE,4.957110614765969e-01,9.421276331844820e-02,1.000000000000000e-09,7.926667393582828e-03,3.787875231871452e-14,1.131142624826093e+00,1.879925962775147e+02,8.643135877876292e-01,,,2.944327046160043e+00,9.781011111461522e-01,7.544563329515191e+00,1.040214171105694e-02,9.699796903151915e+01,REACHED_FORCE,REACHED_FORCE,,1,0,0,1,0,0,,,,1.472451711769429e-08,NaN,2.570372880256730e-08,NaN,,,3.001013240546732e-09,8.868811996522642e-10,,solution good enough for the tolerances given,solution good enough for the tolerances given,,3.001013240546732e-09,8.868811996522642e-10,,1.472451711769429e-08,5.626636893243221e-11,2.570372880256730e-08,1.868189227610324e-11,,,1.472451711769429e-08,2.570372880256730e-08,,4.459943568360503e-05,2.872135245110107e+00,3.463517218995015e-02,5.549441196016027e-02,8.009324983037414e-01,7.400000000000000e-01,1.131142624826093e+00,1.879925962775147e+02,2.640486057704681e-10,1.682276540293515e-11,10,9.999999999831772e-01,9.999999999345983e-01,9.999999998109035e-01,9.999999996908706e-01,9.999999994797968e-01,9.999999992515340e-01,9.999999991004942e-01,9.999999983899177e-01,9.999999983113763e-01,9.999999972041056e-01,3.436994488281758e-02,1.233096981445955e-01,2.214714988845281e-02,2.634075279161446e-02,2.877827290266273e-02,4.481087519083690e-02,4.680375186571394e-01,1.381325104289199e-02,5.194233006680208e-03,2.331983034923081e-01,NaN,NaN,NaN,NaN,0,NaN,NaN,NaN,NaN,NaN,NaN,NaN,NaN,NaN,NaN,NaN,NaN,NaN,NaN,NaN,NaN,NaN,NaN,NaN,NaN,1.131142534992908e+00,1.051391340443394e+02,1.445196401315897e-10,3.007971649537922e-11,10,9.999999999699203e-01,9.999999998943285e-01,9.999999997371793e-01,9.999999996336280e-01,9.999999994805333e-01,9.999999992518391e-01,9.999999991005852e-01,9.999999983899193e-01,9.999999983113788e-01,9.999999972041054e-01,8.997291410497524e-03,1.830169006169987e-02,2.665407197598803e-02,1.019855129507714e-01,1.696971893553540e-01,1.898462437783328e-01,4.060160528984037e-02,1.251218066770881e-01,1.382663462353951e-02,3.049679538768884e-01,NaN,NaN,NaN,NaN,0,NaN,NaN,NaN,NaN,NaN,NaN,NaN,NaN,NaN,NaN,NaN,NaN,NaN,NaN,NaN,NaN,NaN,NaN,NaN,NaN,false
3,1.000000000000000e+09,0,2,CONTINUE,4.957110614765969e-01,9.421428335255179e-02,1.000000000000000e-09,7.926667393582828e-03,3.787875231871452e-14,1.131143036607695e+00,1.681514254319424e+02,8.643100348444015e-01,,,2.944326863296862e+00,9.781022582794150e-01,7.544561857280872e+00,1.040214171105694e-02,9.699796903151915e+01,REACHED_FORCE,REACHED_FORCE,,1,0,0,1,0,0,,,,6.077288869038080e-08,NaN,6.426824859198117e-08,NaN,,,9.489210679410069e-10,2.804317295969693e-10,,solution good enough for the tolerances given,solution good enough for the tolerances given,,9.489210679410069e-10,2.804317295969693e-10,,6.077288869038080e-08,1.779144075774489e-11,6.426824859198117e-08,5.907209355029245e-12,,,6.077288869038080e-08,6.426824859198117e-08,,2.507901188887880e-05,2.872135245076811e+00,3.463517218995015e-02,5.549441196016027e-02,8.009324983037414e-01,7.400000000000000e-01,1.131143036607695e+00,1.681514254319424e+02,1.789155134342478e-10,5.947020653707114e-12,10,9.999999999940530e-01,9.999999999784024e-01,9.999999999290274e-01,9.999999998872706e-01,9.999999998311737e-01,9.999999997624367e-01,9.999999997155635e-01,9.999999994908897e-01,9.999999994660536e-01,9.999999991159385e-01,3.952367493003704e-02,1.213864895295095e-01,2.975603843170392e-02,1.859388719013944e-02,2.659302123044172e-02,4.431971228372335e-02,4.676252949578873e-01,1.381517303080356e-02,5.187745260695448e-03,2.331989631550587e-01,NaN,NaN,NaN,NaN,0,NaN,NaN,NaN,NaN,NaN,NaN,NaN,NaN,NaN,NaN,NaN,NaN,NaN,NaN,NaN,NaN,NaN,NaN,NaN,NaN,1.131142468402688e+00,9.745519837540647e+01,2.583253369413681e-10,1.026112528279555e-11,10,9.999999999897389e-01,9.999999999629712e-01,9.999999998976088e-01,9.999999998465385e-01,9.999999998073654e-01,9.999999997612254e-01,9.999999997146531e-01,9.999999994908912e-01,9.999999994660536e-01,9.999999991159381e-01,1.013918549203540e-02,1.976733000687748e-02,9.304951433118804e-02,1.654198253771419e-01,5.129163468247322e-02,1.787651209575688e-01,3.765004250205871e-02,1.251276348443922e-01,1.382089171359664e-02,3.049688200926668e-01,NaN,NaN,NaN,NaN,0,NaN,NaN,NaN,NaN,NaN,NaN,NaN,NaN,NaN,NaN,NaN,NaN,NaN,NaN,NaN,NaN,NaN,NaN,NaN,NaN,false
3,3.162000000000000e+09,0,2,CONTINUE,4.957110614765969e-01,9.421453530191772e-02,1.000000000000000e-09,7.926667393582828e-03,3.787875231871452e-14,1.131141639508148e+00,1.558302305468714e+02,8.643095764394200e-01,,,2.944320844286184e+00,9.781011699173291e-01,7.544560235585960e+00,1.040214171105694e-02,9.699796903151915e+01,REACHED_FORCE,REACHED_FORCE,,1,0,0,1,0,0,,,,1.418071573353337e-07,NaN,1.952639098394397e-07,NaN,,,3.001008821016394e-10,8.868835637209288e-11,,solution good enough for the tolerances given,solution good enough for the tolerances given,,3.001008821016394e-10,8.868835637209288e-11,,1.418071573353337e-07,5.626627909785906e-12,1.952639098394397e-07,1.868181816258040e-12,,,1.418071573353337e-07,1.952639098394397e-07,,1.410358148744053e-05,2.872135245066283e+00,3.463517218995015e-02,5.549441196016027e-02,8.009324983037414e-01,7.400000000000000e-01,1.131141639508148e+00,1.558302305468714e+02,8.625575821797910e-11,2.029487689014786e-12,10,9.999999999979705e-01,9.999999999929547e-01,9.999999999754916e-01,9.999999999555436e-01,9.999999999390874e-01,9.999999999234159e-01,9.999999999100295e-01,9.999999998389901e-01,9.999999998311337e-01,9.999999997204103e-01,4.365608127797809e-02,1.190747698954594e-01,3.543623286960128e-02,2.414665353776380e-02,1.915687420104140e-02,4.056902542857332e-02,4.657616375539796e-01,1.381917106829778e-02,5.181977706081766e-03,2.331975764612242e-01,NaN,NaN,NaN,NaN,0,NaN,NaN,NaN,NaN,NaN,NaN,NaN,NaN,NaN,NaN,NaN,NaN,NaN,NaN,NaN,NaN,NaN,NaN,NaN,NaN,1.131135351230676e+00,9.435497232173047e+01,1.249658766273160e-10,3.351763311343348e-12,10,9.999999999966482e-01,9.999999999878302e-01,9.999999999668137e-01,9.999999999495368e-01,9.999999999258293e-01,9.999999999106803e-01,9.999999998577986e-01,9.999999998389868e-01,9.999999998311171e-01,9.999999997204088e-01,1.063603653909313e-02,2.013283388004404e-02,1.029602855873194e-01,1.852211426387240e-01,1.912068222437575e-01,4.590460650073457e-02,3.004666264191556e-05,1.252216077936818e-01,1.371274939907880e-02,3.049738687549254e-01,NaN,NaN,NaN,NaN,0,NaN,NaN,NaN,NaN,NaN,NaN,NaN,NaN,NaN,NaN,NaN,NaN,NaN,NaN,NaN,NaN,NaN,NaN,NaN,NaN,false
3,1.000000000000000e+10,0,2,CONTINUE,4.957110614765969e-01,9.422140933987126e-02,1.000000000000000e-09,7.926667393582828e-03,3.787875231871452e-14,1.131137071383593e+00,-9.999999999993052e-01,8.642955589636330e-01,,,2.944267188620033e+00,9.781215697490317e-01,7.544550054631716e+00,1.040214171105694e-02,9.699796903151915e+01,REACHED_FORCE,REACHED_FORCE,,1,0,0,1,0,0,,,,5.625566861273271e-07,NaN,9.501324379441867e-07,NaN,,,9.489288760373963e-11,2.804352681643423e-11,,solution good enough for the tolerances given,solution good enough for the tolerances given,,9.489288760373963e-11,2.804352681643423e-11,,5.625566861273271e-07,1.779162491861984e-12,9.501324379441867e-07,5.907162191878343e-13,,,5.625566861273271e-07,9.501324379441867e-07,,7.930671011144900e-06,2.872135245062954e+00,3.463517218995015e-02,5.549441196016027e-02,8.009324983037414e-01,7.400000000000000e-01,1.131137071383593e+00,-9.999999999993052e-01,2.675421143802718e-11,6.947775688104230e-13,10,9.999999999993052e-01,9.999999999976970e-01,9.999999999918638e-01,9.999999999844911e-01,9.999999999767215e-01,9.999999999715654e-01,9.999999999490976e-01,9.999999999466178e-01,9.999999999213955e-01,9.999999999115934e-01,4.860140174816976e-02,1.155959819239545e-01,3.712475543269342e-02,3.085366801347915e-02,4.536260320266757e-02,4.702520850650244e-01,1.374705787713797e-02,5.250736765764310e-03,1.243557915114731e-09,2.332117087275528e-01,NaN,NaN,NaN,NaN,0,NaN,NaN,NaN,NaN,NaN,NaN,NaN,NaN,NaN,NaN,NaN,NaN,NaN,NaN,NaN,NaN,NaN,NaN,NaN,NaN,1.131128548458335e+00,9.349386812052478e+01,1.124465418021362e-11,1.069588861923876e-12,10,9.999999999989304e-01,9.999999999961118e-01,9.999999999894620e-01,9.999999999839908e-01,9.999999999764932e-01,9.999999999716846e-01,9.999999999490914e-01,9.999999999466114e-01,9.999999999130360e-01,9.999999999115927e-01,1.088824395953767e-02,2.012047570253423e-02,1.038302382787614e-01,1.853061244678077e-01,1.917826038982733e-01,4.409394477299636e-02,1.250868145108514e-01,1.388863938042179e-02,2.817465797797606e-08,3.050028868541595e-01,NaN,NaN,NaN,NaN,0,NaN,NaN,NaN,NaN,NaN,NaN,NaN,NaN,NaN,NaN,NaN,NaN,NaN,NaN,NaN,NaN,NaN,NaN,NaN,NaN,false
3,3.162000000000000e+10,0,2,CONTINUE,4.957110614765969e-01,9.420109642678537e-02,1.000000000000000e-09,7.926667393582828e-03,3.787875231871452e-14,1.131150623167593e+00,-9.999999999997793e-01,8.643444558195134e-01,,,2.944326572295246e+00,9.780968033042209e-01,7.544584857520578e+00,1.040214171105694e-02,9.699796903151915e+01,REACHED_FORCE,REACHED_FORCE,,1,0,0,1,0,0,,,,1.268010340113478e-06,NaN,2.362524227178375e-06,NaN,,,3.000987316319430e-11,8.869192012130681e-12,,solution good enough for the tolerances given,solution good enough for the tolerances given,,3.000987316319430e-11,8.869192012130681e-12,,1.268010340113478e-06,5.626676195868973e-13,2.362524227178375e-06,1.868222241815956e-13,,,1.268010340113478e-06,2.362524227178375e-06,,4.459994802128116e-06,2.872135245061901e+00,3.463517218995015e-02,5.549441196016027e-02,8.009324983037414e-01,7.400000000000000e-01,1.131150623167593e+00,-9.999999999997793e-01,3.428361929017789e-12,2.207123372954811e-13,10,9.999999999997793e-01,9.999999999992701e-01,9.999999999974254e-01,9.999999999950908e-01,9.999999999926357e-01,9.999999999910076e-01,9.999999999839020e-01,9.999999999831177e-01,9.999999999724269e-01,9.999999999720413e-01,4.828071340818385e-02,1.159688463508588e-01,3.714871629232380e-02,3.072492615436778e-02,4.540098523965940e-02,4.702502815146560e-01,1.375255233758838e-02,5.248601976581361e-03,4.599118177572926e-08,2.332243307345999e-01,NaN,NaN,NaN,NaN,0,NaN,NaN,NaN,NaN,NaN,NaN,NaN,NaN,NaN,NaN,NaN,NaN,NaN,NaN,NaN,NaN,NaN,NaN,NaN,NaN,1.131087742540201e+00,-9.999999999996605e-01,2.729304874054617e-12,3.395062009303729e-13,10,9.999999999996605e-01,9.999999999987694e-01,9.999999999966669e-01,9.999999999949367e-01,9.999999999925664e-01,9.999999999910441e-01,9.999999999839004e-01,9.999999999831146e-01,9.999999999722835e-01,9.999999999720397e-01,1.074189988656914e-02,2.040305662212837e-02,1.041183822212308e-01,1.849504927028526e-01,1.918024102227341e-01,4.396044747291515e-02,1.252235046392518e-01,1.382896633676544e-02,1.526797734092752e-07,3.049706872157803e-01,NaN,NaN,NaN,NaN,0,NaN,NaN,NaN,NaN,NaN,NaN,NaN,NaN,NaN,NaN,NaN,NaN,NaN,NaN,NaN,NaN,NaN,NaN,NaN,NaN,false
3,1.000000000000000e+11,0,2,CONTINUE,4.957110614765969e-01,9.424613625575647e-02,1.000000000000000e-09,7.926667393582828e-03,3.787875231871452e-14,1.130875760177449e+00,-9.999999999999303e-01,8.642089415007636e-01,,,2.944073478167567e+00,9.782298871541024e-01,7.544509170383469e+00,1.040214171105694e-02,9.699796903151915e+01,REACHED_FORCE,REACHED_FORCE,,1,0,0,1,0,0,,,,3.696414111822261e-06,NaN,5.068754808443754e-06,NaN,,,9.489907018988917e-12,2.804782244010053e-12,,solution good enough for the tolerances given,solution good enough for the tolerances given,,9.489907018988917e-12,2.804782244010053e-12,,3.696414111822261e-06,1.779286014400061e-13,5.068754808443754e-06,5.906847770872327e-14,,,3.696414111822261e-06,5.068754808443754e-06,,2.508043378733063e-06,2.872135245061568e+00,3.463517218995015e-02,5.549441196016027e-02,8.009324983037414e-01,7.400000000000000e-01,1.130875760177449e+00,-9.999999999999303e-01,1.466954272625039e-12,6.972200594645983e-14,10,9.999999999999303e-01,9.999999999997689e-01,9.999999999991858e-01,9.999999999984470e-01,9.999999999976701e-01,9.999999999971556e-01,9.999999999949107e-01,9.999999999946612e-01,9.999999999914060e-01,9.999999999911573e-01,4.887835380727843e-02,1.153280715826353e-01,3.717134466118079e-02,3.057413273339034e-02,5.033168098466602e-02,4.655955534126862e-01,1.393547647828082e-02,4.842054440963582e-03,7.292732634857113e-09,2.333433246061869e-01,NaN,NaN,NaN,NaN,0,NaN,NaN,NaN,NaN,NaN,NaN,NaN,NaN,NaN,NaN,NaN,NaN,NaN,NaN,NaN,NaN,NaN,NaN,NaN,NaN,1.130818969349337e+00,-9.999999999998932e-01,4.870767513884196e-13,1.068034549689401e-13,10,9.999999999998932e-01,9.999999999996114e-01,9.999999999989451e-01,9.999999999983986e-01,9.999999999976490e-01,9.999999999971669e-01,9.999999999949094e-01,9.999999999946600e-01,9.999999999911688e-01,9.999999999911569e-01,1.074201621788724e-02,2.013757637174639e-02,1.003394629603277e-01,1.887761039884347e-01,1.919277719963451e-01,4.405835550062687e-02,1.250079264160235e-01,1.413664533445683e-02,3.256777817894197e-05,3.048415734359731e-01,NaN,NaN,NaN,NaN,0,NaN,NaN,NaN,NaN,NaN,NaN,NaN,NaN,NaN,NaN,NaN,NaN,NaN,NaN,NaN,NaN,NaN,NaN,NaN,NaN,false
3,3.162000000000000e+11,0,2,CONTINUE,4.957110614765969e-01,9.456583722649224e-02,1.000000000000000e-09,7.926667393582828e-03,3.787875231871452e-14,1.131105707748819e+00,-9.999999999999774e-01,8.637209473686821e-01,,,2.942204009224585e+00,9.784467066065338e-01,7.544188815923838e+00,1.040214171105694e-02,9.699796903151915e+01,REACHED_FORCE,REACHED_FORCE,,1,0,0,1,0,0,,,,1.912140429590922e-05,NaN,2.095267527772758e-05,NaN,,,3.002187490682294e-12,8.883756026941554e-13,,solution good enough for the tolerances given,solution good enough for the tolerances given,,3.002187490682294e-12,8.883756026941554e-13,,1.912140429590922e-05,5.628248300899052e-14,2.095267527772758e-05,1.870355812928206e-14,,,1.912140429590922e-05,2.095267527772758e-05,,1.410567321138165e-06,2.872135245061462e+00,3.463517218995015e-02,5.549441196016027e-02,8.009324983037414e-01,7.400000000000000e-01,1.131105707748819e+00,-9.999999999999774e-01,1.470351063601143e-13,2.264854970235319e-14,10,9.999999999999774e-01,9.999999999999267e-01,9.999999999997431e-01,9.999999999995086e-01,9.999999999992633e-01,9.999999999990998e-01,9.999999999983906e-01,9.999999999983102e-01,9.999999999972053e-01,9.999999999972040e-01,4.896591100203274e-02,1.177142417063044e-01,3.609300706335556e-02,3.022900273038199e-02,4.588388263973851e-02,4.689202369118066e-01,1.379196981368721e-02,5.047524182888008e-03,1.433206943579775e-03,2.319210170062255e-01,NaN,NaN,NaN,NaN,0,NaN,NaN,NaN,NaN,NaN,NaN,NaN,NaN,NaN,NaN,NaN,NaN,NaN,NaN,NaN,NaN,NaN,NaN,NaN,NaN,1.131105707748819e+00,-9.999999999999654e-01,1.254508752616355e-13,3.463895836830488e-14,10,9.999999999999654e-01,9.999999999998768e-01,9.999999999996665e-01,9.999999999994926e-01,9.999999999992566e-01,9.999999999991038e-01,9.999999999983911e-01,9.999999999983109e-01,9.999999999972065e-01,9.999999999972040e-01,1.075962696465843e-02,2.035848252177523e-02,1.035392035955149e-01,1.748175093672180e-01,1.980759991419615e-01,4.751010253661487e-02,1.202547230693562e-01,1.908732731952783e-02,1.651799397516896e-03,3.039452260858561e-01,NaN,NaN,NaN,NaN,0,NaN,NaN,NaN,NaN,NaN,NaN,NaN,NaN,NaN,NaN,NaN,NaN,NaN,NaN,NaN,NaN,NaN,NaN,NaN,NaN,false
3,1.000000000000000e+12,0,2,CONTINUE,4.957110614765969e-01,9.389273954354305e-02,1.000000000000000e-09,7.926667393582828e-03,3.787875231871452e-14,1.129287770152083e+00,-9.999999999999925e-01,8.656306965994134e-01,,,2.938034334257734e+00,9.788373656498742e-01,7.544901649908342e+00,1.040214171105694e-02,9.699796903151915e+01,REACHED_FORCE,REACHED_FORCE,,1,0,0,1,0,0,,,,6.977282574968777e-05,NaN,8.454376311642332e-05,NaN,,,9.493290657109732e-13,2.810338594771546e-13,,solution good enough for the tolerances given,solution good enough for the tolerances given,,9.493290657109732e-13,2.810338594771546e-13,,6.977282574968777e-05,1.782093344810917e-14,8.454376311642332e-05,5.922344234740249e-15,,,6.977282574968777e-05,8.454376311642332e-05,,7.936069163945325e-07,2.872135245061429e+00,3.463517218995015e-02,5.549441196016027e-02,8.009324983037414e-01,7.400000000000000e-01,1.129287770152083e+00,-9.999999999999925e-01,5.190571034901948e-14,7.549516567451064e-15,10,9.999999999999925e-01,9.999999999999756e-01,9.999999999999181e-01,9.999999999998437e-01,9.999999999997657e-01,9.999999999997142e-01,9.999999999994906e-01,9.999999999994662e-01,9.999999999991147e-01,9.999999999991145e-01,4.702918663575973e-02,1.253971403268847e-01,3.599429299547544e-02,2.559996841675138e-02,4.318428282376924e-02,4.706694728611724e-01,1.277150332190516e-02,5.236335691309395e-03,2.244072242394532e-01,9.710592687519122e-03,NaN,NaN,NaN,NaN,0,NaN,NaN,NaN,NaN,NaN,NaN,NaN,NaN,NaN,NaN,NaN,NaN,NaN,NaN,NaN,NaN,NaN,NaN,NaN,NaN,1.128721711119425e+00,-9.999999999999840e-01,2.592193675642653e-13,1.598721155460225e-14,10,9.999999999999840e-01,9.999999999999649e-01,9.999999999998941e-01,9.999999999998403e-01,9.999999999997649e-01,9.999999999997153e-01,9.999999999994915e-01,9.999999999994662e-01,9.999999999992091e-01,9.999999999991140e-01,2.642600885014451e-02,7.375757874092575e-03,1.066595486626211e-01,1.854894499518593e-01,1.836379988389031e-01,4.573206635745154e-02,1.267644455606197e-01,1.609141547195424e-02,1.129710460525644e-09,3.018233073026440e-01,NaN,NaN,NaN,NaN,0,NaN,NaN,NaN,NaN,NaN,NaN,NaN,NaN,NaN,NaN,NaN,NaN,NaN,NaN,NaN,NaN,NaN,NaN,NaN,NaN,false
3,3.162000000000000e+12,0,2,CONTINUE,4.957110614765969e-01,9.302230585672012e-02,1.000000000000000e-09,7.926667393582828e-03,3.787875231871452e-14,1.125919610435490e+00,-9.999999999999911e-01,8.671910435448198e-01,,,2.929368457054714e+00,9.828341086412142e-01,7.545337123532869e+00,1.040214171105694e-02,9.699796903151915e+01,REACHED_FORCE,REACHED_FORCE,,1,0,0,1,0,0,,,,2.092279818894343e-04,NaN,2.543409557824693e-04,NaN,,,3.002455774598949e-13,9.045503724226936e-14,,solution good enough for the tolerances given,solution good enough for the tolerances given,,3.002455774598949e-13,9.045503724226936e-14,,2.092279818894343e-04,5.635435066750841e-15,2.543409557824693e-04,1.922459865353680e-15,,,2.092279818894343e-04,2.543409557824693e-04,,4.464246904972154e-07,2.872135245061419e+00,3.463517218995015e-02,5.549441196016027e-02,8.009324983037414e-01,7.400000000000000e-01,1.125919610435490e+00,-9.999999999999911e-01,1.374643525566491e-14,8.881784197001252e-15,10,9.999999999999911e-01,9.999999999999896e-01,9.999999999999789e-01,9.999999999999520e-01,9.999999999999278e-01,9.999999999999090e-01,9.999999999998397e-01,9.999999999998306e-01,9.999999999997202e-01,9.999999999997191e-01,1.775725535335832e-01,2.461813890464288e-60,1.202595069175584e-05,4.691099964878316e-02,4.434277944346244e-03,5.248982597100682e-01,3.731614093908458e-03,3.972201016440353e-03,1.271869817802724e-02,2.257493699241516e-01,NaN,NaN,NaN,NaN,0,NaN,NaN,NaN,NaN,NaN,NaN,NaN,NaN,NaN,NaN,NaN,NaN,NaN,NaN,NaN,NaN,NaN,NaN,NaN,NaN,1.124142310340090e+00,-9.999999999999931e-01,1.598285805953381e-14,6.883382752675971e-15,10,9.999999999999931e-01,9.999999999999896e-01,9.999999999999687e-01,9.999999999999494e-01,9.999999999999258e-01,9.999999999999110e-01,9.999999999998397e-01,9.999999999998304e-01,9.999999999997202e-01,9.999999999997187e-01,2.469672353744034e-02,1.056273650729673e-60,9.454381661852768e-02,1.822043864916473e-01,1.933257431775284e-01,5.716625234062357e-02,1.207862888601751e-01,1.766247397725054e-02,3.094016991562826e-01,2.126158405247400e-04,NaN,NaN,NaN,NaN,0,NaN,NaN,NaN,NaN,NaN,NaN,NaN,NaN,NaN,NaN,NaN,NaN,NaN,NaN,NaN,NaN,NaN,NaN,NaN,NaN,false
3,1.000000000000000e+13,0,2,CONTINUE,4.957110614765969e-01,9.056635366775906e-02,1.000000000000000e-09,7.926667393582828e-03,3.787875231871452e-14,1.120298414768680e+00,-9.999999999999953e-01,8.882820795549410e-01,,,2.872464108030987e+00,9.890678680364665e-01,7.550268887535498e+00,1.040214171105694e-02,9.699796903151915e+01,REACHED_FORCE,REACHED_FORCE,,1,0,0,1,0,0,,,,8.234960690345696e-04,NaN,6.057329254977938e-04,NaN,,,9.535988094524187e-14,3.080243879260618e-14,,solution good enough for the tolerances given,solution good enough for the tolerances given,,9.535988094524187e-14,3.080243879260618e-14,,8.234960690345696e-04,1.796691462947364e-15,6.057329254977938e-04,6.468089266610510e-16,,,8.234960690345696e-04,6.057329254977938e-04,,2.514065269864433e-07,2.872135245061416e+00,3.463517218995015e-02,5.549441196016027e-02,8.009324983037414e-01,7.400000000000000e-01,1.120298414768680e+00,-9.999999999999953e-01,3.548305258576512e-14,4.662936703425657e-15,10,9.999999999999953e-01,9.999999999999889e-01,9.999999999999885e-01,9.999999999999871e-01,9.999999999999702e-01,9.999999999999527e-01,9.999999999999516e-01,9.999999999999332e-01,9.999999999999121e-01,9.999999999999107e-01,2.322153562415236e-01,1.170115284154890e-85,5.816203783974040e-85,1.787460094933113e-83,5.375769856918496e-01,2.133024203883040e-85,1.880201958515420e-83,6.110929624849247e-86,1.281680635749827e-86,2.302076580666263e-01,NaN,NaN,NaN,NaN,0,NaN,NaN,NaN,NaN,NaN,NaN,NaN,NaN,NaN,NaN,NaN,NaN,NaN,NaN,NaN,NaN,NaN,NaN,NaN,NaN,1.128721711120325e+00,-9.999999999999933e-01,3.274495031317971e-14,6.661338147750939e-15,10,9.999999999999933e-01,9.999999999999898e-01,9.999999999999849e-01,9.999999999999847e-01,9.999999999999780e-01,9.999999999999525e-01,9.999999999999500e-01,9.999999999999252e-01,9.999999999999116e-01,9.999999999999114e-01,1.192252022080996e-01,1.102985581873019e-112,9.878953623899745e-111,1.005684352580324e-114,5.729341019907482e-01,8.580079493346371e-02,7.731439374943848e-113,1.855867216286757e-113,2.220399008676887e-01,2.255401876819444e-111,NaN,NaN,NaN,NaN,0,NaN,NaN,NaN,NaN,NaN,NaN,NaN,NaN,NaN,NaN,NaN,NaN,NaN,NaN,NaN,NaN,NaN,NaN,NaN,NaN,false
3,3.162000000000000e+13,0,2,CONTINUE,4.957110614765969e-01,1.304956114304775e-01,1.000000000000000e-09,7.926667393582828e-03,3.787875231871452e-14,1.104099462946709e+00,-9.999999999999958e-01,7.712748277561309e-01,,,2.895704474044195e+00,9.804761492872784e-01,7.501123409229174e+00,1.040214171105694e-02,9.699796903151915e+01,REACHED_FORCE,REACHED_FORCE,,1,0,0,1,0,0,,,,1.732730040089070e-03,NaN,2.050877590124124e-03,NaN,,,3.056716820304388e-14,8.017107630186389e-15,,solution good enough for the tolerances given,solution good enough for the tolerances given,,3.056716820304388e-14,8.017107630186389e-15,,1.732730040089070e-03,5.760642003074985e-16,2.050877590124124e-03,1.527187743505259e-16,,,1.732730040089070e-03,2.050877590124124e-03,,1.448639302644389e-07,2.872135245061414e+00,3.463517218995015e-02,5.549441196016027e-02,8.009324983037414e-01,7.400000000000000e-01,1.104099462946709e+00,-9.999999999999958e-01,7.281471776225132e-15,4.218847493575595e-15,10,9.999999999999958e-01,9.999999999999947e-01,9.999999999999927e-01,9.999999999999925e-01,9.999999999999878e-01,9.999999999999876e-01,9.999999999999876e-01,9.999999999999805e-01,9.999999999999765e-01,9.999999999999714e-01,1.814354639436545e-29,3.142555144627235e-200,4.799905249395057e-171,1.704423238016517e-256,1.000000000000000e+00,1.772240210710689e-142,3.405807624990470e-86,3.632751711606021e-114,7.642251480702774e-29,4.704273976788963e-200,NaN,NaN,NaN,NaN,0,NaN,NaN,NaN,NaN,NaN,NaN,NaN,NaN,NaN,NaN,NaN,NaN,NaN,NaN,NaN,NaN,NaN,NaN,NaN,NaN,1.515200326809857e+00,-9.999999999999967e-01,6.557182458649125e-15,3.330669073875470e-15,10,9.999999999999967e-01,9.999999999999933e-01,9.999999999999902e-01,9.999999999999900e-01,9.999999999999889e-01,9.999999999999885e-01,9.999999999999882e-01,9.999999999999869e-01,9.999999999999809e-01,9.999999999999791e-01,1.705026995109433e-228,1.616403346505622e-85,1.802140306691777e-171,1.943262117831222e-114,5.011484993731911e-143,3.907224875874192e-57,2.944647078143855e-228,1.000000000000000e+00,1.048503127412714e-28,1.640255880126777e-199,NaN,NaN,NaN,NaN,0,NaN,NaN,NaN,NaN,NaN,NaN,NaN,NaN,NaN,NaN,NaN,NaN,NaN,NaN,NaN,NaN,NaN,NaN,NaN,NaN,false
3,1.000000000000000e+14,0,3,CONTINUE,4.957110614765969e-01,1.370437343600976e-01,1.000000000000000e-09,7.926667393582828e-03,3.787875231871452e-14,9.790433972544457e-01,-9.999999999999984e-01,8.095343944046242e-01,,,2.878382439147384e+00,1.003045257930671e+00,7.510826065108842e+00,1.040214171105694e-02,9.699796903151915e+01,REACHED_FORCE,REACHED_FORCE,,1,0,0,1,1,1,,,,7.403121358683243e-03,NaN,9.282126208995246e-03,8.418428316280037e-04,,,1.031874919155245e-14,4.545064643794346e-15,,solution good enough for the tolerances given,solution good enough for the tolerances given,,1.031874919155245e-14,4.545064643794346e-15,,7.403121358683243e-03,2.088653825676311e-16,9.282126208995246e-03,1.122932164342102e-16,,,7.403121358683243e-03,8.418428316280037e-04,,8.606051345312026e-08,2.872135245061414e+00,3.463517218995015e-02,5.549441196016027e-02,8.009324983037414e-01,7.400000000000000e-01,9.790433972544457e-01,-9.999999999999984e-01,4.672221910902105e-15,1.554312234475219e-15,10,9.999999999999984e-01,9.999999999999984e-01,9.999999999999982e-01,9.999999999999978e-01,9.999999999999973e-01,9.999999999999962e-01,9.999999999999944e-01,9.999999999999909e-01,9.999999999999902e-01,9.999999999999898e-01,8.077622063901429e-176,6.472281914723779e-01,6.227533853448426e-118,2.635995211065513e-88,1.108008819591374e-58,2.236328928179957e-233,1.842544975532695e-262,3.527718085276217e-01,1.550784602023388e-117,5.598086396209851e-176,NaN,NaN,NaN,NaN,0,NaN,NaN,NaN,NaN,NaN,NaN,NaN,NaN,NaN,NaN,NaN,NaN,NaN,NaN,NaN,NaN,NaN,NaN,NaN,NaN,1.250999896491795e+00,-1.000000000000000e+00,1.992083697619032e-15,0.000000000000000e+00,10,1.000000000000000e+00,9.999999999999998e-01,9.999999999999976e-01,9.999999999999973e-01,9.999999999999973e-01,9.999999999999973e-01,9.999999999999969e-01,9.999999999999938e-01,9.999999999999920e-01,9.999999999999920e-01,1.521905338640905e-117,9.498619572355408e-234,3.511449718460222e-204,1.012719155319790e-58,3.918713929914481e-88,1.000000000000000e+00,5.151141459553146e-175,1.197006762606181e-29,2.255792867387266e-233,3.083462449707230e-117,NaN,NaN,NaN,NaN,0,NaN,NaN,NaN,NaN,NaN,NaN,NaN,NaN,NaN,NaN,NaN,NaN,NaN,NaN,NaN,NaN,NaN,NaN,NaN,NaN,false
3,3.162000000000000e+14,1,4,CONTINUE,4.957110614765969e-01,4.537533164983389e-01,1.000000000000000e-09,7.926667393582828e-03,3.787875231871452e-14,1.780360384001616e+00,-1.000000000000001e+00,7.598515032724641e-02,,,6.243112197679826e+00,3.306035010819213e+00,7.311973213053300e+00,1.040214171105694e-02,9.699796903151915e+01,REFINE_STALLED,REFINE_STALLED,,1,1,1,1,1,1,,,,1.850649936146314e-02,1.868972229340745e-02,2.851401490484457e-02,8.262021811186555e-02,,,3.885219301619606e-15,6.372619152643691e-15,,solution good enough for the tolerances given,solution good enough for the tolerances given,,3.885219301619606e-15,6.372619152643691e-15,,1.850649936146314e-02,8.085111583263138e-17,2.851401490484457e-02,1.399454209811345e-16,,,1.868972229340745e-02,8.262021811186555e-02,,5.572112393281531e-08,2.872135245061414e+00,3.463517218995015e-02,5.549441196016027e-02,8.009324983037414e-01,7.400000000000000e-01,1.780360384001616e+00,-1.000000000000001e+00,4.296069218621505e-15,-1.332267629550188e-15,10,1.000000000000001e+00,1.000000000000001e+00,1.000000000000000e+00,1.000000000000000e+00,1.000000000000000e+00,9.999999999999998e-01,9.999999999999996e-01,9.999999999999989e-01,9.999999999999984e-01,9.999999999999982e-01,2.588011941148520e-264,3.041601982666945e-235,6.554053246560896e-148,9.092318290816560e-60,2.779670781460630e-206,2.516900668406810e-177,1.640106944996813e-89,1.112512982276291e-118,1.000000000000000e+00,3.062385093383692e-30,NaN,NaN,NaN,NaN,0,NaN,NaN,NaN,NaN,NaN,NaN,NaN,NaN,NaN,NaN,NaN,NaN,NaN,NaN,NaN,NaN,NaN,NaN,NaN,NaN,2.373813845335489e+00,-1.000000000000001e+00,1.860006234059780e-15,-1.332267629550188e-15,10,1.000000000000001e+00,1.000000000000001e+00,1.000000000000000e+00,9.999999999999998e-01,9.999999999999998e-01,9.999999999999996e-01,9.999999999999996e-01,9.999999999999993e-01,9.999999999999991e-01,9.999999999999987e-01,1.000000000000000e+00,7.089797198138864e-266,5.612652679682944e-89,1.154195722810438e-177,1.068323894534494e-118,1.596222389688064e-236,2.821647439725154e-148,1.884976338914394e-59,4.224691113744539e-207,3.923879324344262e-30,NaN,NaN,NaN,NaN,0,NaN,NaN,NaN,NaN,NaN,NaN,NaN,NaN,NaN,NaN,NaN,NaN,NaN,NaN,NaN,NaN,NaN,NaN,NaN,NaN,false
3,1.000000000000000e+15,1,6,CONTINUE,4.957110614765969e-01,4.823527908719055e-01,1.000000000000000e-09,7.926667393582828e-03,3.787875231871452e-14,1.313656186996273e-06,2.686679131167932e-05,1.847909931827771e-02,,,2.502765360515439e-01,4.345395206611768e+00,7.264092785764938e+00,1.040214171105694e-02,9.699796903151915e+01,REFINE_STALLED,REFINE_STALLED,,1,2,2,1,2,2,,,,2.563555234679758e+03,4.220458159288731e-02,2.563544298769496e+03,4.628779299425754e-01,,,1.055645042220634e-10,1.055662813729244e-10,,solution good enough for the tolerances given,solution good enough for the tolerances given,,1.055645042220634e-10,1.055662813729244e-10,,2.563555234679758e+03,1.683623423319758e-12,2.563544298769496e+03,1.683677324063646e-12,,,4.220412521835525e-02,4.628462967115253e-01,,4.152806335801670e-05,2.872135245235500e+00,3.463517218995015e-02,5.549441196016027e-02,8.009324983037414e-01,7.400000000000000e-01,1.313656186996273e-06,2.686679131167932e-05,6.164516403091482e-11,3.722067098976822e-11,10,9.999999999627793e-01,9.999999999418974e-01,9.999999998999805e-01,9.999999998447537e-01,9.999999997917053e-01,9.999999996832165e-01,9.999999995639457e-01,9.999999994580500e-01,9.999999993865565e-01,9.999999992387658e-01,3.078272449272802e-02,5.499473602818139e-02,2.224730109638970e-01,2.171123417950887e-02,8.722056338105490e-02,1.760763993491409e-02,1.843914054992516e-01,1.335119479826065e-01,4.596683948622703e-02,2.013398980516304e-01,NaN,NaN,NaN,NaN,0,NaN,NaN,NaN,NaN,NaN,NaN,NaN,NaN,NaN,NaN,NaN,NaN,NaN,NaN,NaN,NaN,NaN,NaN,NaN,NaN,1.313655420635266e-06,2.686598994943009e-05,6.161146494201634e-11,3.722178121279285e-11,10,9.999999999627782e-01,9.999999999418978e-01,9.999999998999816e-01,9.999999998447600e-01,9.999999997917055e-01,9.999999996832170e-01,9.999999995639457e-01,9.999999994580500e-01,9.999999993865569e-01,9.999999992387654e-01,3.078200938350544e-02,5.499767459841142e-02,2.224795714169001e-01,2.170913781629957e-02,8.721740736429749e-02,1.760225168829275e-02,1.843975412438194e-01,1.335122867138855e-01,4.597140119220874e-02,2.013307185823795e-01,NaN,NaN,NaN,NaN,0,NaN,NaN,NaN,NaN,NaN,NaN,NaN,NaN,NaN,NaN,NaN,NaN,NaN,NaN,NaN,NaN,NaN,NaN,NaN,NaN,false
3,3.162000000000000e+15,1,6,CONTINUE,4.957110614765969e-01,4.823534112024832e-01,1.000000000000000e-09,7.926667393582828e-03,3.787875231871452e-14,4.154521301808576e-07,8.496974204901975e-06,1.847695320203417e-02,,,2.502765309318590e-01,4.345938870745597e+00,7.264091942641421e+00,1.040214171105694e-02,9.699796903151915e+01,REFINE_STALLED,REFINE_STALLED,,1,2,2,1,2,2,,,,8.105957934421412e+03,4.220535381981928e-02,8.105953069682550e+03,4.629239335371289e-01,,,1.055648543074690e-10,1.055655095177395e-10,,solution good enough for the tolerances given,solution good enough for the tolerances given,,1.055648543074690e-10,1.055655095177395e-10,,8.105957934421412e+03,1.683652619556031e-12,8.105953069682550e+03,1.683670586470660e-12,,,4.220418275950116e-02,4.629153118093060e-01,,4.152801915166020e-05,2.872135245235500e+00,3.463517218995015e-02,5.549441196016027e-02,8.009324983037414e-01,7.400000000000000e-01,4.154521301808576e-07,8.496974204901975e-06,6.163598140807470e-11,3.721978281134852e-11,10,9.999999999627802e-01,9.999999999418983e-01,9.999999998999818e-01,9.999999998447573e-01,9.999999997917057e-01,9.999999996832183e-01,9.999999995639466e-01,9.999999994580506e-01,9.999999993865587e-01,9.999999992387678e-01,3.078129088273512e-02,5.499556084460624e-02,2.224794713710717e-01,2.170714871895532e-02,8.722313138829332e-02,1.760611283651885e-02,1.843940167562253e-01,1.335082463673671e-01,4.596794342294305e-02,2.013370774112847e-01,NaN,NaN,NaN,NaN,0,NaN,NaN,NaN,NaN,NaN,NaN,NaN,NaN,NaN,NaN,NaN,NaN,NaN,NaN,NaN,NaN,NaN,NaN,NaN,NaN,4.154517666301898e-07,8.496720757560085e-06,6.169499369201407e-11,3.722089303437315e-11,10,9.999999999627791e-01,9.999999999418963e-01,9.999999998999807e-01,9.999999998447500e-01,9.999999997917048e-01,9.999999996832174e-01,9.999999995639464e-01,9.999999994580508e-01,9.999999993865583e-01,9.999999992387671e-01,3.077983170278200e-02,5.500189614771591e-02,2.224793119648630e-01,2.170978328450540e-02,8.721816196997220e-02,1.760465128508614e-02,1.843933442007374e-01,1.335079739594692e-01,4.596971819954190e-02,2.013353272853272e-01,NaN,NaN,NaN,NaN,0,NaN,NaN,NaN,NaN,NaN,NaN,NaN,NaN,NaN,NaN,NaN,NaN,NaN,NaN,NaN,NaN,NaN,NaN,NaN,NaN,false
3,1.000000000000000e+16,1,6,CONTINUE,4.957110614765969e-01,4.823533982908579e-01,1.000000000000000e-09,7.926667393582828e-03,3.787875231871452e-14,1.313659635631872e-07,2.686743243590004e-06,1.847722655498467e-02,,,2.502765304184415e-01,4.346094018068856e+00,7.264091500106577e+00,1.040214171105694e-02,9.699796903151915e+01,REFINE_STALLED,REFINE_STALLED,,1,2,2,1,2,2,,,,2.563554108507400e+04,4.220693354490467e-02,2.563546392498252e+04,4.629411944026381e-01,,,1.055650552373204e-10,1.055650244395848e-10,,solution good enough for the tolerances given,solution good enough for the tolerances given,,1.055650552373204e-10,1.055650244395848e-10,,2.563554108507400e+04,1.683652619556031e-12,2.563546392498252e+04,1.683657111284688e-12,,,4.220347119828396e-02,4.629415746221640e-01,,4.152800744339061e-05,2.872135245235500e+00,3.463517218995015e-02,5.549441196016027e-02,8.009324983037414e-01,7.400000000000000e-01,1.313659635631872e-07,2.686743243590004e-06,6.160727991269133e-11,3.721978281134852e-11,10,9.999999999627802e-01,9.999999999418985e-01,9.999999998999822e-01,9.999999998447626e-01,9.999999997917071e-01,9.999999996832201e-01,9.999999995639464e-01,9.999999994580506e-01,9.999999993865583e-01,9.999999992387678e-01,3.077923980760033e-02,5.499526434269337e-02,2.224752788244295e-01,2.171059471346347e-02,8.722690283671000e-02,1.760632927469873e-02,1.843929010609707e-01,1.335093565603598e-01,4.596828105109488e-02,2.013358515279789e-01,NaN,NaN,NaN,NaN,0,NaN,NaN,NaN,NaN,NaN,NaN,NaN,NaN,NaN,NaN,NaN,NaN,NaN,NaN,NaN,NaN,NaN,NaN,NaN,NaN,1.313660785181095e-07,2.686695158986595e-06,6.161086152532086e-11,3.722044894516330e-11,10,9.999999999627796e-01,9.999999999418985e-01,9.999999998999818e-01,9.999999998447600e-01,9.999999997917062e-01,9.999999996832185e-01,9.999999995639466e-01,9.999999994580508e-01,9.999999993865578e-01,9.999999992387685e-01,3.078276061119535e-02,5.499471669463155e-02,2.224758232431883e-01,2.170990488449266e-02,8.722552794489903e-02,1.760571634057773e-02,1.843945556457899e-01,1.335075195092320e-01,4.597019092040978e-02,2.013332842055832e-01,NaN,NaN,NaN,NaN,0,NaN,NaN,NaN,NaN,NaN,NaN,NaN,NaN,NaN,NaN,NaN,NaN,NaN,NaN,NaN,NaN,NaN,NaN,NaN,NaN,false
3,3.162000000000000e+16,1,6,CONTINUE,4.957110614765969e-01,4.823522539388161e-01,1.000000000000000e-09,7.926667393582828e-03,3.787875231871452e-14,4.154523725483228e-08,8.496923514223998e-07,1.848107577237876e-02,,,2.502765303680122e-01,4.346033651575191e+00,7.264091091360394e+00,1.040214171105694e-02,9.699796903151915e+01,REFINE_STALLED,REFINE_STALLED,,1,2,2,1,2,2,,,,8.105913576992358e+04,4.221218897717321e-02,8.105907506832338e+04,4.629509554576622e-01,,,1.055649600050392e-10,1.055649652850949e-10,,solution good enough for the tolerances given,solution good enough for the tolerances given,,1.055649600050392e-10,1.055649652850949e-10,,8.105913576992358e+04,1.683657111284688e-12,8.105907506832338e+04,1.683657111284688e-12,,,4.220091802333927e-02,4.629617788861261e-01,,4.152799863023200e-05,2.872135245235500e+00,3.463517218995015e-02,5.549441196016027e-02,8.009324983037414e-01,7.400000000000000e-01,4.154523725483228e-08,8.496923514223998e-07,6.161042970255055e-11,3.722000485595345e-11,10,9.999999999627800e-01,9.999999999418983e-01,9.999999998999820e-01,9.999999998447611e-01,9.999999997917071e-01,9.999999996832190e-01,9.999999995639466e-01,9.999999994580508e-01,9.999999993865585e-01,9.999999992387683e-01,3.078034505726297e-02,5.499467582314347e-02,2.224796510879702e-01,2.170850492227764e-02,8.722501708274776e-02,1.760673021865431e-02,1.843931271821176e-01,1.335081276263385e-01,4.596823319890716e-02,2.013355878005803e-01,NaN,NaN,NaN,NaN,0,NaN,NaN,NaN,NaN,NaN,NaN,NaN,NaN,NaN,NaN,NaN,NaN,NaN,NaN,NaN,NaN,NaN,NaN,NaN,NaN,4.154526149160710e-08,8.496872824150831e-07,6.161044484652137e-11,3.722022690055837e-11,10,9.999999999627798e-01,9.999999999418985e-01,9.999999998999813e-01,9.999999998447604e-01,9.999999997917057e-01,9.999999996832181e-01,9.999999995639466e-01,9.999999994580508e-01,9.999999993865580e-01,9.999999992387687e-01,3.077824202690127e-02,5.499573071683587e-02,2.224789999916566e-01,2.170886987352415e-02,8.722618978518530e-02,1.760607047529800e-02,1.843940212008333e-01,1.335078716679133e-01,4.596932700617497e-02,2.013346772556770e-01,NaN,NaN,NaN,NaN,0,NaN,NaN,NaN,NaN,NaN,NaN,NaN,NaN,NaN,NaN,NaN,NaN,NaN,NaN,NaN,NaN,NaN,NaN,NaN,NaN,false
3,1.000000000000000e+17,1,6,CONTINUE,4.957110614765969e-01,4.823483453868435e-01,1.000000000000000e-09,7.926667393582828e-03,3.787875231871452e-14,1.313660785181095e-08,2.686775300948494e-07,1.849402635004234e-02,,,2.502765303634920e-01,4.345692439993402e+00,7.264089904095398e+00,1.040214171105694e-02,9.699796903151915e+01,REFINE_STALLED,REFINE_STALLED,,1,2,2,1,2,2,,,,2.563545025786453e+05,4.222816583100819e-02,2.563546321632121e+05,4.629693976557398e-01,,,1.055649601691260e-10,1.055649729861293e-10,,solution good enough for the tolerances given,solution good enough for the tolerances given,,1.055649601691260e-10,1.055649729861293e-10,,2.563545025786453e+05,1.683654865420359e-12,2.563546321632121e+05,1.683654865420359e-12,,,4.219294021284228e-02,4.630057086070255e-01,,4.152799759742277e-05,2.872135245235500e+00,3.463517218995015e-02,5.549441196016027e-02,8.009324983037414e-01,7.400000000000000e-01,1.313660785181095e-08,2.686775300948494e-07,6.160746695495782e-11,3.721933872213867e-11,10,9.999999999627807e-01,9.999999999418987e-01,9.999999998999829e-01,9.999999998447628e-01,9.999999997917068e-01,9.999999996832187e-01,9.999999995639466e-01,9.999999994580513e-01,9.999999993865571e-01,9.999999992387685e-01,3.078048143758068e-02,5.499435382533629e-02,2.224767639088316e-01,2.171030687948597e-02,8.722468936473640e-02,1.760617084230583e-02,1.843923952322411e-01,1.335099439420969e-01,4.596831180701026e-02,2.013365827603752e-01,NaN,NaN,NaN,NaN,0,NaN,NaN,NaN,NaN,NaN,NaN,NaN,NaN,NaN,NaN,NaN,NaN,NaN,NaN,NaN,NaN,NaN,NaN,NaN,NaN,1.313660018814722e-08,2.686679131167932e-07,6.161937618931984e-11,3.722067098976822e-11,10,9.999999999627793e-01,9.999999999418983e-01,9.999999998999813e-01,9.999999998447600e-01,9.999999997917062e-01,9.999999996832181e-01,9.999999995639464e-01,9.999999994580504e-01,9.999999993865578e-01,9.999999992387680e-01,3.077988106211250e-02,5.499843399022001e-02,2.224746228231697e-01,2.171118150511611e-02,8.722412956609980e-02,1.760579035848107e-02,1.843930785870686e-01,1.335089907209801e-01,4.596764455029696e-02,2.013362468364549e-01,NaN,NaN,NaN,NaN,0,NaN,NaN,NaN,NaN,NaN,NaN,NaN,NaN,NaN,NaN,NaN,NaN,NaN,NaN,NaN,NaN,NaN,NaN,NaN,NaN,false
3,3.162000000000000e+17,1,6,CONTINUE,4.957110614765969e-01,4.823359037031518e-01,1.000000000000000e-09,7.926667393582828e-03,3.787875231871452e-14,4.154522513645548e-09,8.496872824150831e-08,1.853531378154541e-02,,,2.502765303630193e-01,4.344587443463530e+00,7.264086140660557e+00,1.040214171105694e-02,9.699796903151915e+01,REFINE_STALLED,REFINE_STALLED,,1,2,2,1,2,2,,,,8.105946257912486e+05,4.227896289499582e-02,8.105948291072547e+05,4.630250426679944e-01,,,1.055650690518558e-10,1.055650400557648e-10,,solution good enough for the tolerances given,solution good enough for the tolerances given,,1.055650690518558e-10,1.055650400557648e-10,,8.105946257912486e+05,1.683659357149017e-12,8.105948291072547e+05,1.683652619556031e-12,,,4.216757248307182e-02,4.631412109222564e-01,,4.152799717073433e-05,2.872135245235500e+00,3.463517218995015e-02,5.549441196016027e-02,8.009324983037414e-01,7.400000000000000e-01,4.154522513645548e-09,8.496872824150831e-08,6.160606006100743e-11,3.722022690055837e-11,10,9.999999999627798e-01,9.999999999418987e-01,9.999999998999827e-01,9.999999998447620e-01,9.999999997917066e-01,9.999999996832187e-01,9.999999995639468e-01,9.999999994580511e-01,9.999999993865585e-01,9.999999992387680e-01,3.078166022891210e-02,5.499980927954812e-02,2.224726038228404e-01,2.170886896034931e-02,8.722517628430862e-02,1.760630419314672e-02,1.843933479588555e-01,1.335062735384515e-01,4.596856109082412e-02,2.013373946427643e-01,NaN,NaN,NaN,NaN,0,NaN,NaN,NaN,NaN,NaN,NaN,NaN,NaN,NaN,NaN,NaN,NaN,NaN,NaN,NaN,NaN,NaN,NaN,NaN,NaN,4.154523725483229e-09,8.496822134682465e-08,6.165572043606614e-11,3.722044894516330e-11,10,9.999999999627796e-01,9.999999999418963e-01,9.999999998999807e-01,9.999999998447551e-01,9.999999997917057e-01,9.999999996832176e-01,9.999999995639457e-01,9.999999994580504e-01,9.999999993865589e-01,9.999999992387683e-01,3.078408795555907e-02,5.499424257762325e-02,2.224746518602805e-01,2.170832214977100e-02,8.722597210635581e-02,1.760610231206533e-02,1.843930824379779e-01,1.335068241590692e-01,4.597035001468616e-02,2.013363644266112e-01,NaN,NaN,NaN,NaN,0,NaN,NaN,NaN,NaN,NaN,NaN,NaN,NaN,NaN,NaN,NaN,NaN,NaN,NaN,NaN,NaN,NaN,NaN,NaN,NaN,false
3,1.000000000000000e+18,1,6,CONTINUE,4.957110614765969e-01,4.822963779703733e-01,1.000000000000000e-09,7.926667393582828e-03,3.787875231871452e-14,1.313659635631872e-09,2.686743243590005e-08,1.866704408998483e-02,,,2.502765303629871e-01,4.341269837766750e+00,7.264074119058788e+00,1.040214171105694e-02,9.699796903151915e+01,REFINE_STALLED,REFINE_STALLED,,1,2,2,1,2,2,,,,2.563545435961339e+06,4.243936238737543e-02,2.563549712147741e+06,4.632002560674088e-01,,,1.055651223386146e-10,1.055649825116232e-10,,solution good enough for the tolerances given,solution good enough for the tolerances given,,1.055651223386146e-10,1.055649825116232e-10,,2.563545435961339e+06,1.683654865420359e-12,2.563549712147741e+06,1.683657111284688e-12,,,4.208738559751197e-02,4.635682653262060e-01,,4.152799710866852e-05,2.872135245235500e+00,3.463517218995015e-02,5.549441196016027e-02,8.009324983037414e-01,7.400000000000000e-01,1.313659635631872e-09,2.686743243590005e-08,6.162349958381246e-11,3.721978281134852e-11,10,9.999999999627802e-01,9.999999999418983e-01,9.999999998999818e-01,9.999999998447586e-01,9.999999997917062e-01,9.999999996832187e-01,9.999999995639468e-01,9.999999994580508e-01,9.999999993865580e-01,9.999999992387678e-01,3.078163618352633e-02,5.499542858510563e-02,2.224779487642147e-01,2.170891632142774e-02,8.722494143896199e-02,1.760607657787267e-02,1.843918312812313e-01,1.335074229319916e-01,4.596873744988116e-02,2.013370604657866e-01,NaN,NaN,NaN,NaN,0,NaN,NaN,NaN,NaN,NaN,NaN,NaN,NaN,NaN,NaN,NaN,NaN,NaN,NaN,NaN,NaN,NaN,NaN,NaN,NaN,1.313659635631872e-09,2.686582968271679e-08,6.192398035285386e-11,3.722200325739777e-11,10,9.999999999627780e-01,9.999999999418909e-01,9.999999998999780e-01,9.999999998447171e-01,9.999999997917013e-01,9.999999996832154e-01,9.999999995639470e-01,9.999999994580508e-01,9.999999993865585e-01,9.999999992387678e-01,3.078894594395944e-02,5.499910444632350e-02,2.224818584731759e-01,2.170788843757073e-02,8.721204506374346e-02,1.760536028403396e-02,1.843902295726593e-01,1.335092088851423e-01,4.596946339255101e-02,2.013358955008403e-01,NaN,NaN,NaN,NaN,0,NaN,NaN,NaN,NaN,NaN,NaN,NaN,NaN,NaN,NaN,NaN,NaN,NaN,NaN,NaN,NaN,NaN,NaN,NaN,NaN,false
4,1.000000000000000e+00,0,8,CONTINUE,9.440172351247540e-02,1.586780412126653e-02,1.000000000000000e-09,1.509530696037712e-03,2.433847926652967e-14,6.744091554180304e-01,5.844105601721265e+02,8.394866893013807e-01,,,1.467626938122207e+00,4.406453799440829e-01,7.619793526043670e+00,1.760679034942374e-03,9.017635985672760e+01,REACHED_FORCE,REACHED_FORCE,,4,0,0,4,0,0,,,,2.356752916005620e-05,NaN,5.222386019130741e-06,NaN,,,2.355991002119667e-01,6.452048035540212e-02,,solution good enough for the tolerances given,solution good enough for the tolerances given,,1.235538977901723e-03,2.523878483676360e-04,,2.917530182082492e-17,2.356752916005620e-05,5.532501678615688e-17,5.222386019130741e-06,,,2.356752916005620e-05,5.222386019130741e-06,,4.739556268930435e-01,9.659125872613203e+00,4.722032420978847e-03,7.555436525591882e-03,2.187486712401689e+00,1.600000000000000e-01,6.744091554180304e-01,5.844105601721265e+02,6.196153805356029e-03,1.708202871683717e-03,10,9.982917971283163e-01,9.948572252824909e-01,9.852964679754703e-01,9.744110688635527e-01,9.546921323207463e-01,9.482116394895261e-01,9.128251277928593e-01,8.128524337831978e-01,6.034008129876283e-01,4.027744074593634e-01,3.401070124339010e-02,2.398887492845452e-02,2.356721103237714e-02,3.424065216507641e-02,5.145067998087093e-02,1.932732335248962e-03,4.266078302610491e-03,2.150749234097049e-01,6.087533749920856e-01,2.714771610181693e-03,1.468589614495482e+00,3.358692784709370e+01,1.788682655257193e-01,2.891265753411021e-02,3,9.710873424658898e-01,7.707814909580847e-01,5.949103916957152e-01,NaN,NaN,NaN,NaN,NaN,NaN,NaN,1.978462057547652e-01,2.453727471787401e-01,5.567810470664947e-01,NaN,NaN,NaN,NaN,NaN,NaN,NaN,6.744091554180331e-01,6.299951346744166e+02,7.949533679406564e-03,1.584798273470023e-03,10,9.984152017265300e-01,9.934868915276478e-01,9.859583474367183e-01,9.785659924329865e-01,9.549144152458789e-01,9.478877239411599e-01,9.128251039766505e-01,8.128524337832310e-01,6.034008129876292e-01,4.027744074593644e-01,6.679550621013431e-04,6.129883941489245e-04,1.719654874208683e-03,4.095830393301030e-03,3.129515966637040e-04,7.513245103589909e-02,6.818864000391204e-03,1.160816652704147e-03,6.254335495830761e-01,2.840449384075050e-01,6.756972360994112e-01,1.884112633502242e+01,3.621136523596724e-02,5.040036453146601e-02,3,9.495996354685340e-01,6.042735125378214e-01,4.032334848700110e-01,NaN,NaN,NaN,NaN,NaN,NaN,NaN,8.889392062026959e-02,6.250220173897639e-01,2.860840619899660e-01,NaN,NaN,NaN,NaN,NaN,NaN,NaN,false
4,3.162000000000000e+00,0,6,CONTINUE,9.440172351247540e-02,1.590517683904858e-02,1.000000000000000e-09,1.509530696037712e-03,2.433847926652967e-14,6.744091554180323e-01,5.763943390728272e+02,8.390047793777697e-01,,,1.466184880710754e+00,4.408874838321201e-01,7.619790490818631e+00,1.760679034942374e-03,9.017635985672760e+01,REACHED_FORCE,REACHED_FORCE,,3,0,0,3,0,0,,,,6.654134865542579e-06,NaN,7.583726284059896e-06,NaN,,,9.471980054578667e-02,2.940669613232888e-02,,solution good enough for the tolerances given,solution good enough for the tolerances given,,4.253985315689686e-04,3.998109639238956e-04,,8.990315227750493e-17,6.654134865542579e-06,1.266424212370622e-16,7.583726284059896e-06,,,6.654134865542579e-06,7.583726284059896e-06,,3.287551909516674e-01,5.563130362360410e+00,4.722032420978847e-03,7.555436525591882e-03,2.187486712401689e+00,1.600000000000000e-01,6.744091554180323e-01,5.763943390728272e+02,1.830497270367905e-03,5.483782289229522e-04,10,9.994516217710770e-01,9.983245549433238e-01,9.952583376654482e-01,9.917475222536458e-01,9.852080732728181e-01,9.829739847670103e-01,9.706830096421366e-01,9.321286533929299e-01,8.279062086517309e-01,6.807643012823988e-01,2.156654757500738e-02,1.467768442581413e-02,1.484793677806565e-02,2.180197499321750e-02,3.395999349928817e-02,1.209974334555082e-03,2.985033195134357e-03,1.750088643752704e-01,7.091430534174127e-01,4.798937406234251e-03,1.503882395284345e+00,8.249922538997801e+00,6.104929327988097e-02,3.691909411168204e-02,2,9.630809058883180e-01,8.262463908357678e-01,NaN,NaN,NaN,NaN,NaN,NaN,NaN,NaN,2.733756434794278e-01,7.266243565205721e-01,NaN,NaN,NaN,NaN,NaN,NaN,NaN,NaN,6.744091554180339e-01,6.129559300307693e+02,2.680346967265351e-03,5.156854361173524e-04,10,9.994843145638826e-01,9.977826504241853e-01,9.954028859781228e-01,9.931023494211768e-01,9.852612381678102e-01,9.829102356783486e-01,9.706830067965653e-01,9.321286533929319e-01,8.279062086517299e-01,6.807643012823994e-01,3.312866926474788e-04,3.199457168970638e-04,8.435676599536659e-04,2.000478495803192e-03,1.658731078536835e-04,3.886528388805307e-02,3.728656563473567e-03,6.187774486528702e-04,5.709953635686806e-01,3.821307668579847e-01,7.457556624085967e-01,2.117463388140973e+00,1.121766684841365e-01,1.299474362192670e-01,2,8.700525637807330e-01,7.022107343116327e-01,NaN,NaN,NaN,NaN,NaN,NaN,NaN,NaN,4.569672303928378e-01,5.430327696071620e-01,NaN,NaN,NaN,NaN,NaN,NaN,NaN,NaN,false
4,1.000000000000000e+01,0,4,CONTINUE,9.440172351247540e-02,1.591947872106664e-02,1.000000000000000e-09,1.509530696037712e-03,2.433847926652967e-14,6.744091554180749e-01,5.738180437159741e+02,8.388221976641395e-01,,,1.465497734941438e+00,4.408719523329805e-01,7.619810408291048e+00,1.760679034942374e-03,9.017635985672760e+01,REACHED_FORCE,REACHED_FORCE,,2,0,0,2,0,0,,,,1.474731607193204e-05,NaN,9.112419926622709e-06,NaN,,,3.312903744410288e-02,1.103599312006345e-02,,solution good enough for the tolerances given,solution good enough for the tolerances given,,7.539623274649491e-04,4.435170928167483e-04,,2.904563381273236e-16,1.474731607193204e-05,4.300655601736413e-16,9.112419926622709e-06,,,1.474731607193204e-05,9.112419926622709e-06,,2.146088018370497e-01,3.266076111378881e+00,4.722032420978847e-03,7.555436525591882e-03,2.187486712401689e+00,1.600000000000000e-01,6.744091554180749e-01,5.738180437159741e+02,5.707493047142540e-04,1.742409061623595e-04,10,9.998257590938376e-01,9.994650216421432e-01,9.984913492936065e-01,9.973743080687640e-01,9.952746295261183e-01,9.945496228021556e-01,9.905403297495512e-01,9.774945947391585e-01,9.383263247981557e-01,8.708692952551501e-01,1.776502728641934e-02,1.195242718657483e-02,1.220244225048782e-02,1.798438284958389e-02,2.833529497272477e-02,9.986942431981663e-04,2.540540173721032e-03,1.572985447232678e-01,7.445039749431878e-01,6.418671370834040e-03,1.879269039258903e+00,1.879269039258903e+00,2.217598363706075e-02,5.052370244595095e-02,1,9.494762975540491e-01,NaN,NaN,NaN,NaN,NaN,NaN,NaN,NaN,NaN,1.000000000000000e+00,NaN,NaN,NaN,NaN,NaN,NaN,NaN,NaN,NaN,6.744091554180722e-01,5.920877919480375e+02,4.128749041522442e-03,1.688653521056960e-04,10,9.998311346478943e-01,9.992303481828236e-01,9.984820936316463e-01,9.977999764241506e-01,9.952811725810461e-01,9.945323067723901e-01,9.905403290658905e-01,9.774945947391576e-01,9.383263247981559e-01,8.708692952551497e-01,2.449618150324512e-04,2.573162381406045e-04,6.058743844085716e-04,1.383921355800554e-03,1.270472033792029e-04,2.820839776634955e-02,2.768764270513280e-03,4.509748678920299e-04,5.242567950728373e-01,4.416959470256459e-01,1.016510913883570e+00,1.016510913883570e+00,3.834630104073299e-02,8.956473130403098e-02,1,9.104352686959690e-01,NaN,NaN,NaN,NaN,NaN,NaN,NaN,NaN,NaN,1.000000000000000e+00,NaN,NaN,NaN,NaN,NaN,NaN,NaN,NaN,NaN,false
4,3.162000000000000e+01,0,4,CONTINUE,9.440172351247540e-02,1.590004788608780e-02,1.000000000000000e-09,1.509530696037712e-03,2.433847926652967e-14,6.744091554181314e-01,5.728207964094878e+02,8.390400639845275e-01,,,1.464275833363276e+00,4.409295439492936e-01,7.619776670380340e+00,1.760679034942374e-03,9.017635985672760e+01,REACHED_FORCE,REACHED_FORCE,,2,0,0,2,0,0,,,,1.557547882403807e-06,NaN,1.050962561192525e-06,NaN,,,1.085587589392773e-02,3.714798007397340e-03,,solution good enough for the tolerances given,solution good enough for the tolerances given,,7.886096850301436e-05,5.022071598000482e-05,,7.745502350061963e-16,1.557547882403807e-06,1.019298600280894e-15,1.050962561192525e-06,,,1.557547882403807e-06,1.050962561192525e-06,,1.309852718988495e-01,2.872243282173690e+00,4.722032420978847e-03,7.555436525591882e-03,2.187486712401689e+00,1.600000000000000e-01,6.744091554181314e-01,5.728207964094878e+02,2.157687208164102e-04,5.520715673823506e-05,10,9.999447928432618e-01,9.998301768528192e-01,9.995218427522031e-01,9.991679443950992e-01,9.985006900267687e-01,9.982694739379794e-01,9.969888507958741e-01,9.927713062800033e-01,9.796366563538361e-01,9.552068006712993e-01,1.659665770788846e-02,1.111565254506996e-02,1.138484505745453e-02,1.679865199623824e-02,2.656749123457790e-02,9.328128039736627e-04,2.397322401567298e-03,1.511327459569260e-01,7.558810173937496e-01,7.192802902553484e-03,1.842166313538847e+00,1.842166313538847e+00,7.202793766353276e-03,1.687783686352240e-02,1,9.831221631364776e-01,NaN,NaN,NaN,NaN,NaN,NaN,NaN,NaN,NaN,1.000000000000000e+00,NaN,NaN,NaN,NaN,NaN,NaN,NaN,NaN,NaN,6.744091554181418e-01,5.671856582830757e+02,2.464875522098229e-03,5.575562372373000e-05,10,9.999442443762763e-01,9.997231297864848e-01,9.994711439046255e-01,9.992932395678742e-01,9.984964695725057e-01,9.982643137296785e-01,9.969888505843054e-01,9.927713062800051e-01,9.796366563538368e-01,9.552068006712999e-01,2.269275234294552e-04,2.891848150561758e-04,6.021329063327867e-04,1.091015166195294e-03,1.121849606825087e-04,2.510854260982500e-02,2.470017842208011e-03,4.588959083287738e-04,5.023944704371737e-01,4.672466278307684e-01,9.815077749454673e-01,9.815077749454673e-01,1.330642121822705e-02,3.121558886761688e-02,1,9.687844111323831e-01,NaN,NaN,NaN,NaN,NaN,NaN,NaN,NaN,NaN,1.000000000000000e+00,NaN,NaN,NaN,NaN,NaN,NaN,NaN,NaN,NaN,false
4,1.000000000000000e+02,0,3,CONTINUE,9.440172351247540e-02,1.578952641667666e-02,1.000000000000000e-09,1.509530696037712e-03,2.433847926652967e-14,6.744091554185691e-01,5.708823801452694e+02,8.403074304825148e-01,,,1.465219909871546e+00,4.401247418566037e-01,7.619884616351110e+00,1.760679034942374e-03,9.017635985672760e+01,REACHED_FORCE,REACHED_FORCE,,2,0,0,1,0,0,,,,1.585596673938555e-07,NaN,2.173886149203444e-05,NaN,,,3.472833160434490e-03,1.200137896857720e-03,,solution good enough for the tolerances given,solution good enough for the tolerances given,,8.006888738555997e-06,1.200137896857720e-03,,3.192858585932350e-15,1.585596673938555e-07,2.406638230197824e-15,2.173886149203444e-05,,,1.585596673938555e-07,2.173886149203444e-05,,7.628155315261899e-02,2.872169406835651e+00,4.722032420978847e-03,7.555436525591882e-03,2.187486712401689e+00,1.600000000000000e-01,6.744091554185691e-01,5.708823801452694e+02,1.367560547766203e-04,1.751643628078448e-05,10,9.999824835637192e-01,9.999459377284997e-01,9.998484143655625e-01,9.997366461276140e-01,9.995254061716484e-01,9.994519334611802e-01,9.990459101104930e-01,9.977029326861901e-01,9.934701866509525e-01,9.853888570589266e-01,1.630225595234763e-02,1.081389798093530e-02,1.112089647483592e-02,1.640459199377290e-02,2.601469128602709e-02,9.051714496071453e-04,2.351810025165591e-03,1.491242488929292e-01,7.594841120089659e-01,7.478323935413658e-03,1.830580919151994e+00,1.830580919151994e+00,2.299306578437119e-03,5.433067297365701e-03,1,9.945669327026343e-01,NaN,NaN,NaN,NaN,NaN,NaN,NaN,NaN,NaN,1.000000000000000e+00,NaN,NaN,NaN,NaN,NaN,NaN,NaN,NaN,NaN,6.744091554185483e-01,5.082789572334193e+02,5.318346083815034e-03,1.967384862033850e-05,10,9.999803261513797e-01,9.998880380352807e-01,9.997868990770067e-01,9.995505762061918e-01,9.994505598925266e-01,9.990459103248471e-01,9.977029326863324e-01,9.975447798274031e-01,9.934701866509543e-01,9.853888570589262e-01,2.428143949606439e-04,4.653200225353532e-04,1.401160567299221e-03,8.733766773022903e-05,2.414057411466389e-02,2.375298266226962e-03,4.491618108666368e-04,1.579531755731198e-13,4.947577617430852e-01,4.760805714124737e-01,NaN,NaN,NaN,NaN,0,NaN,NaN,NaN,NaN,NaN,NaN,NaN,NaN,NaN,NaN,NaN,NaN,NaN,NaN,NaN,NaN,NaN,NaN,NaN,NaN,false
4,3.162000000000000e+02,0,2,CONTINUE,9.440172351247540e-02,1.586923210129623e-02,1.000000000000000e-09,1.509530696037712e-03,2.433847926652967e-14,6.744091554193059e-01,5.056827458061757e+02,8.392921279727273e-01,,,1.463224788562945e+00,4.407723426581324e-01,7.619826711039548e+00,1.760679034942374e-03,9.017635985672760e+01,REACHED_FORCE,REACHED_FORCE,,1,0,0,1,0,0,,,,1.830940548608805e-05,NaN,6.958931529410452e-06,NaN,,,1.102402016382949e-03,3.837626301710642e-04,,solution good enough for the tolerances given,solution good enough for the tolerances given,,1.102402016382949e-03,3.837626301710642e-04,,1.286112138266008e-14,1.830940548608805e-05,1.481327324449350e-14,6.958931529410452e-06,,,1.830940548608805e-05,6.958931529410452e-06,,4.344284549837170e-02,2.872146048955516e+00,4.722032420978847e-03,7.555436525591882e-03,2.187486712401689e+00,1.600000000000000e-01,6.744091554193059e-01,5.056827458061757e+02,3.703079439671515e-04,6.253991444937768e-06,10,9.999937460085551e-01,9.999760975566695e-01,9.999420818776413e-01,9.999125800846917e-01,9.998492191611071e-01,9.998192535437019e-01,9.996980662916646e-01,9.992723969704961e-01,9.979256489850786e-01,9.953325156666407e-01,1.934104176943740e-02,1.033603689811036e-02,1.173957886152025e-02,1.310691348381299e-02,2.607815998624078e-02,3.811675263208407e-04,2.337333529237375e-03,1.484833181148218e-01,7.606230746194866e-01,7.573375211011860e-03,NaN,NaN,NaN,NaN,0,NaN,NaN,NaN,NaN,NaN,NaN,NaN,NaN,NaN,NaN,NaN,NaN,NaN,NaN,NaN,NaN,NaN,NaN,NaN,NaN,6.744091554194349e-01,5.059963375370948e+02,1.979669379864830e-03,6.250115551775792e-06,10,9.999937498844482e-01,9.999643616774051e-01,9.999325104301707e-01,9.998573769617631e-01,9.998261698675708e-01,9.996980668683644e-01,9.992723969704994e-01,9.979256489850780e-01,9.964434112112480e-01,9.953325156666416e-01,2.380315907204616e-04,4.603058421387894e-04,1.364323737603323e-03,8.207374665844929e-05,2.359988827522492e-02,2.318732946253072e-03,5.214938610990848e-04,4.969548777031096e-01,3.183468753078753e-24,4.744602722971920e-01,NaN,NaN,NaN,NaN,0,NaN,NaN,NaN,NaN,NaN,NaN,NaN,NaN,NaN,NaN,NaN,NaN,NaN,NaN,NaN,NaN,NaN,NaN,NaN,NaN,true
4,1.000000000000000e+03,0,2,CONTINUE,9.440172351247540e-02,1.588859573270502e-02,1.000000000000000e-09,1.509530696037712e-03,2.433847926652967e-14,6.744091554184494e-01,4.781780301764475e+02,8.391386866114202e-01,,,1.463826275091422e+00,4.408843372541088e-01,7.619789643348778e+00,1.760679034942374e-03,9.017635985672760e+01,REACHED_FORCE,REACHED_FORCE,,1,0,0,1,0,0,,,,5.795434689937599e-06,NaN,2.200410176547955e-06,NaN,,,3.489920392546421e-04,1.212809721222913e-04,,solution good enough for the tolerances given,solution good enough for the tolerances given,,3.489920392546421e-04,1.212809721222913e-04,,3.589080795993835e-14,5.795434689937599e-06,2.362378216768898e-14,2.200410176547955e-06,,,5.795434689937599e-06,2.200410176547955e-06,,2.453102025251409e-02,2.872138661257122e+00,4.722032420978847e-03,7.555436525591882e-03,2.187486712401689e+00,1.600000000000000e-01,6.744091554184494e-01,4.781780301764475e+02,2.343524113875819e-04,2.091266945836168e-06,10,9.999979087330542e-01,9.999907058032049e-01,9.999771660020281e-01,9.999646500076074e-01,9.999518489296430e-01,9.999282212510692e-01,9.999045076322944e-01,9.997698173981800e-01,9.993431585180444e-01,9.985194159836633e-01,2.067873486556127e-02,1.163020690730843e-02,1.845210667798026e-02,5.059581256572128e-03,2.496540398570760e-02,1.452544173949586e-05,2.332230178141647e-03,1.482800121474072e-01,7.609832563558656e-01,7.603942183716766e-03,NaN,NaN,NaN,NaN,0,NaN,NaN,NaN,NaN,NaN,NaN,NaN,NaN,NaN,NaN,NaN,NaN,NaN,NaN,NaN,NaN,NaN,NaN,NaN,NaN,6.744091554184494e-01,5.058497685034310e+02,1.561723559451353e-04,1.976867610498090e-06,10,9.999980231323895e-01,9.999887356872118e-01,9.999786590135590e-01,9.999547806972574e-01,9.999450283731893e-01,9.999045090281161e-01,9.997698173981792e-01,9.993431585180460e-01,9.985361391042834e-01,9.985194159836633e-01,2.386356162055737e-04,4.599665155310682e-04,1.367707996114379e-03,8.585010229213235e-05,2.365043400152386e-02,2.327433106828202e-03,4.669314694595174e-04,4.929458147906882e-01,2.031657560964952e-22,4.784572264013562e-01,NaN,NaN,NaN,NaN,0,NaN,NaN,NaN,NaN,NaN,NaN,NaN,NaN,NaN,NaN,NaN,NaN,NaN,NaN,NaN,NaN,NaN,NaN,NaN,NaN,false
4,3.162000000000000e+03,0,2,CONTINUE,9.440172351247540e-02,1.589465919343037e-02,1.000000000000000e-09,1.509530696037712e-03,2.433847926652967e-14,6.744091554280378e-01,4.661375536046042e+02,8.390908819965466e-01,,,1.464016305423344e+00,4.409196455735416e-01,7.619777908092046e+00,1.760679034942374e-03,9.017635985672760e+01,REACHED_FORCE,REACHED_FORCE,,1,0,0,1,0,0,,,,1.833439691127053e-06,NaN,6.958919394670990e-07,NaN,,,1.104119941631812e-04,3.834940030106782e-05,,solution good enough for the tolerances given,solution good enough for the tolerances given,,1.104119941631812e-04,3.834940030106782e-05,,9.701025580105787e-14,1.833439691127053e-06,1.809899573555481e-13,6.958919394670990e-07,,,1.833439691127053e-06,6.958919394670990e-07,,1.381395346012234e-02,2.872136325452653e+00,4.722032420978847e-03,7.555436525591882e-03,2.187486712401689e+00,1.600000000000000e-01,6.744091554280378e-01,4.661375536046042e+02,1.911337470350328e-04,6.784592175845816e-07,10,9.999993215407824e-01,9.999968129612475e-01,9.999923796822733e-01,9.999862835290836e-01,9.999845217780721e-01,9.999697988958008e-01,9.999271920192727e-01,9.998917274847736e-01,9.997921769102749e-01,9.995312826086975e-01,2.123904199372775e-02,1.215888722925124e-02,1.943287514668628e-02,8.809995780927461e-03,1.910088476866064e-02,2.331853702601919e-03,1.482156728081553e-01,4.138951354940393e-15,7.610971306180772e-01,7.613657951907530e-03,NaN,NaN,NaN,NaN,0,NaN,NaN,NaN,NaN,NaN,NaN,NaN,NaN,NaN,NaN,NaN,NaN,NaN,NaN,NaN,NaN,NaN,NaN,NaN,NaN,6.744091554248414e-01,5.058476123207853e+02,5.374235467935707e-05,6.251988327043989e-07,10,9.999993748011673e-01,9.999964384148363e-01,9.999932508622160e-01,9.999856889124903e-01,9.999826142667639e-01,9.999697984797383e-01,9.999271920192727e-01,9.997921769102747e-01,9.995375612867665e-01,9.995312826086953e-01,2.388079525671151e-04,4.597898198304221e-04,1.368848232710328e-03,8.703779754396717e-05,2.366637333508894e-02,2.330169542937758e-03,4.502646727562532e-04,4.916715241781337e-01,1.246040338133160e-22,4.797271844684333e-01,NaN,NaN,NaN,NaN,0,NaN,NaN,NaN,NaN,NaN,NaN,NaN,NaN,NaN,NaN,NaN,NaN,NaN,NaN,NaN,NaN,NaN,NaN,NaN,NaN,false
4,1.000000000000000e+04,0,2,CONTINUE,9.440172351247540e-02,1.589657104456653e-02,1.000000000000000e-09,1.509530696037712e-03,2.433847926652967e-14,6.744091554061726e-01,4.660914837510475e+02,8.390758335501609e-01,,,1.464076393457826e+00,4.409308027622572e-01,7.619774194902540e+00,1.760679034942374e-03,9.017635985672760e+01,REACHED_FORCE,REACHED_FORCE,,1,0,0,1,0,0,,,,5.797938184459375e-07,NaN,2.200410495785217e-07,NaN,,,3.491640849695398e-05,1.212544563417446e-05,,solution good enough for the tolerances given,solution good enough for the tolerances given,,3.491640849695398e-05,1.212544563417446e-05,,3.580427617587125e-13,5.797938184459375e-07,4.667394548457853e-13,2.200410495785217e-07,,,5.797938184459375e-07,2.200410495785217e-07,,7.771132890361925e-03,2.872135586681167e+00,4.722032420978847e-03,7.555436525591882e-03,2.187486712401689e+00,1.600000000000000e-01,6.744091554061726e-01,4.660914837510475e+02,6.096716987599940e-05,2.145501087902346e-07,10,9.999997854498912e-01,9.999989919741288e-01,9.999975901223438e-01,9.999956607949679e-01,9.999951052788797e-01,9.999904502127599e-01,9.999769769702632e-01,9.999649936536374e-01,9.999342769991679e-01,9.998517440435041e-01,2.123617077139811e-02,1.215761933958751e-02,1.942843554765227e-02,8.845109743170499e-03,1.905606968405030e-02,2.331395041149647e-03,1.481953174864648e-01,2.868911900261498e-15,7.611331463675853e-01,7.616736018938658e-03,NaN,NaN,NaN,NaN,0,NaN,NaN,NaN,NaN,NaN,NaN,NaN,NaN,NaN,NaN,NaN,NaN,NaN,NaN,NaN,NaN,NaN,NaN,NaN,NaN,6.744091554041521e-01,5.058749049919998e+02,3.990589564257487e-05,1.976772898704127e-07,10,9.999998023227101e-01,9.999988739796072e-01,9.999978659577117e-01,9.999954741253513e-01,9.999945025663528e-01,9.999904500820750e-01,9.999769769702652e-01,9.999342769991699e-01,9.998635674620123e-01,9.998517440435036e-01,2.388509305027246e-04,4.596922251624431e-04,1.369253529373903e-03,8.739596581640535e-05,2.367143388033056e-02,2.331033584058482e-03,4.450520848957148e-04,4.912678182832840e-01,2.143678269345748e-24,4.801294695165766e-01,NaN,NaN,NaN,NaN,0,NaN,NaN,NaN,NaN,NaN,NaN,NaN,NaN,NaN,NaN,NaN,NaN,NaN,NaN,NaN,NaN,NaN,NaN,NaN,NaN,false
4,3.162000000000000e+04,0,2,CONTINUE,9.440172351247540e-02,1.589717494058064e-02,1.000000000000000e-09,1.509530696037712e-03,2.433847926652967e-14,6.744091554515066e-01,5.155897914858277e+02,8.390710826524671e-01,,,1.464095390288740e+00,4.409343293931831e-01,7.619773020718410e+00,1.760679034942374e-03,9.017635985672760e+01,REACHED_FORCE,REACHED_FORCE,,1,0,0,1,0,0,,,,1.833690236459686e-07,NaN,6.958920203594827e-08,NaN,,,1.104292107363993e-05,3.834675921506435e-06,,solution good enough for the tolerances given,solution good enough for the tolerances given,,1.104292107363993e-05,3.834675921506435e-06,,9.606303100194175e-13,1.833690236459686e-07,9.202694135938352e-13,6.958920203594827e-08,,,1.833690236459686e-07,6.958920203594827e-08,,4.370811925199523e-03,2.872135353100556e+00,4.722032420978847e-03,7.555436525591882e-03,2.187486712401689e+00,1.600000000000000e-01,6.744091554515066e-01,5.155897914858277e+02,2.884319343250394e-06,6.133859131729480e-08,10,9.999999386614087e-01,9.999997766299977e-01,9.999994517691028e-01,9.999991414144602e-01,9.999984938400877e-01,9.999982177015533e-01,9.999969797618896e-01,9.999927187248048e-01,9.999792138031627e-01,9.999531084798875e-01,1.877308115697464e-02,1.008494850950353e-02,1.112789999016786e-02,1.426132694166591e-02,2.596783965495467e-02,5.030244650191104e-04,2.330754888453129e-03,1.481888810763635e-01,7.611445335642660e-01,7.617709752631340e-03,NaN,NaN,NaN,NaN,0,NaN,NaN,NaN,NaN,NaN,NaN,NaN,NaN,NaN,NaN,NaN,NaN,NaN,NaN,NaN,NaN,NaN,NaN,NaN,NaN,6.744091554419256e-01,5.054340430990771e+02,3.856068417755075e-07,6.257107509899384e-08,10,9.999999374289249e-01,9.999996435411145e-01,9.999993249543961e-01,9.999985669880438e-01,9.999982613974562e-01,9.999969797658473e-01,9.999927187248050e-01,9.999792138031631e-01,9.999531088770045e-01,9.999531084798868e-01,2.390492924600536e-04,4.603381304403322e-04,1.368653729428159e-03,8.784910277484594e-05,2.367256008295485e-02,2.331306274052587e-03,4.434098911291636e-04,4.911401096481225e-01,6.606722187139035e-13,4.802567238479765e-01,NaN,NaN,NaN,NaN,0,NaN,NaN,NaN,NaN,NaN,NaN,NaN,NaN,NaN,NaN,NaN,NaN,NaN,NaN,NaN,NaN,NaN,NaN,NaN,NaN,false
4,1.000000000000000e+05,0,2,CONTINUE,9.440172351247540e-02,1.589736579889465e-02,1.000000000000000e-09,1.509530696037712e-03,2.433847926652967e-14,6.744091553380854e-01,4.646614303294041e+02,8.390695817969660e-01,,,1.464101398453324e+00,4.409354445815107e-01,7.619772649419987e+00,1.760679034942374e-03,9.017635985672760e+01,REACHED_FORCE,REACHED_FORCE,,1,0,0,1,0,0,,,,5.798188731847254e-08,NaN,2.200410593328720e-08,NaN,,,3.491813012864129e-06,1.212518192309295e-06,,solution good enough for the tolerances given,solution good enough for the tolerances given,,3.491813012864129e-06,1.212518192309295e-06,,2.403187332275787e-12,5.798188731847254e-08,6.299525982432192e-12,2.200410593328720e-08,,,5.798188731847254e-08,2.200410593328720e-08,,2.457885414332913e-03,2.872135279223391e+00,4.722032420978847e-03,7.555436525591882e-03,2.187486712401689e+00,1.600000000000000e-01,6.744091553380854e-01,4.646614303294041e+02,9.181641995810246e-07,2.152104550123823e-08,10,9.999999784789545e-01,9.999998983291624e-01,9.999997580571700e-01,9.999995602840167e-01,9.999995090418624e-01,9.999990450108187e-01,9.999976976493172e-01,9.999934273111358e-01,9.999852287976219e-01,9.999851724259003e-01,2.130027477381340e-02,1.220306875416334e-02,1.941908032157437e-02,1.006673426677336e-02,1.772670651336707e-02,2.331137332488044e-03,1.481868450283012e-01,7.611481352095910e-01,3.261469973793083e-19,7.618017799928366e-03,NaN,NaN,NaN,NaN,0,NaN,NaN,NaN,NaN,NaN,NaN,NaN,NaN,NaN,NaN,NaN,NaN,NaN,NaN,NaN,NaN,NaN,NaN,NaN,NaN,6.744091554592795e-01,5.046529026068340e+02,1.449067919801841e-07,1.981559949459921e-08,10,9.999999801844005e-01,9.999998870873871e-01,9.999997864694793e-01,9.999995459747566e-01,9.999994502519473e-01,9.999990449999694e-01,9.999976976493203e-01,9.999934273111354e-01,9.999851724386685e-01,9.999851724259030e-01,2.393767194652268e-04,4.615222119759406e-04,1.367411362157832e-03,8.850618991428730e-05,2.367221123831853e-02,2.331391972171968e-03,4.428910688400718e-04,4.910997104300054e-01,1.141813393028174e-09,4.802969776653371e-01,NaN,NaN,NaN,NaN,0,NaN,NaN,NaN,NaN,NaN,NaN,NaN,NaN,NaN,NaN,NaN,NaN,NaN,NaN,NaN,NaN,NaN,NaN,NaN,NaN,false
4,3.162000000000000e+05,0,2,CONTINUE,9.440172351247540e-02,1.589742611137246e-02,1.000000000000000e-09,1.509530696037712e-03,2.433847926652967e-14,6.744091565354284e-01,4.646583517837170e+02,8.390691077041874e-01,,,1.464103298664326e+00,4.409357970244756e-01,7.619772531966472e+00,1.760679034942374e-03,9.017635985672760e+01,REACHED_FORCE,REACHED_FORCE,,1,0,0,1,0,0,,,,1.833715295199060e-08,NaN,6.958920351288479e-09,NaN,,,1.104309326982181e-06,3.834649558217995e-07,,solution good enough for the tolerances given,solution good enough for the tolerances given,,1.104309326982181e-06,3.834649558217995e-07,,1.081851808898828e-11,1.833715295199060e-08,1.244619240129778e-11,6.958920351288479e-09,,,1.833715295199060e-08,6.958920351288479e-09,,1.382249924462763e-03,2.872135255865329e+00,4.722032420978847e-03,7.555436525591882e-03,2.187486712401689e+00,1.600000000000000e-01,6.744091565354284e-01,4.646583517837170e+02,4.298563766450720e-07,6.806194940978116e-09,10,9.999999931938051e-01,9.999999678454348e-01,9.999999234835787e-01,9.999998609334466e-01,9.999998447305807e-01,9.999996979791880e-01,9.999992718677100e-01,9.999979213414310e-01,9.999953510532125e-01,9.999953106500946e-01,2.130025946137400e-02,1.220308015966056e-02,1.941891784803316e-02,1.006964481781877e-02,1.772338408135418e-02,2.331122635145723e-03,1.481862001387495e-01,7.611492755610734e-01,3.090264246091256e-20,7.618115296790951e-03,NaN,NaN,NaN,NaN,0,NaN,NaN,NaN,NaN,NaN,NaN,NaN,NaN,NaN,NaN,NaN,NaN,NaN,NaN,NaN,NaN,NaN,NaN,NaN,NaN,6.744091566950984e-01,4.964731046316921e+02,1.126865942190438e-07,6.370043603709519e-09,10,9.999999936299564e-01,9.999999636005493e-01,9.999999321860511e-01,9.999998531759368e-01,9.999998261338896e-01,9.999996979756859e-01,9.999992718677095e-01,9.999979213414321e-01,9.999953114456730e-01,9.999953106500957e-01,2.428146997838878e-04,4.749575003092878e-04,1.353025946386642e-03,9.752689603469145e-05,2.366089198257199e-02,2.331411937146050e-03,4.427270828560189e-04,4.910869332507577e-01,9.089821999592775e-16,4.803097107041530e-01,NaN,NaN,NaN,NaN,0,NaN,NaN,NaN,NaN,NaN,NaN,NaN,NaN,NaN,NaN,NaN,NaN,NaN,NaN,NaN,NaN,NaN,NaN,NaN,NaN,false
4,1.000000000000000e+06,0,2,CONTINUE,9.440172351247540e-02,1.589744456050698e-02,1.000000000000000e-09,1.509530696037712e-03,2.433847926652967e-14,6.744091591739498e-01,4.584064154048455e+02,8.390689661132978e-01,,,1.464103901502610e+00,4.409359068916890e-01,7.619772495008541e+00,1.760679034942374e-03,9.017635985672760e+01,REACHED_FORCE,REACHED_FORCE,,1,0,0,1,0,0,,,,5.798213769683246e-09,NaN,2.200410610678022e-09,NaN,,,3.491830218219352e-07,1.212515555032904e-07,,solution good enough for the tolerances given,solution good enough for the tolerances given,,3.491830218219352e-07,1.212515555032904e-07,,2.216845500776897e-11,5.798213769683246e-09,4.015880191934302e-11,2.200410610678022e-09,,,5.798213769683246e-09,2.200410610678022e-09,,7.772654542752890e-04,2.872135248477611e+00,4.722032420978847e-03,7.555436525591882e-03,2.187486712401689e+00,1.600000000000000e-01,6.744091591739498e-01,4.584064154048455e+02,5.723960589384499e-08,2.181470337703217e-09,10,9.999999978185297e-01,9.999999894403040e-01,9.999999753873680e-01,9.999999537580763e-01,9.999999493745639e-01,9.999999044998568e-01,9.999997697644579e-01,9.999993427272237e-01,9.999985172947012e-01,9.999985172228111e-01,2.158983862640975e-02,1.242857903324975e-02,1.932515149957777e-02,1.984347944053588e-02,7.528411213430164e-03,2.330761368459560e-03,1.481859943922923e-01,7.611496372767143e-01,2.134645501752115e-12,7.618147147195475e-03,NaN,NaN,NaN,NaN,0,NaN,NaN,NaN,NaN,NaN,NaN,NaN,NaN,NaN,NaN,NaN,NaN,NaN,NaN,NaN,NaN,NaN,NaN,NaN,NaN,6.744091584670034e-01,4.214587246469200e+02,2.728459223354392e-07,2.372711582765419e-09,10,9.999999976272884e-01,9.999999857608382e-01,9.999999770749587e-01,9.999999450432174e-01,9.999999194108521e-01,9.999999044975681e-01,9.999997697644579e-01,9.999993427272250e-01,9.999985806656033e-01,9.999985172228095e-01,2.803909575991456e-04,7.399631505513086e-04,1.073097968747873e-03,2.373371622128296e-02,3.117167762064224e-06,2.330408968900543e-03,4.426749698306406e-04,4.910828832761671e-01,3.132669440016144e-21,4.803137473191584e-01,NaN,NaN,NaN,NaN,0,NaN,NaN,NaN,NaN,NaN,NaN,NaN,NaN,NaN,NaN,NaN,NaN,NaN,NaN,NaN,NaN,NaN,NaN,NaN,NaN,false
4,3.162000000000000e+06,0,2,CONTINUE,9.440172351247540e-02,1.589745588674071e-02,1.000000000000000e-09,1.509530696037712e-03,2.433847926652967e-14,6.744091661994218e-01,4.474943991874829e+02,8.390688669719557e-01,,,1.464104094804760e+00,4.409359431634686e-01,7.619772477080589e+00,1.760679034942374e-03,9.017635985672760e+01,REACHED_FORCE,REACHED_FORCE,,1,0,0,1,0,0,,,,1.833717788276904e-09,NaN,6.958920672587445e-10,NaN,,,1.104311044660310e-07,3.834646966923289e-08,,solution good enough for the tolerances given,solution good enough for the tolerances given,,1.104311044660310e-07,3.834646966923289e-08,,7.083645024872909e-11,1.833717788276904e-09,1.341730968711136e-10,6.958920672587445e-10,,,1.833717788276904e-09,6.958920672587445e-10,,4.371082661041890e-04,2.872135246141806e+00,4.722032420978847e-03,7.555436525591882e-03,2.187486712401689e+00,1.600000000000000e-01,6.744091661994218e-01,4.474943991874829e+02,3.436469454952485e-08,7.067251228676241e-10,10,9.999999992932749e-01,9.999999964245712e-01,9.999999919751084e-01,9.999999849382181e-01,9.999999805121546e-01,9.999999697958954e-01,9.999999271867213e-01,9.999997921337543e-01,9.999995311769613e-01,9.999995310630371e-01,2.209775274146767e-02,1.293568621596173e-02,1.893188976399815e-02,2.655287998548363e-02,1.989374335842283e-04,2.329013508971794e-03,1.481859164036160e-01,7.611497675018000e-01,6.524837425160110e-14,7.618156445051823e-03,NaN,NaN,NaN,NaN,0,NaN,NaN,NaN,NaN,NaN,NaN,NaN,NaN,NaN,NaN,NaN,NaN,NaN,NaN,NaN,NaN,NaN,NaN,NaN,NaN,6.744091665187589e-01,3.909099733359532e+02,9.697585958466452e-08,8.090239589364501e-10,10,9.999999991909760e-01,9.999999950682237e-01,9.999999923841372e-01,9.999999826181069e-01,9.999999697979340e-01,9.999999271867233e-01,9.999999050706625e-01,9.999997921337546e-01,9.999995310692010e-01,9.999995310630373e-01,2.990838679432214e-04,9.493393209149196e-04,8.513487802447030e-04,2.372920032032435e-02,2.331741687752866e-03,4.426587738652968e-04,1.069166259455566e-12,4.910815952950505e-01,3.827765968498952e-10,4.803150315700586e-01,NaN,NaN,NaN,NaN,0,NaN,NaN,NaN,NaN,NaN,NaN,NaN,NaN,NaN,NaN,NaN,NaN,NaN,NaN,NaN,NaN,NaN,NaN,NaN,NaN,false
4,1.000000000000000e+07,0,2,CONTINUE,9.440172351247540e-02,1.589745111305543e-02,1.000000000000000e-09,1.509530696037712e-03,2.433847926652967e-14,6.744091911964046e-01,4.330492518400000e+02,8.390689137849233e-01,,,1.464104153748800e+00,4.409359578903008e-01,7.619772479195332e+00,1.760679034942374e-03,9.017635985672760e+01,REACHED_FORCE,REACHED_FORCE,,1,0,0,1,0,0,,,,5.798216236905578e-10,NaN,3.467884849275986e-10,NaN,,,3.491831927646131e-08,1.212515368088781e-08,,solution good enough for the tolerances given,solution good enough for the tolerances given,,3.491831927646131e-08,1.212515368088781e-08,,3.291108416023570e-10,5.798216236905578e-10,3.467884849275986e-10,2.200410910781643e-10,,,5.798216236905578e-10,3.467884849275986e-10,,2.457933562766303e-04,2.872135245403034e+00,4.722032420978847e-03,7.555436525591882e-03,2.187486712401689e+00,1.600000000000000e-01,6.744091911964046e-01,4.330492518400000e+02,2.183192926063447e-08,2.309206159623045e-10,10,9.999999997690794e-01,9.999999987628347e-01,9.999999973640081e-01,9.999999952083383e-01,9.999999904532744e-01,9.999999871091851e-01,9.999999769764388e-01,9.999999342726811e-01,9.999998517871646e-01,9.999998517220903e-01,2.276764429057991e-02,1.376465809071725e-02,1.797598501666655e-02,2.620047496027519e-02,2.337242995174886e-03,1.370278611289229e-07,1.481858990020660e-01,7.611498000827993e-01,5.451917248451836e-14,7.618158533805541e-03,NaN,NaN,NaN,NaN,0,NaN,NaN,NaN,NaN,NaN,NaN,NaN,NaN,NaN,NaN,NaN,NaN,NaN,NaN,NaN,NaN,NaN,NaN,NaN,NaN,6.744091982658503e-01,4.032863620187397e+02,2.205254064625902e-08,2.479627614349056e-10,10,9.999999997520372e-01,9.999999984949892e-01,9.999999976433571e-01,9.999999945039735e-01,9.999999904502250e-01,9.999999869382390e-01,9.999999769764395e-01,9.999999342726806e-01,9.999998517224511e-01,9.999998517220918e-01,2.912731961747978e-04,8.590905229436282e-04,9.471609676625157e-04,2.373126274021892e-02,2.331924206360291e-03,7.566055899897014e-09,4.426544194482472e-04,4.910811860514739e-01,1.873360079936944e-08,4.803154215960616e-01,NaN,NaN,NaN,NaN,0,NaN,NaN,NaN,NaN,NaN,NaN,NaN,NaN,NaN,NaN,NaN,NaN,NaN,NaN,NaN,NaN,NaN,NaN,NaN,NaN,false
4,3.162000000000000e+07,0,2,CONTINUE,9.440172351247540e-02,1.589747204264287e-02,1.000000000000000e-09,1.509530696037712e-03,2.433847926652967e-14,6.744091495349488e-01,4.270396632034132e+02,8.390687224891095e-01,,,1.464104134956524e+00,4.409359669103356e-01,7.619772460194223e+00,1.760679034942374e-03,9.017635985672760e+01,REACHED_FORCE,REACHED_FORCE,,1,0,0,1,0,0,,,,9.783623297319095e-10,NaN,1.022600714969312e-09,NaN,,,1.104311204017508e-08,3.834646978996384e-09,,solution good enough for the tolerances given,solution good enough for the tolerances given,,1.104311204017508e-08,3.834646978996384e-09,,9.783623297319095e-10,1.833717899587555e-10,1.022600714969312e-09,6.958921371612718e-11,,,9.783623297319095e-10,1.022600714969312e-09,,1.382258501433671e-04,2.872135245169453e+00,4.722032420978847e-03,7.555436525591882e-03,2.187486712401689e+00,1.600000000000000e-01,6.744091495349488e-01,4.270396632034132e+02,9.789052910328971e-09,7.405764890222599e-11,10,9.999999999259424e-01,9.999999995945292e-01,9.999999991544521e-01,9.999999984831272e-01,9.999999969802604e-01,9.999999927186713e-01,9.999999889292628e-01,9.999999792133670e-01,9.999999531104892e-01,9.999999531062828e-01,2.304275647420715e-02,1.412478378320840e-02,1.748717166894292e-02,2.605654321262265e-02,2.334888427110390e-03,1.481857390816440e-01,1.840095671080486e-12,7.611499449100495e-01,2.669130002706744e-11,7.618172413684101e-03,NaN,NaN,NaN,NaN,0,NaN,NaN,NaN,NaN,NaN,NaN,NaN,NaN,NaN,NaN,NaN,NaN,NaN,NaN,NaN,NaN,NaN,NaN,NaN,NaN,6.744091399548434e-01,3.866398210211291e+02,4.294992054514762e-09,8.179590338386333e-11,10,9.999999999182041e-01,9.999999995010695e-01,9.999999992323787e-01,9.999999982617995e-01,9.999999969797873e-01,9.999999927186727e-01,9.999999801923468e-01,9.999999792133666e-01,9.999999531062874e-01,9.999999531062821e-01,3.018494221533226e-04,9.811200118752816e-04,8.175166803534593e-04,2.372854832013110e-02,2.331706248154040e-03,4.426455845078437e-04,5.577974341205418e-14,4.910811051287864e-01,4.988984151322433e-03,4.753265244526605e-01,NaN,NaN,NaN,NaN,0,NaN,NaN,NaN,NaN,NaN,NaN,NaN,NaN,NaN,NaN,NaN,NaN,NaN,NaN,NaN,NaN,NaN,NaN,NaN,NaN,false
4,1.000000000000000e+08,0,2,CONTINUE,9.440172351247540e-02,1.589745763207223e-02,1.000000000000000e-09,1.509530696037712e-03,2.433847926652967e-14,6.744092397896546e-01,4.256911600042253e+02,8.390688485750175e-01,,,1.464104299876657e+00,4.409357034429975e-01,7.619772431996841e+00,1.760679034942374e-03,9.017635985672760e+01,REACHED_FORCE,REACHED_FORCE,,1,0,0,1,0,0,,,,2.870952735097309e-09,NaN,2.278824779773038e-09,NaN,,,3.491830839314549e-09,1.212514134133683e-09,,solution good enough for the tolerances given,solution good enough for the tolerances given,,3.491830839314549e-09,1.212514134133683e-09,,2.870952735097309e-09,5.798211256701429e-11,2.278824779773038e-09,2.200410154206097e-11,,,2.870952735097309e-09,2.278824779773038e-09,,7.772668585418822e-05,2.872135245095576e+00,4.722032420978847e-03,7.555436525591882e-03,2.187486712401689e+00,1.600000000000000e-01,6.744092397896546e-01,4.256911600042253e+02,1.557786442949389e-09,2.349120897804369e-11,10,9.999999999765088e-01,9.999999998707876e-01,9.999999997318265e-01,9.999999995202815e-01,9.999999990451456e-01,9.999999976976448e-01,9.999999938448638e-01,9.999999934272708e-01,9.999999851725554e-01,9.999999851722081e-01,2.310386509108291e-02,1.420463878064894e-02,1.737421571651104e-02,2.602844896137749e-02,2.334602316688386e-03,1.481857742854302e-01,4.667509657497864e-13,7.611502594849123e-01,3.639112739986096e-09,7.618191723771403e-03,NaN,NaN,NaN,NaN,0,NaN,NaN,NaN,NaN,NaN,NaN,NaN,NaN,NaN,NaN,NaN,NaN,NaN,NaN,NaN,NaN,NaN,NaN,NaN,NaN,6.744092094920358e-01,3.877399592986953e+02,2.785418278205212e-09,2.579048086204239e-11,10,9.999999999742095e-01,9.999999998427078e-01,9.999999997577791e-01,9.999999994503821e-01,9.999999990450106e-01,9.999999976976468e-01,9.999999951586036e-01,9.999999934272710e-01,9.999999851722108e-01,9.999999851722075e-01,3.011230077728283e-04,9.726587164687753e-04,8.265625252684820e-04,2.372868583219008e-02,2.331705369060060e-03,4.426437114857609e-04,6.710501123750109e-15,4.910787546747553e-01,1.947401344508683e-07,4.803176714228571e-01,NaN,NaN,NaN,NaN,0,NaN,NaN,NaN,NaN,NaN,NaN,NaN,NaN,NaN,NaN,NaN,NaN,NaN,NaN,NaN,NaN,NaN,NaN,NaN,NaN,false
4,3.162000000000000e+08,0,2,CONTINUE,9.440172351247540e-02,1.589748477610652e-02,1.000000000000000e-09,1.509530696037712e-03,2.433847926652967e-14,6.744099683575806e-01,4.255672006665205e+02,8.390687092246190e-01,,,1.464104245653174e+00,4.409358806827204e-01,7.619772410513241e+00,1.760679034942374e-03,9.017635985672760e+01,REACHED_FORCE,REACHED_FORCE,,1,0,0,1,0,0,,,,1.035363025958437e-08,NaN,9.418040643448486e-09,NaN,,,1.104310798387162e-09,3.834649177395796e-10,,solution good enough for the tolerances given,solution good enough for the tolerances given,,1.104310798387162e-09,3.834649177395796e-10,,1.035363025958437e-08,1.833715743557800e-11,9.418040643448486e-09,6.958942426590799e-12,,,1.035363025958437e-08,9.418040643448486e-09,,4.371084799069551e-05,2.872135245072218e+00,4.722032420978847e-03,7.555436525591882e-03,2.187486712401689e+00,1.600000000000000e-01,6.744099683575806e-01,4.255672006665205e+02,7.400692919261453e-11,7.431388837630948e-12,10,9.999999999925686e-01,9.999999999591085e-01,9.999999999151667e-01,9.999999998482842e-01,9.999999996980218e-01,9.999999992718658e-01,9.999999979233878e-01,9.999999979213363e-01,9.999999953106455e-01,9.999999953106338e-01,2.310993074935575e-02,1.421198024807236e-02,1.736380159884696e-02,2.602621676738609e-02,2.334195086508133e-03,1.481839761266580e-01,6.097297635944537e-08,7.611514337661598e-01,5.040807744191746e-06,7.613363876292245e-03,NaN,NaN,NaN,NaN,0,NaN,NaN,NaN,NaN,NaN,NaN,NaN,NaN,NaN,NaN,NaN,NaN,NaN,NaN,NaN,NaN,NaN,NaN,NaN,NaN,6.744098725563142e-01,3.863838932205625e+02,1.077368690741899e-10,8.185008226746504e-12,10,9.999999999918150e-01,9.999999999500773e-01,9.999999999232050e-01,9.999999998261782e-01,9.999999996979796e-01,9.999999992718664e-01,9.999999979262251e-01,9.999999979213356e-01,9.999999953106340e-01,9.999999953106331e-01,3.019682051225378e-04,9.824833255939051e-04,8.161491589038712e-04,2.372805884621406e-02,2.331847518605596e-03,4.426109742277180e-04,2.594971503178256e-10,4.910781767911784e-01,4.803186441050896e-01,6.081556694258312e-08,NaN,NaN,NaN,NaN,0,NaN,NaN,NaN,NaN,NaN,NaN,NaN,NaN,NaN,NaN,NaN,NaN,NaN,NaN,NaN,NaN,NaN,NaN,NaN,NaN,false
4,1.000000000000000e+09,0,2,CONTINUE,9.440172351247540e-02,1.589692086829701e-02,1.000000000000000e-09,1.509530696037712e-03,2.433847926652967e-14,6.744112484385141e-01,4.254297777592963e+02,8.390748637832506e-01,,,1.464106693621050e+00,4.409353106556745e-01,7.619772692152632e+00,1.760679034942374e-03,9.017635985672760e+01,REACHED_FORCE,REACHED_FORCE,,1,0,0,1,0,0,,,,2.389225282478157e-08,NaN,3.701245679701394e-08,NaN,,,3.491824773883713e-10,1.212520594557931e-10,,solution good enough for the tolerances given,solution good enough for the tolerances given,,3.491824773883713e-10,1.212520594557931e-10,,2.389225282478157e-08,5.798221489420776e-12,3.701245679701394e-08,2.200449302428676e-12,,,2.389225282478157e-08,3.701245679701394e-08,,2.457931293619061e-05,2.872135245064830e+00,4.722032420978847e-03,7.555436525591882e-03,2.187486712401689e+00,1.600000000000000e-01,6.744112484385141e-01,4.254297777592963e+02,1.471702701555634e-11,2.350564187736381e-12,10,9.999999999976494e-01,9.999999999870675e-01,9.999999999731728e-01,9.999999999520275e-01,9.999999999045148e-01,9.999999997697655e-01,9.999999993428434e-01,9.999999993427242e-01,9.999999985172272e-01,9.999999985172252e-01,2.311581109287840e-02,1.421296557769358e-02,1.736015289844190e-02,2.602063257282920e-02,2.334116032211183e-03,1.481839996217960e-01,9.868277213238141e-06,7.611433595310796e-01,2.605345183666976e-03,5.013749212190099e-03,NaN,NaN,NaN,NaN,0,NaN,NaN,NaN,NaN,NaN,NaN,NaN,NaN,NaN,NaN,NaN,NaN,NaN,NaN,NaN,NaN,NaN,NaN,NaN,NaN,6.744123593596710e-01,3.863429379221789e+02,1.600335656539176e-11,2.588373959611090e-12,10,9.999999999974116e-01,9.999999999842044e-01,9.999999999757030e-01,9.999999999450375e-01,9.999999999045015e-01,9.999999997697651e-01,9.999999993428099e-01,9.999999993427262e-01,9.999999985172285e-01,9.999999985172277e-01,3.020876329885078e-04,9.845454578429570e-04,8.140168721647913e-04,2.372805004965372e-02,2.331717885448922e-03,4.428888916468423e-04,1.619143475831932e-06,4.910645486192335e-01,4.398413000532645e-07,4.803300856062446e-01,NaN,NaN,NaN,NaN,0,NaN,NaN,NaN,NaN,NaN,NaN,NaN,NaN,NaN,NaN,NaN,NaN,NaN,NaN,NaN,NaN,NaN,NaN,NaN,NaN,false
4,3.162000000000000e+09,0,2,CONTINUE,9.440172351247540e-02,1.589951374186559e-02,1.000000000000000e-09,1.509530696037712e-03,2.433847926652967e-14,6.744140587499342e-01,-9.999999999992570e-01,8.390470195779246e-01,,,1.464092856692535e+00,4.409316275283531e-01,7.619770739681416e+00,1.760679034942374e-03,9.017635985672760e+01,REACHED_FORCE,REACHED_FORCE,,1,0,0,1,0,0,,,,1.000686570341810e-07,NaN,1.659958028006860e-07,NaN,,,1.104301613846701e-10,3.834563040781786e-11,,solution good enough for the tolerances given,solution good enough for the tolerances given,,1.104301613846701e-10,3.834563040781786e-11,,1.000686570341810e-07,1.833666390689177e-12,1.659958028006860e-07,6.958833081071296e-13,,,1.000686570341810e-07,1.659958028006860e-07,,1.382257398539167e-05,2.872135245062494e+00,4.722032420978847e-03,7.555436525591882e-03,2.187486712401689e+00,1.600000000000000e-01,6.744140587499342e-01,-9.999999999992570e-01,3.897360710413447e-12,7.429612480791548e-13,10,9.999999999992570e-01,9.999999999959057e-01,9.999999999915128e-01,9.999999999848290e-01,9.999999999698024e-01,9.999999999271867e-01,9.999999997921307e-01,9.999999997921294e-01,9.999999995310664e-01,9.999999995310662e-01,2.314591395408824e-02,1.427385311402120e-02,1.728408821930430e-02,2.602691940655315e-02,2.337125081655159e-03,1.481228221576829e-01,5.478787696594308e-05,7.611374068876406e-01,6.267288945451713e-03,1.349794356636853e-03,NaN,NaN,NaN,NaN,0,NaN,NaN,NaN,NaN,NaN,NaN,NaN,NaN,NaN,NaN,NaN,NaN,NaN,NaN,NaN,NaN,NaN,NaN,NaN,NaN,6.744153361182373e-01,-9.999999999991793e-01,4.534892457057535e-12,8.206768598029157e-13,10,9.999999999991793e-01,9.999999999949987e-01,9.999999999923093e-01,9.999999999826177e-01,9.999999999697982e-01,9.999999999271862e-01,9.999999997921292e-01,9.999999997921276e-01,9.999999995310678e-01,9.999999995310671e-01,3.022659898638605e-04,9.870343894485705e-04,8.123420888722562e-04,2.372722855382569e-02,2.332600059359702e-03,4.423044358312074e-04,3.903769849479385e-01,1.007214917557021e-01,1.291876940485129e-06,4.802964559022176e-01,NaN,NaN,NaN,NaN,0,NaN,NaN,NaN,NaN,NaN,NaN,NaN,NaN,NaN,NaN,NaN,NaN,NaN,NaN,NaN,NaN,NaN,NaN,NaN,NaN,false
4,1.000000000000000e+10,0,2,CONTINUE,9.440172351247540e-02,1.590013306007865e-02,1.000000000000000e-09,1.509530696037712e-03,2.433847926652967e-14,6.744480126728951e-01,-9.999999999997531e-01,8.390334873790768e-01,,,1.464134761836592e+00,4.409377097128251e-01,7.619763317679117e+00,1.760679034942374e-03,9.017635985672760e+01,REACHED_FORCE,REACHED_FORCE,,1,0,0,1,0,0,,,,3.317284392561974e-07,NaN,4.297787800467281e-07,NaN,,,3.491789402937040e-11,1.212602207502854e-11,,solution good enough for the tolerances given,solution good enough for the tolerances given,,3.491789402937040e-11,1.212602207502854e-11,,3.317284392561974e-07,5.798418844748660e-13,4.297787800467281e-07,2.200868436859017e-13,,,3.317284392561974e-07,4.297787800467281e-07,,7.772644341309847e-06,2.872135245061755e+00,4.722032420978847e-03,7.555436525591882e-03,2.187486712401689e+00,1.600000000000000e-01,6.744480126728951e-01,-9.999999999997531e-01,4.027150152023664e-12,2.469136006766348e-13,10,9.999999999997531e-01,9.999999999985436e-01,9.999999999971458e-01,9.999999999951836e-01,9.999999999904492e-01,9.999999999769780e-01,9.999999999344269e-01,9.999999999342681e-01,9.999999998517319e-01,9.999999998517306e-01,2.395936688966306e-02,1.598807586899260e-02,1.534233490911190e-02,2.533429607346289e-02,2.322783880670797e-03,1.482260423408431e-01,3.033466764015051e-08,7.612003367746568e-01,7.144156682181690e-03,4.825762457493561e-04,NaN,NaN,NaN,NaN,0,NaN,NaN,NaN,NaN,NaN,NaN,NaN,NaN,NaN,NaN,NaN,NaN,NaN,NaN,NaN,NaN,NaN,NaN,NaN,NaN,6.744399324755437e-01,-9.999999999997398e-01,1.467329631277669e-12,2.602362769721367e-13,10,9.999999999997398e-01,9.999999999984142e-01,9.999999999975624e-01,9.999999999945040e-01,9.999999999904510e-01,9.999999999769795e-01,9.999999999342677e-01,9.999999999342677e-01,9.999999998517293e-01,9.999999998517288e-01,3.023907776832395e-04,9.942245905765444e-04,8.031919805116928e-04,2.372430798163848e-02,2.335922191624581e-03,4.430989642661170e-04,1.262916781943844e-02,4.783235263564701e-01,3.208114641155518e-02,4.483630229262355e-01,NaN,NaN,NaN,NaN,0,NaN,NaN,NaN,NaN,NaN,NaN,NaN,NaN,NaN,NaN,NaN,NaN,NaN,NaN,NaN,NaN,NaN,NaN,NaN,NaN,false
4,3.162000000000000e+10,0,2,CONTINUE,9.440172351247540e-02,1.589805055258751e-02,1.000000000000000e-09,1.509530696037712e-03,2.433847926652967e-14,6.743501967882521e-01,-9.999999999999238e-01,8.390740570574288e-01,,,1.464081574335852e+00,4.409012738699299e-01,7.619762261388224e+00,1.760679034942374e-03,9.017635985672760e+01,REACHED_FORCE,REACHED_FORCE,,1,0,0,1,0,0,,,,9.386801180139417e-07,NaN,8.543403333570789e-07,NaN,,,1.104255527699300e-11,3.834104452926815e-12,,solution good enough for the tolerances given,solution good enough for the tolerances given,,1.104255527699300e-11,3.834104452926815e-12,,9.386801180139417e-07,1.833360812773955e-13,8.543403333570789e-07,6.959638784899211e-14,,,9.386801180139417e-07,8.543403333570789e-07,,4.371032944429326e-06,2.872135245061522e+00,4.722032420978847e-03,7.555436525591882e-03,2.187486712401689e+00,1.600000000000000e-01,6.743501967882521e-01,-9.999999999999238e-01,7.748099238470602e-13,7.616129948928574e-14,10,9.999999999999238e-01,9.999999999995641e-01,9.999999999991260e-01,9.999999999984797e-01,9.999999999969811e-01,9.999999999927185e-01,9.999999999792184e-01,9.999999999792111e-01,9.999999999531035e-01,9.999999999531022e-01,2.378578468767207e-02,1.532750619888391e-02,1.590372005750994e-02,2.563158358595833e-02,2.308734480071736e-03,1.481756835253550e-01,1.656549592415796e-06,7.612412694574220e-01,1.127155633558614e-03,6.496905823976097e-03,NaN,NaN,NaN,NaN,0,NaN,NaN,NaN,NaN,NaN,NaN,NaN,NaN,NaN,NaN,NaN,NaN,NaN,NaN,NaN,NaN,NaN,NaN,NaN,NaN,6.743693541921759e-01,-9.999999999999165e-01,6.063952954288638e-13,8.348877145181177e-14,10,9.999999999999165e-01,9.999999999994857e-01,9.999999999992115e-01,9.999999999982616e-01,9.999999999969804e-01,9.999999999927194e-01,9.999999999792115e-01,9.999999999792113e-01,9.999999999531037e-01,9.999999999531035e-01,3.082610564593438e-04,1.073661218785625e-03,7.300491820447029e-04,2.372093983167110e-02,2.336208532433355e-03,4.398950284546828e-04,6.372387576056983e-02,4.272260983178927e-01,7.903455972331712e-05,4.803619765119656e-01,NaN,NaN,NaN,NaN,0,NaN,NaN,NaN,NaN,NaN,NaN,NaN,NaN,NaN,NaN,NaN,NaN,NaN,NaN,NaN,NaN,NaN,NaN,NaN,NaN,false
4,1.000000000000000e+11,0,2,CONTINUE,9.440172351247540e-02,1.585790686698872e-02,1.000000000000000e-09,1.509530696037712e-03,2.433847926652967e-14,6.747167896122352e-01,-9.999999999999716e-01,8.396291178975398e-01,,,1.464126087147637e+00,4.408564159282310e-01,7.619773416849114e+00,1.760679034942374e-03,9.017635985672760e+01,REACHED_FORCE,REACHED_FORCE,,1,0,0,1,0,0,,,,3.896463737124952e-06,NaN,2.465392177437287e-06,NaN,,,3.491093002369114e-12,1.212914249709215e-12,,solution good enough for the tolerances given,solution good enough for the tolerances given,,3.491093002369114e-12,1.212914249709215e-12,,3.896463737124952e-06,5.795930146339436e-14,2.465392177437287e-06,2.203417492872074e-14,,,3.896463737124952e-06,2.465392177437287e-06,,2.457751488719718e-06,2.872135245061448e+00,4.722032420978847e-03,7.555436525591882e-03,2.187486712401689e+00,1.600000000000000e-01,6.747167896122352e-01,-9.999999999999716e-01,7.848098413634479e-13,2.842170943040401e-14,10,9.999999999999716e-01,9.999999999998093e-01,9.999999999995588e-01,9.999999999994180e-01,9.999999999990410e-01,9.999999999976970e-01,9.999999999934317e-01,9.999999999934281e-01,9.999999999851792e-01,9.999999999851790e-01,2.580839444333953e-02,2.343178952463315e-02,2.754345478086410e-02,3.905403465793892e-03,2.264844380749244e-03,1.478635823036215e-01,2.073195016447859e-04,7.613274814273855e-01,3.334279233190899e-05,7.614387379636880e-03,NaN,NaN,NaN,NaN,0,NaN,NaN,NaN,NaN,NaN,NaN,NaN,NaN,NaN,NaN,NaN,NaN,NaN,NaN,NaN,NaN,NaN,NaN,NaN,NaN,6.746561445462058e-01,-9.999999999999618e-01,2.227271828223610e-12,3.819167204710538e-14,10,9.999999999999618e-01,9.999999999997977e-01,9.999999999994504e-01,9.999999999990454e-01,9.999999999976963e-01,9.999999999934275e-01,9.999999999934261e-01,9.999999999855265e-01,9.999999999851779e-01,9.999999999851776e-01,4.678870625325917e-04,1.328159028077188e-03,2.399811460322315e-02,2.310392282504323e-03,4.328655181786019e-04,3.876761197890037e-01,1.025714885309042e-01,7.134729020693661e-12,3.175595785041885e-02,4.494590153280238e-01,NaN,NaN,NaN,NaN,0,NaN,NaN,NaN,NaN,NaN,NaN,NaN,NaN,NaN,NaN,NaN,NaN,NaN,NaN,NaN,NaN,NaN,NaN,NaN,NaN,false
4,3.162000000000000e+11,0,2,CONTINUE,9.440172351247540e-02,1.604327531698075e-02,1.000000000000000e-09,1.509530696037712e-03,2.433847926652967e-14,6.747303553908852e-01,-9.999999999999898e-01,8.381601446325465e-01,,,1.463417355039945e+00,4.407828856703334e-01,7.619583753083935e+00,1.760679034942374e-03,9.017635985672760e+01,REACHED_FORCE,REACHED_FORCE,,1,0,0,1,0,0,,,,1.315487257494566e-05,NaN,9.763350219979151e-06,NaN,,,1.103757943639891e-12,3.835025930149770e-13,,solution good enough for the tolerances given,solution good enough for the tolerances given,,1.103757943639891e-12,3.835025930149770e-13,,1.315487257494566e-05,1.830168878096813e-14,9.763350219979151e-06,6.964846382811348e-15,,,1.315487257494566e-05,9.763350219979151e-06,,1.382434331550768e-06,2.872135245061425e+00,4.722032420978847e-03,7.555436525591882e-03,2.187486712401689e+00,1.600000000000000e-01,6.747303553908852e-01,-9.999999999999898e-01,9.085618898894531e-13,1.021405182655144e-14,10,9.999999999999898e-01,9.999999999999349e-01,9.999999999998512e-01,9.999999999996989e-01,9.999999999992721e-01,9.999999999979199e-01,9.999999999979177e-01,9.999999999955043e-01,9.999999999953153e-01,9.999999999953129e-01,3.427639550147949e-02,1.743317269451337e-02,2.849060209328956e-02,2.689139162248549e-03,1.471427755426405e-01,3.361882855857397e-04,7.620133187795146e-01,1.832356398427609e-11,2.362807793407618e-03,5.255600128997679e-03,NaN,NaN,NaN,NaN,0,NaN,NaN,NaN,NaN,NaN,NaN,NaN,NaN,NaN,NaN,NaN,NaN,NaN,NaN,NaN,NaN,NaN,NaN,NaN,NaN,6.745705726980288e-01,-9.999999999999887e-01,1.183346691822820e-13,1.132427485117660e-14,10,9.999999999999887e-01,9.999999999999347e-01,9.999999999998246e-01,9.999999999996976e-01,9.999999999992719e-01,9.999999999979181e-01,9.999999999979177e-01,9.999999999953153e-01,9.999999999953135e-01,9.999999999953118e-01,5.071609669600889e-04,1.159635290299133e-03,2.399515704535713e-02,2.410539302751218e-03,3.401655785632393e-04,8.838987935693208e-03,4.831145620883274e-01,4.932354449570202e-04,4.634604650882178e-01,1.568009125887511e-02,NaN,NaN,NaN,NaN,0,NaN,NaN,NaN,NaN,NaN,NaN,NaN,NaN,NaN,NaN,NaN,NaN,NaN,NaN,NaN,NaN,NaN,NaN,NaN,NaN,false
4,1.000000000000000e+12,0,2,CONTINUE,9.440172351247540e-02,1.608846607596083e-02,1.000000000000000e-09,1.509530696037712e-03,2.433847926652967e-14,6.776406300577565e-01,-9.999999999999920e-01,8.390956385436482e-01,,,1.466391064944294e+00,4.403489533669782e-01,7.619381702421585e+00,1.760679034942374e-03,9.017635985672760e+01,REACHED_FORCE,REACHED_FORCE,,1,0,0,1,0,0,,,,3.725300378175828e-05,NaN,4.002846178211323e-05,NaN,,,3.482045709802165e-13,1.224852816225318e-13,,solution good enough for the tolerances given,solution good enough for the tolerances given,,3.482045709802165e-13,1.224852816225318e-13,,3.725300378175828e-05,5.774397922088177e-15,4.002846178211323e-05,2.252742288190800e-15,,,3.725300378175828e-05,4.002846178211323e-05,,7.768218932833535e-07,2.872135245061417e+00,4.722032420978847e-03,7.555436525591882e-03,2.187486712401689e+00,1.600000000000000e-01,6.776406300577565e-01,-9.999999999999920e-01,1.833252925123461e-13,7.993605777301127e-15,10,9.999999999999920e-01,9.999999999999827e-01,9.999999999999527e-01,9.999999999999034e-01,9.999999999997697e-01,9.999999999997526e-01,9.999999999993414e-01,9.999999999993407e-01,9.999999999985243e-01,9.999999999985243e-01,3.617898086057544e-03,4.342503737915945e-02,3.337725746608577e-02,2.235927051641331e-03,1.441125835199696e-01,1.463469770697831e-04,7.949204023160816e-02,6.847843546855482e-01,6.176580961581909e-04,8.190896506701866e-03,NaN,NaN,NaN,NaN,0,NaN,NaN,NaN,NaN,NaN,NaN,NaN,NaN,NaN,NaN,NaN,NaN,NaN,NaN,NaN,NaN,NaN,NaN,NaN,NaN,6.767242114746568e-01,-9.999999999999907e-01,1.899163927359190e-13,9.325873406851315e-15,10,9.999999999999907e-01,9.999999999999813e-01,9.999999999999423e-01,9.999999999999052e-01,9.999999999997713e-01,9.999999999993407e-01,9.999999999993403e-01,9.999999999985507e-01,9.999999999985252e-01,9.999999999985223e-01,3.487767460550242e-04,2.115703699641888e-04,2.607841217914229e-02,1.178975808213011e-03,4.087885198168119e-04,9.540311750537200e-02,3.764580896629083e-01,1.021185534666719e-10,3.208626392801499e-04,4.995914064671304e-01,NaN,NaN,NaN,NaN,0,NaN,NaN,NaN,NaN,NaN,NaN,NaN,NaN,NaN,NaN,NaN,NaN,NaN,NaN,NaN,NaN,NaN,NaN,NaN,NaN,false
4,3.162000000000000e+12,0,2,CONTINUE,9.440172351247540e-02,1.582633717938067e-02,1.000000000000000e-09,1.509530696037712e-03,2.433847926652967e-14,6.798512206208271e-01,-9.999999999999927e-01,9.690803087912357e-01,,,1.529199043733476e+00,3.822730947502272e-01,7.610277089893998e+00,1.760679034942374e-03,9.017635985672760e+01,REACHED_FORCE,REACHED_FORCE,,1,0,0,1,0,0,,,,9.194032860062600e-05,NaN,1.187334028860751e-04,NaN,,,1.093882355769797e-13,3.555193208984628e-14,,solution good enough for the tolerances given,solution good enough for the tolerances given,,1.093882355769797e-13,3.555193208984628e-14,,9.194032860062600e-05,1.814237278015209e-15,1.187334028860751e-04,7.169921869324325e-16,,,9.194032860062600e-05,1.187334028860751e-04,,4.347059793702492e-07,2.872135245061415e+00,4.722032420978847e-03,7.555436525591882e-03,2.187486712401689e+00,1.600000000000000e-01,6.798512206208271e-01,-9.999999999999927e-01,1.220178561274064e-13,7.327471962526033e-15,10,9.999999999999927e-01,9.999999999999887e-01,9.999999999999853e-01,9.999999999999527e-01,9.999999999999287e-01,9.999999999997942e-01,9.999999999997935e-01,9.999999999995821e-01,9.999999999995359e-01,9.999999999995348e-01,6.490382998679144e-02,7.866363687567686e-107,1.696454616088056e-109,2.097343833008030e-110,9.629600962276740e-02,6.359160961957153e-108,8.259905816854696e-01,1.931828169233429e-112,5.937892621204901e-109,1.280957870497136e-02,NaN,NaN,NaN,NaN,0,NaN,NaN,NaN,NaN,NaN,NaN,NaN,NaN,NaN,NaN,NaN,NaN,NaN,NaN,NaN,NaN,NaN,NaN,NaN,NaN,6.782325272383958e-01,-9.999999999999889e-01,1.226926981056716e-14,1.110223024625157e-14,10,9.999999999999889e-01,9.999999999999867e-01,9.999999999999831e-01,9.999999999999829e-01,9.999999999999285e-01,9.999999999997924e-01,9.999999999997919e-01,9.999999999995350e-01,9.999999999995350e-01,9.999999999995337e-01,8.313791651016773e-112,9.897105051182108e-07,8.206008546956861e-04,1.133719486764248e-01,1.050120116457516e-04,1.315619484031538e-02,2.999700980331902e-04,6.747256682406512e-02,8.046225990926443e-01,1.501178916707972e-04,NaN,NaN,NaN,NaN,0,NaN,NaN,NaN,NaN,NaN,NaN,NaN,NaN,NaN,NaN,NaN,NaN,NaN,NaN,NaN,NaN,NaN,NaN,NaN,NaN,false
4,1.000000000000000e+13,0,2,CONTINUE,9.440172351247540e-02,6.006114207425464e-02,1.000000000000000e-09,1.509530696037712e-03,2.433847926652967e-14,6.762161602657403e-01,-9.999999999999984e-01,3.650481926438149e-01,,,1.453472793704128e+00,4.286536612543730e-01,7.573754637799381e+00,1.760679034942374e-03,9.017635985672760e+01,REACHED_FORCE,REACHED_FORCE,,1,0,0,1,0,0,,,,2.390854720089610e-04,NaN,2.324759846698449e-04,NaN,,,3.453018157662076e-14,1.107060513712532e-14,,solution good enough for the tolerances given,solution good enough for the tolerances given,,3.453018157662076e-14,1.107060513712532e-14,,2.390854720089610e-04,5.571147200342256e-16,2.324759846698449e-04,2.149011429509699e-16,,,2.390854720089610e-04,2.324759846698449e-04,,2.447526510060955e-07,2.872135245061414e+00,4.722032420978847e-03,7.555436525591882e-03,2.187486712401689e+00,1.600000000000000e-01,6.762161602657403e-01,-9.999999999999984e-01,4.172905792320324e-14,1.554312234475219e-15,10,9.999999999999984e-01,9.999999999999962e-01,9.999999999999953e-01,9.999999999999798e-01,9.999999999999762e-01,9.999999999999352e-01,9.999999999999341e-01,9.999999999998641e-01,9.999999999998530e-01,9.999999999998521e-01,6.884546207444478e-02,1.567073432244731e-110,1.208083751370952e-113,1.363777793779198e-114,9.327410474943389e-02,1.077335222653025e-112,8.276387074909878e-01,1.284763000182264e-115,6.658920087011536e-112,1.024172568513334e-02,NaN,NaN,NaN,NaN,0,NaN,NaN,NaN,NaN,NaN,NaN,NaN,NaN,NaN,NaN,NaN,NaN,NaN,NaN,NaN,NaN,NaN,NaN,NaN,NaN,6.701785159776524e-01,-9.999999999999964e-01,2.883027193244154e-14,3.552713678800501e-15,10,9.999999999999964e-01,9.999999999999956e-01,9.999999999999925e-01,9.999999999999900e-01,9.999999999999623e-01,9.999999999999352e-01,9.999999999999332e-01,9.999999999998521e-01,9.999999999998515e-01,9.999999999998508e-01,3.153061535804739e-83,3.435495892729862e-02,9.069405782424577e-113,8.932946050104091e-193,4.558314955599457e-193,9.493989627563517e-85,5.108989407186006e-01,4.547461003541010e-01,1.379497891480929e-83,8.136960464554551e-85,NaN,NaN,NaN,NaN,0,NaN,NaN,NaN,NaN,NaN,NaN,NaN,NaN,NaN,NaN,NaN,NaN,NaN,NaN,NaN,NaN,NaN,NaN,NaN,NaN,false
4,3.162000000000000e+13,0,2,CONTINUE,9.440172351247540e-02,8.559848587737622e-02,1.000000000000000e-09,1.509530696037712e-03,2.433847926652967e-14,7.157227674378053e-01,-9.999999999999989e-01,9.969086298170760e-02,,,1.361115283875439e+00,4.703404607752641e-01,7.551583803870353e+00,1.760679034942374e-03,9.017635985672760e+01,REACHED_FORCE,REACHED_FORCE,,1,0,0,1,0,0,,,,1.071121735605442e-03,NaN,8.968182725913556e-04,NaN,,,1.159445751398001e-14,4.163769261315904e-15,,solution good enough for the tolerances given,solution good enough for the tolerances given,,1.159445751398001e-14,4.163769261315904e-15,,1.071121735605442e-03,1.858452731986180e-16,8.968182725913556e-04,7.523645501092087e-17,,,1.071121735605442e-03,8.968182725913556e-04,,1.424773535893143e-07,2.872135245061414e+00,4.722032420978847e-03,7.555436525591882e-03,2.187486712401689e+00,1.600000000000000e-01,7.157227674378053e-01,-9.999999999999989e-01,4.027049489031408e-15,1.110223024625157e-15,10,9.999999999999989e-01,9.999999999999989e-01,9.999999999999949e-01,9.999999999999936e-01,9.999999999999931e-01,9.999999999999778e-01,9.999999999999758e-01,9.999999999999738e-01,9.999999999999560e-01,9.999999999999558e-01,1.452822608116971e-199,1.110678600791733e-113,2.977060873121631e-170,8.476807918378721e-29,1.189269515732870e-57,1.000000000000000e+00,5.304445970803926e-199,2.038302711889394e-113,6.740410643632900e-58,1.377862562477912e-198,NaN,NaN,NaN,NaN,0,NaN,NaN,NaN,NaN,NaN,NaN,NaN,NaN,NaN,NaN,NaN,NaN,NaN,NaN,NaN,NaN,NaN,NaN,NaN,NaN,7.050932213867482e-01,-1.000000000000000e+00,8.204985122405908e-15,0.000000000000000e+00,10,1.000000000000000e+00,9.999999999999969e-01,9.999999999999958e-01,9.999999999999916e-01,9.999999999999916e-01,9.999999999999711e-01,9.999999999999685e-01,9.999999999999591e-01,9.999999999999580e-01,9.999999999999551e-01,5.297258291136713e-02,7.947077082439861e-170,3.368674316823299e-85,9.767673448127338e-253,1.307269597986045e-140,2.329211637801577e-169,9.446263263424339e-01,2.401090746198831e-03,3.327637764035537e-171,1.155029690738016e-85,NaN,NaN,NaN,NaN,0,NaN,NaN,NaN,NaN,NaN,NaN,NaN,NaN,NaN,NaN,NaN,NaN,NaN,NaN,NaN,NaN,NaN,NaN,NaN,NaN,false
4,1.000000000000000e+14,0,4,CONTINUE,9.440172351247540e-02,5.252384451038673e-02,1.000000000000000e-09,1.509530696037712e-03,2.433847926652967e-14,1.000799917193434e+00,-1.000000000000001e+00,9.900000000000000e-01,,,1.648021457950398e+00,2.976226099738629e-01,7.561328441201653e+00,1.760679034942374e-03,9.017635985672760e+01,REACHED_FORCE,REACHED_FORCE,,1,1,1,1,1,1,,,,2.097153622992655e-03,1.099729480929120e-03,3.459627703323650e-03,6.761170073763277e-04,,,3.430065498661755e-15,2.916869754505576e-15,,solution good enough for the tolerances given,solution good enough for the tolerances given,,3.430065498661755e-15,2.916869754505576e-15,,2.097153622992655e-03,6.302456772370051e-17,3.459627703323650e-03,5.740990690198999e-17,,,1.099729480929120e-03,6.761170073763277e-04,,7.917981491064327e-08,2.872135245061414e+00,4.722032420978847e-03,7.555436525591882e-03,2.187486712401689e+00,1.600000000000000e-01,1.000799917193434e+00,-1.000000000000001e+00,4.774042526545861e-15,-8.881784197001252e-16,10,1.000000000000001e+00,9.999999999999964e-01,9.999999999999962e-01,9.999999999999958e-01,9.999999999999956e-01,9.999999999999947e-01,9.999999999999936e-01,9.999999999999936e-01,9.999999999999927e-01,9.999999999999900e-01,1.554697642619690e-29,2.850604926693700e-115,2.126987420459733e-86,6.875551887795566e-230,9.807159433641846e-144,1.248495045671393e-172,4.629673786130735e-201,1.000000000000000e+00,2.686811957403511e-258,4.003586819843246e-30,NaN,NaN,NaN,NaN,0,NaN,NaN,NaN,NaN,NaN,NaN,NaN,NaN,NaN,NaN,NaN,NaN,NaN,NaN,NaN,NaN,NaN,NaN,NaN,NaN,8.042142191732928e-01,-1.000000000000003e+00,8.073721369324171e-15,-3.108624468950438e-15,10,1.000000000000003e+00,9.999999999999996e-01,9.999999999999991e-01,9.999999999999951e-01,9.999999999999940e-01,9.999999999999936e-01,9.999999999999920e-01,9.999999999999909e-01,9.999999999999905e-01,9.999999999999876e-01,6.954947331201179e-01,2.124200240127807e-144,4.640205459815353e-115,1.193012263123509e-229,3.363269030604841e-86,1.046891329979148e-57,3.105095716194041e-201,2.988617755783705e-258,3.045052668798821e-01,1.255636016078808e-144,NaN,NaN,NaN,NaN,0,NaN,NaN,NaN,NaN,NaN,NaN,NaN,NaN,NaN,NaN,NaN,NaN,NaN,NaN,NaN,NaN,NaN,NaN,NaN,NaN,false
4,3.162000000000000e+14,1,6,CONTINUE,9.440172351247540e-02,9.964799808358933e-02,1.000000000000000e-09,1.509530696037712e-03,2.433847926652967e-14,4.154369827754095e-06,8.487657291699544e-05,6.897223684508581e-02,,,3.416208659533528e-02,1.642784827515926e+00,7.529258928128279e+00,1.760679034942374e-03,9.017635985672760e+01,REFINE_STALLED,REFINE_STALLED,,1,2,2,1,2,2,,,,1.109135929210322e+02,3.960505400644724e-02,1.109386445165863e+02,9.987151762059812e-02,,,1.441068897079755e-11,1.441520508279695e-11,,solution good enough for the tolerances given,solution good enough for the tolerances given,,1.441068897079755e-11,1.441520508279695e-11,,1.109135929210322e+02,2.355833075538227e-13,1.109386445165863e+02,2.358719011200586e-13,,,3.960066998835199e-02,9.985856991313659e-02,,4.152842006931675e-05,2.872135245235500e+00,4.722032420978847e-03,7.555436525591882e-03,2.187486712401689e+00,1.600000000000000e-01,4.154369827754095e-06,8.487657291699544e-05,6.300460994139765e-11,3.726063901865473e-11,10,9.999999999627394e-01,9.999999999417142e-01,9.999999998998836e-01,9.999999998430582e-01,9.999999997914830e-01,9.999999996833404e-01,9.999999995639341e-01,9.999999994580371e-01,9.999999993865383e-01,9.999999992387401e-01,3.084083435891018e-02,5.490796217963301e-02,2.218091514345026e-01,2.218398869580373e-02,8.877177953154655e-02,1.767846218930173e-02,1.869821574632171e-01,1.269460229603395e-01,5.447270159928883e-02,1.954069395874567e-01,NaN,NaN,NaN,NaN,0,NaN,NaN,NaN,NaN,NaN,NaN,NaN,NaN,NaN,NaN,NaN,NaN,NaN,NaN,NaN,NaN,NaN,NaN,NaN,NaN,4.154368616006194e-06,8.485988483962196e-05,6.300943335574987e-11,3.726796649061725e-11,10,9.999999999627320e-01,9.999999999417035e-01,9.999999998998799e-01,9.999999998429845e-01,9.999999997914713e-01,9.999999996833524e-01,9.999999995639348e-01,9.999999994580377e-01,9.999999993865385e-01,9.999999992387398e-01,3.086317278669666e-02,5.497545730868070e-02,2.219530153870629e-01,2.223300064560701e-02,8.881609689849639e-02,1.764027547095453e-02,1.870900257886740e-01,1.267902385062810e-01,5.457423090005317e-02,1.950644863074938e-01,NaN,NaN,NaN,NaN,0,NaN,NaN,NaN,NaN,NaN,NaN,NaN,NaN,NaN,NaN,NaN,NaN,NaN,NaN,NaN,NaN,NaN,NaN,NaN,NaN,false
4,1.000000000000000e+15,1,6,CONTINUE,9.440172351247540e-02,9.964863335722070e-02,1.000000000000000e-09,1.509530696037712e-03,2.433847926652967e-14,1.313643542153992e-06,2.683573347318080e-05,6.895897657307420e-02,,,3.416206166742932e-02,1.643129894140907e+00,7.529257315936813e+00,1.760679034942374e-03,9.017635985672760e+01,REFINE_STALLED,REFINE_STALLED,,1,2,2,1,2,2,,,,3.507885033185019e+02,3.961099564618918e-02,3.508132194595026e+02,9.989032546209392e-02,,,1.441217316696646e-11,1.441360402322185e-11,,solution good enough for the tolerances given,solution good enough for the tolerances given,,1.441217316696646e-11,1.441360402322185e-11,,3.507885033185019e+02,2.356627550044499e-13,3.508132194595026e+02,2.357539932428027e-13,,,3.960957198561096e-02,9.988621986237420e-02,,4.152813403739346e-05,2.872135245235500e+00,4.722032420978847e-03,7.555436525591882e-03,2.187486712401689e+00,1.600000000000000e-01,1.313643542153992e-06,2.683573347318080e-05,6.333397428785392e-11,3.726374764312368e-11,10,9.999999999627363e-01,9.999999999417062e-01,9.999999998998801e-01,9.999999998430098e-01,9.999999997914806e-01,9.999999996833457e-01,9.999999995639430e-01,9.999999994580455e-01,9.999999993865523e-01,9.999999992387585e-01,3.085561554047691e-02,5.493245008513219e-02,2.218456000825083e-01,2.219057016295599e-02,8.877741706389852e-02,1.766587212478165e-02,1.869841497085019e-01,1.269092529627021e-01,5.449290458812951e-02,1.953461676809126e-01,NaN,NaN,NaN,NaN,0,NaN,NaN,NaN,NaN,NaN,NaN,NaN,NaN,NaN,NaN,NaN,NaN,NaN,NaN,NaN,NaN,NaN,NaN,NaN,NaN,1.313643925327454e-06,2.683637311596965e-05,6.293358084116416e-11,3.726285946470398e-11,10,9.999999999627371e-01,9.999999999417131e-01,9.999999998998859e-01,9.999999998430458e-01,9.999999997914828e-01,9.999999996833522e-01,9.999999995639430e-01,9.999999994580466e-01,9.999999993865512e-01,9.999999992387587e-01,3.085322398119317e-02,5.494744970325027e-02,2.218857952679221e-01,2.220334045311385e-02,8.881338712806762e-02,1.765474880230359e-02,1.870177671931697e-01,1.268620179556858e-01,5.452448600813831e-02,1.952377835071560e-01,NaN,NaN,NaN,NaN,0,NaN,NaN,NaN,NaN,NaN,NaN,NaN,NaN,NaN,NaN,NaN,NaN,NaN,NaN,NaN,NaN,NaN,NaN,NaN,NaN,false
4,3.162000000000000e+15,1,6,CONTINUE,9.440172351247540e-02,9.964895508142244e-02,1.000000000000000e-09,1.509530696037712e-03,2.433847926652967e-14,4.154507971648532e-07,8.487404399853550e-06,6.895497095628492e-02,,,3.416205917483107e-02,1.643242241051232e+00,7.529256672819360e+00,1.760679034942374e-03,9.017635985672760e+01,REFINE_STALLED,REFINE_STALLED,,1,2,2,1,2,2,,,,1.109209958294914e+03,3.961292073154300e-02,1.109234302516732e+03,9.989635403168766e-02,,,1.441262511599610e-11,1.441309616505458e-11,,solution good enough for the tolerances given,solution good enough for the tolerances given,,1.441262511599610e-11,1.441309616505458e-11,,1.109209958294914e+03,2.356880209781476e-13,1.109234302516732e+03,2.357172172144205e-13,,,3.961231377395611e-02,9.989495310962036e-02,,4.152804199995118e-05,2.872135245235500e+00,4.722032420978847e-03,7.555436525591882e-03,2.187486712401689e+00,1.600000000000000e-01,4.154507971648532e-07,8.487404399853550e-06,6.292773304729899e-11,3.726174924167935e-11,10,9.999999999627383e-01,9.999999999417153e-01,9.999999998998872e-01,9.999999998430675e-01,9.999999997914870e-01,9.999999996833504e-01,9.999999995639468e-01,9.999999994580500e-01,9.999999993865565e-01,9.999999992387654e-01,3.084685682637386e-02,5.493524258115868e-02,2.218488889404830e-01,2.219040505078216e-02,8.880875959713967e-02,1.766225869036269e-02,1.869830791600814e-01,1.268983747933853e-01,5.449960822445590e-02,1.953265261357770e-01,NaN,NaN,NaN,NaN,0,NaN,NaN,NaN,NaN,NaN,NaN,NaN,NaN,NaN,NaN,NaN,NaN,NaN,NaN,NaN,NaN,NaN,NaN,NaN,NaN,4.154509183477730e-07,8.487505554783533e-06,6.295120379865614e-11,3.726130515246950e-11,10,9.999999999627387e-01,9.999999999417157e-01,9.999999998998879e-01,9.999999998430591e-01,9.999999997914863e-01,9.999999996833531e-01,9.999999995639453e-01,9.999999994580495e-01,9.999999993865563e-01,9.999999992387656e-01,3.085055468912485e-02,5.494120646240343e-02,2.218623715314867e-01,2.219570649746388e-02,8.881220161721648e-02,1.765880513063135e-02,1.869934674583658e-01,1.268842517458172e-01,5.450804420480518e-02,1.952933906626860e-01,NaN,NaN,NaN,NaN,0,NaN,NaN,NaN,NaN,NaN,NaN,NaN,NaN,NaN,NaN,NaN,NaN,NaN,NaN,NaN,NaN,NaN,NaN,NaN,NaN,false
4,1.000000000000000e+16,1,6,CONTINUE,9.440172351247540e-02,9.964939318721300e-02,1.000000000000000e-09,1.509530696037712e-03,2.433847926652967e-14,1.313659635631872e-07,2.683733263732821e-06,6.895435446774786e-02,,,3.416205892482473e-02,1.643284853055120e+00,7.529256066648704e+00,1.760679034942374e-03,9.017635985672760e+01,REFINE_STALLED,REFINE_STALLED,,1,2,2,1,2,2,,,,3.507959493725639e+03,3.961374623297124e-02,3.507982284539885e+03,9.989834748747869e-02,,,1.441277142560965e-11,1.441294864864748e-11,,solution good enough for the tolerances given,solution good enough for the tolerances given,,1.441277142560965e-11,1.441294864864748e-11,,3.507959493725639e+03,2.356958815032980e-13,3.507982284539885e+03,2.357048649606127e-13,,,3.961312112235583e-02,9.989791681360775e-02,,4.152800800199388e-05,2.872135245235500e+00,4.722032420978847e-03,7.555436525591882e-03,2.187486712401689e+00,1.600000000000000e-01,1.313659635631872e-07,2.683733263732821e-06,6.290910839571612e-11,3.726152719707443e-11,10,9.999999999627385e-01,9.999999999417164e-01,9.999999998998883e-01,9.999999998430718e-01,9.999999997914879e-01,9.999999996833537e-01,9.999999995639470e-01,9.999999994580502e-01,9.999999993865576e-01,9.999999992387678e-01,3.084644327152715e-02,5.493744026567765e-02,2.218544734115372e-01,2.218992211261544e-02,8.880919541151552e-02,1.766144398167930e-02,1.869836033650460e-01,1.268966399209864e-01,5.450107477714467e-02,1.953197634822706e-01,NaN,NaN,NaN,NaN,0,NaN,NaN,NaN,NaN,NaN,NaN,NaN,NaN,NaN,NaN,NaN,NaN,NaN,NaN,NaN,NaN,NaN,NaN,NaN,NaN,1.313658869266841e-07,2.683749256422553e-06,6.292043996315687e-11,3.726130515246950e-11,10,9.999999999627387e-01,9.999999999417162e-01,9.999999998998874e-01,9.999999998430671e-01,9.999999997914883e-01,9.999999996833528e-01,9.999999995639473e-01,9.999999994580515e-01,9.999999993865580e-01,9.999999992387674e-01,3.084728352735011e-02,5.493934410033848e-02,2.218551010692960e-01,2.219306611264622e-02,8.881208683500899e-02,1.766008919682562e-02,1.869858974582769e-01,1.268912051319767e-01,5.450530415012977e-02,1.953106224181508e-01,NaN,NaN,NaN,NaN,0,NaN,NaN,NaN,NaN,NaN,NaN,NaN,NaN,NaN,NaN,NaN,NaN,NaN,NaN,NaN,NaN,NaN,NaN,NaN,NaN,false
4,3.162000000000000e+16,1,6,CONTINUE,9.440172351247540e-02,9.965053457307814e-02,1.000000000000000e-09,1.509530696037712e-03,2.433847926652967e-14,4.154522513645549e-08,8.487454977017146e-07,6.895536190909012e-02,,,3.416205890063304e-02,1.643325127406355e+00,7.529255007915774e+00,1.760679034942374e-03,9.017635985672760e+01,REFINE_STALLED,REFINE_STALLED,,1,2,2,1,2,2,,,,1.109218546410720e+04,3.961469081362434e-02,1.109218542407550e+04,9.989933500339086e-02,,,1.441283894605902e-11,1.441288651457865e-11,,solution good enough for the tolerances given,solution good enough for the tolerances given,,1.441283894605902e-11,1.441288651457865e-11,,1.109218546410720e+04,2.356984081006678e-13,1.109218542407550e+04,2.357014961641197e-13,,,3.961301829744174e-02,9.989901392563287e-02,,4.152800506261731e-05,2.872135245235500e+00,4.722032420978847e-03,7.555436525591882e-03,2.187486712401689e+00,1.600000000000000e-01,4.154522513645549e-08,8.487454977017146e-07,6.292374822287489e-11,3.726152719707443e-11,10,9.999999999627385e-01,9.999999999417168e-01,9.999999998998876e-01,9.999999998430695e-01,9.999999997914877e-01,9.999999996833517e-01,9.999999995639481e-01,9.999999994580522e-01,9.999999993865580e-01,9.999999992387680e-01,3.084642034845618e-02,5.493589629177138e-02,2.218551710272854e-01,2.219202018396197e-02,8.881076993709033e-02,1.766102276485990e-02,1.869838507096954e-01,1.268939299422741e-01,5.450394624085101e-02,1.953169725537548e-01,NaN,NaN,NaN,NaN,0,NaN,NaN,NaN,NaN,NaN,NaN,NaN,NaN,NaN,NaN,NaN,NaN,NaN,NaN,NaN,NaN,NaN,NaN,NaN,NaN,4.154522513645549e-08,8.487657291699545e-07,6.293115461197209e-11,3.726063901865473e-11,10,9.999999999627394e-01,9.999999999417162e-01,9.999999998998870e-01,9.999999998430686e-01,9.999999997914866e-01,9.999999996833513e-01,9.999999995639466e-01,9.999999994580502e-01,9.999999993865578e-01,9.999999992387680e-01,3.084545175899835e-02,5.493491481460496e-02,2.218572408824417e-01,2.219358178199651e-02,8.881113959337744e-02,1.766069033696215e-02,1.869850011871601e-01,1.268930422945739e-01,5.450238966854468e-02,1.953165476813396e-01,NaN,NaN,NaN,NaN,0,NaN,NaN,NaN,NaN,NaN,NaN,NaN,NaN,NaN,NaN,NaN,NaN,NaN,NaN,NaN,NaN,NaN,NaN,NaN,NaN,false
4,1.000000000000000e+17,1,6,CONTINUE,9.440172351247540e-02,9.965408663968732e-02,1.000000000000000e-09,1.509530696037712e-03,2.433847926652967e-14,1.313659635631872e-08,2.683765249302890e-07,6.896017817023743e-02,,,3.416205889806731e-02,1.643421960453979e+00,7.529251615900889e+00,1.760679034942374e-03,9.017635985672760e+01,REFINE_STALLED,REFINE_STALLED,,1,2,2,1,2,2,,,,3.507959909672798e+04,3.961696935518929e-02,3.507960434226672e+04,9.990068689807660e-02,,,1.441284677607665e-11,1.441284790460033e-11,,solution good enough for the tolerances given,solution good enough for the tolerances given,,1.441284677607665e-11,1.441284790460033e-11,,3.507959909672798e+04,2.356989695667499e-13,3.507960434226672e+04,2.356998117658732e-13,,,3.961198597907203e-02,9.990017851104054e-02,,4.152799862246238e-05,2.872135245235500e+00,4.722032420978847e-03,7.555436525591882e-03,2.187486712401689e+00,1.600000000000000e-01,1.313659635631872e-08,2.683765249302890e-07,6.293847381939480e-11,3.726108310786458e-11,10,9.999999999627389e-01,9.999999999417162e-01,9.999999998998867e-01,9.999999998430664e-01,9.999999997914877e-01,9.999999996833522e-01,9.999999995639473e-01,9.999999994580517e-01,9.999999993865585e-01,9.999999992387678e-01,3.084519981643408e-02,5.493704397853827e-02,2.218583256106219e-01,2.219092562386499e-02,8.881012675191366e-02,1.766083496270535e-02,1.869827257306051e-01,1.268950590222643e-01,5.450206537988822e-02,1.953176931231636e-01,NaN,NaN,NaN,NaN,0,NaN,NaN,NaN,NaN,NaN,NaN,NaN,NaN,NaN,NaN,NaN,NaN,NaN,NaN,NaN,NaN,NaN,NaN,NaN,NaN,1.313661934732330e-08,2.683781242373837e-07,6.291243657753580e-11,3.726086106325965e-11,10,9.999999999627391e-01,9.999999999417166e-01,9.999999998998876e-01,9.999999998430704e-01,9.999999997914877e-01,9.999999996833522e-01,9.999999995639466e-01,9.999999994580508e-01,9.999999993865580e-01,9.999999992387691e-01,3.084871604342222e-02,5.493462684896471e-02,2.218528442149605e-01,2.219094579528845e-02,8.881460569206000e-02,1.766082534149252e-02,1.869845774472547e-01,1.268943289398338e-01,5.450199459458471e-02,1.953165350821382e-01,NaN,NaN,NaN,NaN,0,NaN,NaN,NaN,NaN,NaN,NaN,NaN,NaN,NaN,NaN,NaN,NaN,NaN,NaN,NaN,NaN,NaN,NaN,NaN,NaN,false
4,3.162000000000000e+17,1,6,CONTINUE,9.440172351247540e-02,9.966535554179007e-02,1.000000000000000e-09,1.509530696037712e-03,2.433847926652967e-14,4.154524937321616e-09,8.487657291699544e-08,6.897593393717828e-02,,,3.416205889785247e-02,1.643719283769869e+00,7.529240919285088e+00,1.760679034942374e-03,9.017635985672760e+01,REFINE_STALLED,REFINE_STALLED,,1,2,2,1,2,2,,,,1.109215297460672e+05,3.962424484437099e-02,1.109216426240768e+05,9.990471426018095e-02,,,1.441284485881796e-11,1.441284606178346e-11,,solution good enough for the tolerances given,solution good enough for the tolerances given,,1.441284485881796e-11,1.441284606178346e-11,,1.109215297460672e+05,2.356986888337089e-13,1.109216426240768e+05,2.356998117658732e-13,,,3.960842242490223e-02,9.990296384121562e-02,,4.152799710866852e-05,2.872135245235500e+00,4.722032420978847e-03,7.555436525591882e-03,2.187486712401689e+00,1.600000000000000e-01,4.154524937321616e-09,8.487657291699544e-08,6.290739482707939e-11,3.726063901865473e-11,10,9.999999999627394e-01,9.999999999417173e-01,9.999999998998887e-01,9.999999998430726e-01,9.999999997914886e-01,9.999999996833528e-01,9.999999995639473e-01,9.999999994580508e-01,9.999999993865587e-01,9.999999992387685e-01,3.084619058241142e-02,5.493623312151979e-02,2.218539865897640e-01,2.219080616663006e-02,8.881361738402282e-02,1.766073236942371e-02,1.869834745125452e-01,1.268945428408678e-01,5.450309313283106e-02,1.953173232999842e-01,NaN,NaN,NaN,NaN,0,NaN,NaN,NaN,NaN,NaN,NaN,NaN,NaN,NaN,NaN,NaN,NaN,NaN,NaN,NaN,NaN,NaN,NaN,NaN,NaN,4.154524937321616e-09,8.487859616027287e-08,6.291679909420743e-11,3.725975084023503e-11,10,9.999999999627402e-01,9.999999999417175e-01,9.999999998998885e-01,9.999999998430702e-01,9.999999997914886e-01,9.999999996833535e-01,9.999999995639477e-01,9.999999994580506e-01,9.999999993865585e-01,9.999999992387685e-01,3.084686939197815e-02,5.493407415365642e-02,2.218557301611354e-01,2.219204649911216e-02,8.881154991609413e-02,1.766151000074026e-02,1.869838735111391e-01,1.268938932422081e-01,5.450345190609716e-02,1.953170012178392e-01,NaN,NaN,NaN,NaN,0,NaN,NaN,NaN,NaN,NaN,NaN,NaN,NaN,NaN,NaN,NaN,NaN,NaN,NaN,NaN,NaN,NaN,NaN,NaN,NaN,false
4,1.000000000000000e+18,1,6,CONTINUE,9.440172351247540e-02,9.970097406654295e-02,1.000000000000000e-09,1.509530696037712e-03,2.433847926652967e-14,1.313659635631872e-09,2.683797235635396e-08,6.902558717108795e-02,,,3.416205889784381e-02,1.644661054843242e+00,7.529207235495413e+00,1.760679034942374e-03,9.017635985672760e+01,REFINE_STALLED,REFINE_STALLED,,1,2,2,1,2,2,,,,3.507955834334005e+05,3.964716925662257e-02,3.507967629230652e+05,9.991690626524773e-02,,,1.441284842391159e-11,1.441285269799023e-11,,solution good enough for the tolerances given,solution good enough for the tolerances given,,1.441284842391159e-11,1.441285269799023e-11,,3.507955834334005e+05,2.356995310328321e-13,3.507967629230652e+05,2.357000924989143e-13,,,3.959693970747423e-02,9.991176681293157e-02,,4.152799710866852e-05,2.872135245235500e+00,4.722032420978847e-03,7.555436525591882e-03,2.187486712401689e+00,1.600000000000000e-01,1.313659635631872e-09,2.683797235635396e-08,6.291998675887938e-11,3.726063901865473e-11,10,9.999999999627394e-01,9.999999999417166e-01,9.999999998998876e-01,9.999999998430702e-01,9.999999997914881e-01,9.999999996833524e-01,9.999999995639477e-01,9.999999994580506e-01,9.999999993865587e-01,9.999999992387678e-01,3.084624531083837e-02,5.493574013809328e-02,2.218543075839149e-01,2.219165912979833e-02,8.881332521519711e-02,1.766103514327719e-02,1.869841254837626e-01,1.268927610962540e-01,5.450290183363157e-02,1.953178990652329e-01,NaN,NaN,NaN,NaN,0,NaN,NaN,NaN,NaN,NaN,NaN,NaN,NaN,NaN,NaN,NaN,NaN,NaN,NaN,NaN,NaN,NaN,NaN,NaN,NaN,1.313661168364616e-09,2.683765249302890e-08,6.294070261133473e-11,3.726108310786458e-11,10,9.999999999627389e-01,9.999999999417177e-01,9.999999998998883e-01,9.999999998430680e-01,9.999999997914883e-01,9.999999996833522e-01,9.999999995639473e-01,9.999999994580515e-01,9.999999993865580e-01,9.999999992387687e-01,3.084814531705822e-02,5.493887495472224e-02,2.218538100764160e-01,2.219102229450247e-02,8.880916111900485e-02,1.766150327490311e-02,1.869846566428790e-01,1.268939335615538e-01,5.450221679865612e-02,1.953166759603045e-01,NaN,NaN,NaN,NaN,0,NaN,NaN,NaN,NaN,NaN,NaN,NaN,NaN,NaN,NaN,NaN,NaN,NaN,NaN,NaN,NaN,NaN,NaN,NaN,NaN,false
5,1.000000000000000e+00,0,7,CONTINUE,1.586923210129623e-02,4.860290122868741e-04,1.000000000000000e-09,2.537569451927218e-04,2.254741410854309e-14,1.530969526597013e+00,2.687236225121148e+03,9.737365451954652e-01,,,5.411520090209312e-01,1.354446813975370e-01,7.614625069084168e+00,3.341778160826816e-04,3.241548689954258e+02,REACHED_FORCE,REACHED_FORCE,,4,0,0,3,0,0,,,,1.637421058231799e-07,NaN,7.630206331037813e-07,NaN,,,8.728026841135512e-02,7.340928242495046e-03,,solution good enough for the tolerances given,solution good enough for the tolerances given,,1.076560606579804e-05,4.593797001641580e-05,,3.619898559250499e-17,1.637421058231799e-07,4.149376258961766e-17,7.630206331037813e-07,,,1.637421058231799e-07,7.630206331037813e-07,,3.946554231548556e-01,1.806670241944026e+01,7.573449377063706e-04,1.214218126264949e-03,8.730458858645420e+00,0.000000000000000e+00,1.530969526597013e+00,2.687236225121148e+03,1.086519287420066e-01,3.719911184348890e-04,10,9.996280088815651e-01,9.982266668713049e-01,9.970218635501085e-01,9.926705617019843e-01,9.900386197673727e-01,9.888551301685509e-01,9.700743337794971e-01,9.123408752054081e-01,6.246997080150716e-01,6.048944922128165e-01,7.926229977012894e-03,5.466004922659900e-03,1.413007876506613e-02,7.503908635805533e-04,7.710899544139977e-04,9.813005448206152e-03,1.892345277874179e-02,1.554657272801040e-02,2.564048170953468e-27,9.266731745623070e-01,1.530975461904531e+00,1.198120930050919e+02,2.431839278503064e-02,8.277317072537205e-03,3,9.917226829274628e-01,9.202624746952199e-01,6.048954187617800e-01,NaN,NaN,NaN,NaN,NaN,NaN,NaN,5.238641476322139e-02,2.092814694348544e-02,9.266854382932936e-01,NaN,NaN,NaN,NaN,NaN,NaN,NaN,1.530969526597018e+00,3.213781885873964e+03,7.057123480681349e-02,3.110630940139636e-04,10,9.996889369059860e-01,9.982153164469224e-01,9.972388665580320e-01,9.922400115432337e-01,9.893726613299020e-01,9.888316709015808e-01,9.700743337791116e-01,9.123408752054097e-01,6.128165386518667e-01,6.048944922128174e-01,9.661440523980484e-05,2.249428608970029e-04,4.550531620591631e-04,7.552395816445243e-05,3.558803875355536e-03,8.468005519471017e-03,2.485799862788185e-03,6.964225465752829e-01,5.402375617043948e-28,2.882127097807436e-01,1.538322094737086e+00,1.073513746350394e+01,3.016816358996341e-02,8.521417010324606e-02,2,9.147858298967539e-01,6.060389648447756e-01,NaN,NaN,NaN,NaN,NaN,NaN,NaN,NaN,7.087675459108181e-01,2.912324540891826e-01,NaN,NaN,NaN,NaN,NaN,NaN,NaN,NaN,false
5,3.162000000000000e+00,0,5,CONTINUE,1.586923210129623e-02,4.919388460007065e-04,1.000000000000000e-09,2.537569451927218e-04,2.254741410854309e-14,1.530969526597212e+00,2.681333392899338e+03,9.733421385437577e-01,,,5.409692476117235e-01,1.355461973170814e-01,7.614619850423408e+00,3.341778160826816e-04,3.241548689954258e+02,REACHED_FORCE,REACHED_FORCE,,3,0,0,2,0,0,,,,3.208788896178563e-07,NaN,3.597435572311977e-06,NaN,,,3.719799053029334e-02,2.691711567774909e-03,,solution good enough for the tolerances given,solution good enough for the tolerances given,,1.555579200313399e-05,2.055773545381335e-04,,6.915627098269609e-17,3.208788896178563e-07,5.586530015320919e-17,3.597435572311977e-06,,,3.208788896178563e-07,3.597435572311977e-06,,3.513984973144791e-01,1.022692201211918e+01,7.573449377063706e-04,1.214218126264949e-03,8.730458858645420e+00,0.000000000000000e+00,1.530969526597212e+00,2.681333392899338e+03,1.457815876150785e-03,1.179332037861691e-04,10,9.998820667962138e-01,9.994327246057672e-01,9.990540384731557e-01,9.976564027644628e-01,9.968089444925650e-01,9.964479201982592e-01,9.903381463325174e-01,9.705097776521990e-01,8.288002962045782e-01,8.287942594884333e-01,4.377332872667142e-03,3.081758596800511e-03,7.740411873467752e-03,4.228700680626888e-04,4.400264178384778e-04,5.468428053484556e-03,1.085992494979847e-02,9.687008562994101e-03,1.152847085104731e-20,9.579222386048855e-01,1.531307912050976e+00,3.676634613435937e+01,1.068193245590158e-02,8.528407399680193e-03,2,9.914715926003198e-01,8.288256162097947e-01,NaN,NaN,NaN,NaN,NaN,NaN,NaN,NaN,4.150482314919372e-02,9.584951768508059e-01,NaN,NaN,NaN,NaN,NaN,NaN,NaN,NaN,1.530969526597207e+00,3.202029808608384e+03,2.830639035382135e-03,9.875745098664179e-05,10,9.999012425490134e-01,9.994316748908070e-01,9.991237226676246e-01,9.975306946001339e-01,9.966142067053008e-01,9.964407212262228e-01,9.903381463324290e-01,9.705097776522001e-01,8.288324233020794e-01,8.287942594884329e-01,7.211644154443970e-05,1.704139970114648e-04,3.369984689063312e-04,5.697981323733231e-05,2.690754370365965e-03,6.392746126768848e-03,1.921343725758616e-03,5.859020982743857e-01,1.389761032595021e-24,4.024565487820218e-01,3.351231238828763e+00,3.351231238828763e+00,7.300702842093429e-02,8.623222223300175e-02,1,9.137677777669982e-01,NaN,NaN,NaN,NaN,NaN,NaN,NaN,NaN,NaN,1.000000000000000e+00,NaN,NaN,NaN,NaN,NaN,NaN,NaN,NaN,NaN,false
5,1.000000000000000e+01,0,4,CONTINUE,1.586923210129623e-02,4.869141816297948e-04,1.000000000000000e-09,2.537569451927218e-04,2.254741410854309e-14,1.530969526597064e+00,2.679505276296143e+03,9.736650130662148e-01,,,5.410901225533461e-01,1.354710129970528e-01,7.614624681318441e+00,3.341778160826816e-04,3.241548689954258e+02,REACHED_FORCE,REACHED_FORCE,,2,0,0,2,0,0,,,,2.640990234592747e-06,NaN,4.393341633388866e-07,NaN,,,1.326272320133960e-02,9.049956969113688e-04,,solution good enough for the tolerances given,solution good enough for the tolerances given,,1.476668601953193e-04,2.420333209768345e-05,,1.452281690636618e-16,2.640990234592747e-06,1.200779783273766e-16,4.393341633388866e-07,,,2.640990234592747e-06,4.393341633388866e-07,,2.902434503159102e-01,5.869766426342200e+00,7.573449377063706e-04,1.214218126264949e-03,8.730458858645420e+00,0.000000000000000e+00,1.530969526597064e+00,2.679505276296143e+03,1.777860649515370e-03,3.731892935299186e-05,10,9.999626810706470e-01,9.998199925820695e-01,9.997004762877855e-01,9.992564589311043e-01,9.989869480894153e-01,9.988740583908872e-01,9.969246034154126e-01,9.904832831581860e-01,9.387341116390417e-01,9.386867759518199e-01,3.445888681043138e-03,2.441810474258245e-03,6.077754693621742e-03,3.349327909248726e-04,3.502699496357996e-04,4.317156551378293e-03,8.655291829991607e-03,7.935630396073671e-03,1.209815455299789e-25,9.664412646330724e-01,1.584476561355525e+00,1.584476561355525e+00,1.079843350425984e-02,5.936562270687129e-02,1,9.406343772931287e-01,NaN,NaN,NaN,NaN,NaN,NaN,NaN,NaN,NaN,1.000000000000000e+00,NaN,NaN,NaN,NaN,NaN,NaN,NaN,NaN,NaN,1.530969526597088e+00,3.196879985593484e+03,1.324356813103063e-04,3.127952018799895e-05,10,9.999687204798120e-01,9.998199129540758e-01,9.997226124155861e-01,9.992175008872569e-01,9.989269040926350e-01,9.988718054166638e-01,9.969246034153875e-01,9.904832831581858e-01,9.386868014057590e-01,9.386867759518208e-01,6.373354826046912e-05,1.514623141349706e-04,2.962389586751549e-04,5.179420653381902e-05,2.395118043736350e-03,5.664229363731930e-03,1.681977632138423e-03,5.380065830449297e-01,2.606159651797421e-17,4.516888628878598e-01,2.946101958915520e+00,2.946101958915520e+00,2.630148768712970e-02,3.282884202457959e-02,1,9.671711579754204e-01,NaN,NaN,NaN,NaN,NaN,NaN,NaN,NaN,NaN,1.000000000000000e+00,NaN,NaN,NaN,NaN,NaN,NaN,NaN,NaN,NaN,false
5,3.162000000000000e+01,0,4,CONTINUE,1.586923210129623e-02,4.859120444369899e-04,1.000000000000000e-09,2.537569451927218e-04,2.254741410854309e-14,1.530969526599726e+00,2.678928614579097e+03,9.737426733932418e-01,,,5.411282157604242e-01,1.354457750609571e-01,7.614625032245002e+00,3.341778160826816e-04,3.241548689954258e+02,REACHED_FORCE,REACHED_FORCE,,2,0,0,2,0,0,,,,2.655035545912138e-07,NaN,4.713198170368945e-08,NaN,,,4.372215006156919e-03,2.938989141455802e-04,,solution good enough for the tolerances given,solution good enough for the tolerances given,,1.486814803789117e-05,2.561445449591665e-06,,5.275326795898786e-16,2.655035545912138e-07,4.194760061794160e-16,4.713198170368945e-08,,,2.655035545912138e-07,4.713198170368945e-08,,2.144220870716322e-01,3.524712888190262e+00,7.573449377063706e-04,1.214218126264949e-03,8.730458858645420e+00,0.000000000000000e+00,1.530969526599726e+00,2.678928614579097e+03,9.323434789750945e-05,1.180515969345652e-05,10,9.999881948403065e-01,9.999430082418552e-01,9.999052328196625e-01,9.997646029228454e-01,9.996792130097176e-01,9.996436364350009e-01,9.990253393071592e-01,9.969705731407220e-01,9.797608787383921e-01,9.797608773693081e-01,3.172226726149723e-03,2.252518586594598e-03,5.590522596346887e-03,3.089242133316217e-04,3.236149731073828e-04,3.977895679960513e-03,7.999240500233172e-03,7.399297189524727e-03,8.272812245956192e-14,9.689757595346690e-01,1.578331808521013e+00,1.578331808521013e+00,3.367032694310706e-03,1.964372112844193e-02,1,9.803562788715581e-01,NaN,NaN,NaN,NaN,NaN,NaN,NaN,NaN,NaN,1.000000000000000e+00,NaN,NaN,NaN,NaN,NaN,NaN,NaN,NaN,NaN,1.530969526599897e+00,3.196779686429423e+03,3.998743499072616e-05,9.892843324421641e-06,10,9.999901071566756e-01,9.999429988908727e-01,9.999122352173399e-01,9.997524395587045e-01,9.996603767818991e-01,9.996429263073890e-01,9.990253393071530e-01,9.969705731407229e-01,9.797608774020916e-01,9.797608773693103e-01,6.060319056983899e-05,1.441051079080287e-04,2.818978389511649e-04,4.810328428942114e-05,2.273155700032331e-03,5.392345142968704e-03,1.636543470638343e-03,5.188320821060780e-01,2.409447299512744e-10,4.713311639176198e-01,2.813568049765524e+00,2.813568049765524e+00,8.666823051196901e-03,1.111543109455704e-02,1,9.888845689054430e-01,NaN,NaN,NaN,NaN,NaN,NaN,NaN,NaN,NaN,1.000000000000000e+00,NaN,NaN,NaN,NaN,NaN,NaN,NaN,NaN,NaN,false
5,1.000000000000000e+02,0,3,CONTINUE,1.586923210129623e-02,4.878492732032638e-04,1.000000000000000e-09,2.537569451927218e-04,2.254741410854309e-14,1.530969526589932e+00,2.678746587488596e+03,9.736108122169449e-01,,,5.416976026074360e-01,1.354835586224973e-01,7.614624206005659e+00,3.341778160826816e-04,3.241548689954258e+02,REACHED_FORCE,REACHED_FORCE,,2,0,0,1,0,0,,,,2.658722321854071e-08,NaN,1.742264082919989e-06,NaN,,,1.401328445863844e-03,9.367814670110715e-05,,solution good enough for the tolerances given,solution good enough for the tolerances given,,1.489635514349708e-06,9.367814670110715e-05,,1.386367119856236e-15,2.658722321854071e-08,1.187326727434164e-15,1.742264082919989e-06,,,2.658722321854071e-08,1.742264082919989e-06,,1.419898918261102e-01,2.872142588981339e+00,7.573449377063706e-04,1.214218126264949e-03,8.730458858645420e+00,0.000000000000000e+00,1.530969526589932e+00,2.678746587488596e+03,2.941094368893120e-05,3.733075280787368e-06,10,9.999962669247192e-01,9.999819728732784e-01,9.999700305024123e-01,9.999255426934115e-01,9.998985268108637e-01,9.998872899797017e-01,9.996916067531557e-01,9.990401067871006e-01,9.935105790266180e-01,9.935105790040317e-01,3.087808350830341e-03,2.194001367150847e-03,5.440347583450308e-03,3.008845537646863e-04,3.153639336215050e-04,3.873144742183783e-03,7.796051773012789e-03,7.231668579733448e-03,4.739463254977617e-10,9.697607286423058e-01,1.576486539863085e+00,1.576486539863085e+00,1.059661162814927e-03,6.303236585204819e-03,1,9.936967634147952e-01,NaN,NaN,NaN,NaN,NaN,NaN,NaN,NaN,NaN,1.000000000000000e+00,NaN,NaN,NaN,NaN,NaN,NaN,NaN,NaN,NaN,1.530969526589985e+00,3.196508114387978e+03,1.264487939150545e-05,3.128403982755046e-06,10,9.999968715960172e-01,9.999819720202354e-01,9.999722453589878e-01,9.999217081780514e-01,9.998925859978517e-01,9.998870656757656e-01,9.996916067531535e-01,9.990401067871020e-01,9.935105790047022e-01,9.935105790040319e-01,5.966113182411550e-05,1.419187511094812e-04,2.774820079274584e-04,4.725212815289770e-05,2.237992380373682e-03,5.310387958751452e-03,1.616158390564343e-03,5.129007095190633e-01,2.034897459087587e-05,4.773880887576423e-01,NaN,NaN,NaN,NaN,0,NaN,NaN,NaN,NaN,NaN,NaN,NaN,NaN,NaN,NaN,NaN,NaN,NaN,NaN,NaN,NaN,NaN,NaN,NaN,NaN,false
5,3.162000000000000e+02,0,3,CONTINUE,1.586923210129623e-02,4.864516748184006e-04,1.000000000000000e-09,2.537569451927218e-04,2.254741410854309e-14,1.530969526595610e+00,2.678689044749073e+03,9.737066965339627e-01,,,5.413118940326663e-01,1.354558381969608e-01,7.614624794593790e+00,3.341778160826816e-04,3.241548689954258e+02,REACHED_FORCE,REACHED_FORCE,,2,0,0,1,0,0,,,,2.660488466474085e-09,NaN,5.522847943554749e-07,NaN,,,4.450965028418439e-04,2.970029572865891e-05,,solution good enough for the tolerances given,solution good enough for the tolerances given,,1.490867308999206e-07,2.970029572865891e-05,,2.597412287103996e-15,2.660488466474085e-09,3.997232462799835e-15,5.522847943554749e-07,,,2.660488466474085e-09,5.522847943554749e-07,,8.641218622664691e-02,2.872137567618765e+00,7.573449377063706e-04,1.214218126264949e-03,8.730458858645420e+00,0.000000000000000e+00,1.530969526595610e+00,2.678689044749073e+03,9.298206625042493e-06,1.180634093045363e-06,10,9.999988193659070e-01,9.999942981882419e-01,9.999905215689533e-01,9.999764499912293e-01,9.999679045086519e-01,9.999643520454831e-01,9.999024483589450e-01,9.996962290874837e-01,9.979385377693000e-01,9.979385377687177e-01,3.061332635780627e-03,2.175636704495712e-03,5.393261010553725e-03,2.983614902479356e-04,3.127733800992366e-04,3.840282563368197e-03,7.732246080077822e-03,7.178877724481577e-03,8.295467156681957e-07,9.700063988641802e-01,1.575912784382220e+00,1.575912784382220e+00,3.346181342966125e-04,2.002789395257998e-03,1,9.979972106047420e-01,NaN,NaN,NaN,NaN,NaN,NaN,NaN,NaN,NaN,1.000000000000000e+00,NaN,NaN,NaN,NaN,NaN,NaN,NaN,NaN,NaN,1.530969526595114e+00,3.196282582079759e+03,4.025634161484730e-06,9.894470011095891e-07,10,9.999990105529989e-01,9.999942978250159e-01,9.999912219682848e-01,9.999752381234169e-01,9.999660271880412e-01,9.999642811267190e-01,9.999024483589444e-01,9.996962290874839e-01,9.979385377688241e-01,9.979385377687170e-01,5.936955356868368e-05,1.412630457576024e-04,2.760721468559541e-04,4.701348815906826e-05,2.227228234725663e-03,5.284799037419448e-03,1.609133270403611e-03,5.110356109123328e-01,1.756708885310558e-05,4.793019432219241e-01,NaN,NaN,NaN,NaN,0,NaN,NaN,NaN,NaN,NaN,NaN,NaN,NaN,NaN,NaN,NaN,NaN,NaN,NaN,NaN,NaN,NaN,NaN,NaN,NaN,false
5,1.000000000000000e+03,0,2,CONTINUE,1.586923210129623e-02,4.909245633127280e-04,1.000000000000000e-09,2.537569451927218e-04,2.254741410854309e-14,1.530969526608607e+00,2.678670556121651e+03,9.733987141395080e-01,,,5.411424638317383e-01,1.355353997338447e-01,7.614621651432261e+00,3.341778160826816e-04,3.241548689954258e+02,REACHED_FORCE,REACHED_FORCE,,1,0,0,1,0,0,,,,2.995423394245817e-06,NaN,1.726370852026987e-07,NaN,,,1.409325333866331e-04,9.274413166777211e-06,,solution good enough for the tolerances given,solution good enough for the tolerances given,,1.409325333866331e-04,9.274413166777211e-06,,1.072613762941616e-14,2.995423394245817e-06,1.738858794188506e-14,1.726370852026987e-07,,,2.995423394245817e-06,1.726370852026987e-07,,5.011634924867824e-02,2.872135979454251e+00,7.573449377063706e-04,1.214218126264949e-03,8.730458858645420e+00,0.000000000000000e+00,1.530969526608607e+00,2.678670556121651e+03,2.939934501937598e-06,3.733193782995414e-07,10,9.999996266806217e-01,9.999981970228657e-01,9.999970028785728e-01,9.999925532376459e-01,9.999898509989440e-01,9.999887278379754e-01,9.999691521133647e-01,9.999039276814605e-01,9.993472455015483e-01,9.993472455015383e-01,3.052980815225667e-03,2.169844466583966e-03,5.378405309679571e-03,2.975655901764287e-04,3.119563334622788e-04,3.829913899346032e-03,7.712109486990564e-03,7.162202152059286e-03,6.853014613675720e-03,9.632320073328008e-01,NaN,NaN,NaN,NaN,0,NaN,NaN,NaN,NaN,NaN,NaN,NaN,NaN,NaN,NaN,NaN,NaN,NaN,NaN,NaN,NaN,NaN,NaN,NaN,NaN,1.530969526612776e+00,3.194321033366425e+03,1.347424462706038e-06,3.130554745434111e-07,10,9.999996869445255e-01,9.999981973471114e-01,9.999972249288019e-01,9.999921677604534e-01,9.999892574412060e-01,9.999887053900627e-01,9.999691521133636e-01,9.999039276814603e-01,9.993472455015445e-01,9.993472455015401e-01,6.083082201998668e-05,1.445032370935586e-04,2.829349260238775e-04,4.901774394764269e-05,2.283048102556609e-03,5.428700178013985e-03,1.660009801663941e-03,5.242570389732401e-01,1.451476677143620e-05,4.658194014486681e-01,NaN,NaN,NaN,NaN,0,NaN,NaN,NaN,NaN,NaN,NaN,NaN,NaN,NaN,NaN,NaN,NaN,NaN,NaN,NaN,NaN,NaN,NaN,NaN,NaN,true
5,3.162000000000000e+03,0,2,CONTINUE,1.586923210129623e-02,4.874245733223288e-04,1.000000000000000e-09,2.537569451927218e-04,2.254741410854309e-14,1.530969526762943e+00,2.678663168646273e+03,9.736395667019315e-01,,,5.411360742815000e-01,1.354722509197128e-01,7.614623987647733e+00,3.341778160826816e-04,3.241548689954258e+02,REACHED_FORCE,REACHED_FORCE,,1,0,0,1,0,0,,,,9.476996764509294e-07,NaN,5.506911846943954e-08,NaN,,,4.459003033250853e-05,2.960602055512521e-06,,solution good enough for the tolerances given,solution good enough for the tolerances given,,4.459003033250853e-05,2.960602055512521e-06,,3.928143727238019e-14,9.476996764509294e-07,3.580220148774176e-14,5.506911846943954e-08,,,9.476996764509294e-07,5.506911846943954e-08,,2.848479857515176e-02,2.872135477317233e+00,7.573449377063706e-04,1.214218126264949e-03,8.730458858645420e+00,0.000000000000000e+00,1.530969526762943e+00,2.678663168646273e+03,9.299276127387028e-07,1.180646752585446e-07,10,9.999998819353247e-01,9.999994297905415e-01,9.999990521390097e-01,9.999976448915464e-01,9.999967902761805e-01,9.999964350883724e-01,9.999902439793541e-01,9.999696146015800e-01,9.997934705995922e-01,9.997934705995916e-01,3.050344252855715e-03,2.168026871417835e-03,5.373698574109224e-03,2.973151814878042e-04,3.117006049818511e-04,3.826634122738569e-03,7.705747220398480e-03,7.156931905502519e-03,5.177282433284155e-02,9.183367769336657e-01,NaN,NaN,NaN,NaN,0,NaN,NaN,NaN,NaN,NaN,NaN,NaN,NaN,NaN,NaN,NaN,NaN,NaN,NaN,NaN,NaN,NaN,NaN,NaN,NaN,1.530969526756358e+00,3.168412024025231e+03,8.274868087678144e-07,9.981514415002835e-08,10,9.999999001848558e-01,9.999994221368846e-01,9.999991185663820e-01,9.999975186686727e-01,9.999966020344260e-01,9.999964278664458e-01,9.999902439793530e-01,9.999696146015793e-01,9.997934705995931e-01,9.997934705995907e-01,6.020062280231515e-05,1.477286977722633e-04,2.717531095658156e-04,4.785915975376206e-05,2.251102885915831e-03,5.311710948038062e-03,1.622769530415594e-03,5.145931436659977e-01,4.748296545074241e-01,8.640768723146749e-04,NaN,NaN,NaN,NaN,0,NaN,NaN,NaN,NaN,NaN,NaN,NaN,NaN,NaN,NaN,NaN,NaN,NaN,NaN,NaN,NaN,NaN,NaN,NaN,NaN,false
5,1.000000000000000e+04,0,2,CONTINUE,1.586923210129623e-02,4.863150103314488e-04,1.000000000000000e-09,2.537569451927218e-04,2.254741410854309e-14,1.530969526514037e+00,2.678661192557195e+03,9.737159211027926e-01,,,5.411339434802365e-01,1.354522400580997e-01,7.614624728201212e+00,3.341778160826816e-04,3.241548689954258e+02,REACHED_FORCE,REACHED_FORCE,,1,0,0,1,0,0,,,,2.997007081069102e-07,NaN,1.746008864169426e-08,NaN,,,1.410130256520291e-05,9.389167059432885e-07,,solution good enough for the tolerances given,solution good enough for the tolerances given,,1.410130256520291e-05,9.389167059432885e-07,,1.124135184823725e-13,2.997007081069102e-07,9.588516971750813e-14,1.746008864169426e-08,,,2.997007081069102e-07,1.746008864169426e-08,,1.607296992052341e-02,2.872135318500706e+00,7.573449377063706e-04,1.214218126264949e-03,8.730458858645420e+00,0.000000000000000e+00,1.530969526514037e+00,2.678661192557195e+03,2.940449109282158e-07,3.733208087108864e-08,10,9.999999626679191e-01,9.999998196990975e-01,9.999997002859276e-01,9.999992553121418e-01,9.999989850811629e-01,9.999988727721533e-01,9.999969151256912e-01,9.999903919373776e-01,9.999346861796541e-01,9.999346861796488e-01,3.049510091373652e-03,2.167448966784725e-03,5.372213832421344e-03,2.972357292901409e-04,3.116191098715623e-04,3.825598081141065e-03,7.703735414513821e-03,7.155265243885181e-03,1.855789579726995e-01,7.845384155580194e-01,NaN,NaN,NaN,NaN,0,NaN,NaN,NaN,NaN,NaN,NaN,NaN,NaN,NaN,NaN,NaN,NaN,NaN,NaN,NaN,NaN,NaN,NaN,NaN,NaN,1.530969526602524e+00,3.006204785476171e+03,6.792983728814032e-07,3.326453246188521e-08,10,9.999999667354675e-01,9.999998009855405e-01,9.999997105325439e-01,9.999992030810769e-01,9.999989240716781e-01,9.999988701426487e-01,9.999969151256901e-01,9.999903919373754e-01,9.999346861796530e-01,9.999346861796525e-01,6.278668211363724e-05,1.961706448067016e-04,2.187449623852838e-04,4.998679640407374e-05,2.320809223835797e-03,5.192214537516900e-03,1.611142740759503e-03,5.115681128172506e-01,4.575576049323203e-01,2.122242666260728e-02,NaN,NaN,NaN,NaN,0,NaN,NaN,NaN,NaN,NaN,NaN,NaN,NaN,NaN,NaN,NaN,NaN,NaN,NaN,NaN,NaN,NaN,NaN,NaN,NaN,false
5,3.162000000000000e+04,0,2,CONTINUE,1.586923210129623e-02,4.859639349992013e-04,1.000000000000000e-09,2.537569451927218e-04,2.254741410854309e-14,1.530969526854931e+00,2.678363072096221e+03,9.737400799796048e-01,,,5.411332588454052e-01,1.354459092903782e-01,7.614624962519627e+00,3.341778160826816e-04,3.241548689954258e+02,REACHED_FORCE,REACHED_FORCE,,1,0,0,1,0,0,,,,9.478581504673127e-08,NaN,5.526574534280566e-09,NaN,,,4.459808496544428e-06,2.972157158567420e-07,,solution good enough for the tolerances given,solution good enough for the tolerances given,,4.459808496544428e-06,2.972157158567420e-07,,3.299030750958534e-13,9.478581504673127e-08,3.549411030051386e-13,5.526574534280566e-09,,,9.478581504673127e-08,5.526574534280566e-09,,9.048874423951275e-03,2.872135268286997e+00,7.573449377063706e-04,1.214218126264949e-03,8.730458858645420e+00,0.000000000000000e+00,1.530969526854931e+00,2.678363072096221e+03,9.624064636224555e-08,1.180779163334478e-08,10,9.999999881922084e-01,9.999999429492191e-01,9.999999052021518e-01,9.999997644169379e-01,9.999996789216121e-01,9.999996435053513e-01,9.999990243893714e-01,9.999969613770531e-01,9.999793432203549e-01,9.999793432203513e-01,3.049617402456154e-03,2.169675112552805e-03,5.369078848044875e-03,2.974126537087201e-04,3.120636769187766e-04,3.824483811903667e-03,7.703099469644694e-03,7.154738237605518e-03,2.003823142257195e-02,9.500815993645927e-01,NaN,NaN,NaN,NaN,0,NaN,NaN,NaN,NaN,NaN,NaN,NaN,NaN,NaN,NaN,NaN,NaN,NaN,NaN,NaN,NaN,NaN,NaN,NaN,NaN,1.530969526756189e+00,2.762505367797536e+03,4.003829809574662e-07,1.144814176790021e-08,10,9.999999885518582e-01,9.999999288844271e-01,9.999998934360261e-01,9.999997343347374e-01,9.999996578417814e-01,9.999996421729038e-01,9.999990243893714e-01,9.999969613770546e-01,9.999793432203524e-01,9.999793432203500e-01,6.762469035408248e-05,3.167730264606725e-04,9.486849718559917e-05,6.338998054687979e-05,2.698651705817739e-03,4.783764070069860e-03,1.607481927626427e-03,5.106148408600552e-01,4.195389873203988e-01,6.021361792148533e-02,NaN,NaN,NaN,NaN,0,NaN,NaN,NaN,NaN,NaN,NaN,NaN,NaN,NaN,NaN,NaN,NaN,NaN,NaN,NaN,NaN,NaN,NaN,NaN,NaN,false
5,1.000000000000000e+05,0,2,CONTINUE,1.586923210129623e-02,4.858528892531998e-04,1.000000000000000e-09,2.537569451927218e-04,2.254741410854309e-14,1.530969533554635e+00,2.678432284684728e+03,9.737477239396490e-01,,,5.411330404397225e-01,1.354439066282758e-01,7.614625036593265e+00,3.341778160826816e-04,3.241548689954258e+02,REACHED_FORCE,REACHED_FORCE,,1,0,0,1,0,0,,,,2.997165554219494e-08,NaN,1.747975514991284e-09,NaN,,,1.410210801624976e-06,9.400744742324729e-08,,solution good enough for the tolerances given,solution good enough for the tolerances given,,1.410210801624976e-06,9.400744742324729e-08,,1.076306707812092e-12,2.997165554219494e-08,1.488761623579990e-12,1.747975514991284e-09,,,2.997165554219494e-08,1.747975514991284e-09,,5.090114591431705e-03,2.872135252405343e+00,7.573449377063706e-04,1.214218126264949e-03,8.730458858645420e+00,0.000000000000000e+00,1.530969533554635e+00,2.678432284684728e+03,3.019499946169722e-08,3.733527265126213e-09,10,9.999999962664727e-01,9.999999819627153e-01,9.999999700257696e-01,9.999999255138503e-01,9.999998984826705e-01,9.999998872765360e-01,9.999996915117135e-01,9.999990391854147e-01,9.999934682340427e-01,9.999934682340418e-01,3.049447284169995e-03,2.169055238396504e-03,5.369552309333486e-03,2.973575868761148e-04,3.119449589827025e-04,3.824564265351719e-03,7.702898678131896e-03,7.154571809535197e-03,4.265343468279125e-01,5.435862610413098e-01,NaN,NaN,NaN,NaN,0,NaN,NaN,NaN,NaN,NaN,NaN,NaN,NaN,NaN,NaN,NaN,NaN,NaN,NaN,NaN,NaN,NaN,NaN,NaN,NaN,1.530969533450545e+00,2.388515822574390e+03,4.602949039397199e-07,4.186700319763759e-09,10,9.999999958132997e-01,9.999999754938617e-01,9.999999401524766e-01,9.999998946680863e-01,9.999998874200319e-01,9.999996915117157e-01,9.999994746519868e-01,9.999990391854144e-01,9.999934682340427e-01,9.999934682340413e-01,7.640236579689710e-05,3.870164748223467e-04,3.377138087895187e-05,1.402550989399569e-03,6.120388911710567e-03,1.606325513590674e-03,1.930289878233846e-14,5.103136706364413e-01,4.339697702487181e-01,4.609010347862254e-02,NaN,NaN,NaN,NaN,0,NaN,NaN,NaN,NaN,NaN,NaN,NaN,NaN,NaN,NaN,NaN,NaN,NaN,NaN,NaN,NaN,NaN,NaN,NaN,NaN,false
5,3.162000000000000e+05,0,2,CONTINUE,1.586923210129623e-02,4.858177922689384e-04,1.000000000000000e-09,2.537569451927218e-04,2.254741410854309e-14,1.530969528555489e+00,2.677536138046809e+03,9.737501419318061e-01,,,5.411329708184630e-01,1.354432732116400e-01,7.614625059975472e+00,3.341778160826816e-04,3.241548689954258e+02,REACHED_FORCE,REACHED_FORCE,,1,0,0,1,0,0,,,,9.478740017987997e-09,NaN,5.528542054606345e-10,NaN,,,4.459889055071001e-07,2.973316027474596e-08,,solution good enough for the tolerances given,solution good enough for the tolerances given,,4.459889055071001e-07,2.973316027474596e-08,,3.237883248903581e-12,9.478740017987997e-09,3.629180789581468e-12,5.528542054606345e-10,,,9.478740017987997e-09,5.528542054606345e-10,,2.862824672042472e-03,2.872135247383972e+00,7.573449377063706e-04,1.214218126264949e-03,8.730458858645420e+00,0.000000000000000e+00,1.530969528555489e+00,2.677536138046809e+03,1.048151274098941e-08,1.181143849393607e-09,10,9.999999988188562e-01,9.999999942866566e-01,9.999999905169683e-01,9.999999764217916e-01,9.999999678627784e-01,9.999999643498613e-01,9.999999024388541e-01,9.999996961368669e-01,9.999979342836339e-01,9.999979342836335e-01,3.050542283111410e-03,2.176361837492808e-03,5.361405183028816e-03,2.979690703545199e-04,3.134127209791224e-04,3.822100728827072e-03,7.702835257933504e-03,7.154518713465351e-03,9.699735895986568e-01,1.472646061503733e-04,NaN,NaN,NaN,NaN,0,NaN,NaN,NaN,NaN,NaN,NaN,NaN,NaN,NaN,NaN,NaN,NaN,NaN,NaN,NaN,NaN,NaN,NaN,NaN,NaN,1.530969526580712e+00,2.637350668478194e+03,5.397762768648553e-08,1.199141008711990e-09,10,9.999999988008590e-01,9.999999925834142e-01,9.999999874253149e-01,9.999999714867549e-01,9.999999654062198e-01,9.999999640638239e-01,9.999999024388538e-01,9.999996961368678e-01,9.999979342836328e-01,9.999979342836308e-01,7.037694289645249e-05,3.610845992081456e-04,5.054045162119472e-05,1.082747489834869e-04,3.806757361172360e-03,3.621535483829515e-03,1.605961688868687e-03,5.102184925629879e-01,4.334935248020568e-01,4.666345135837600e-02,NaN,NaN,NaN,NaN,0,NaN,NaN,NaN,NaN,NaN,NaN,NaN,NaN,NaN,NaN,NaN,NaN,NaN,NaN,NaN,NaN,NaN,NaN,NaN,NaN,false
5,1.000000000000000e+06,0,2,CONTINUE,1.586923210129623e-02,4.858067576979391e-04,1.000000000000000e-09,2.537569451927218e-04,2.254741410854309e-14,1.530969559514270e+00,2.553011804538043e+03,9.737509091886690e-01,,,5.411329464570871e-01,1.354430728992716e-01,7.614625067223307e+00,3.341778160826816e-04,3.241548689954258e+02,REACHED_FORCE,REACHED_FORCE,,1,0,0,1,0,0,,,,2.997181412653527e-09,NaN,1.748172465151205e-10,NaN,,,1.410218855531391e-07,9.401904561127461e-09,,solution good enough for the tolerances given,solution good enough for the tolerances given,,1.410218855531391e-07,9.401904561127461e-09,,1.125770697540110e-11,2.997181412653527e-09,1.462775808976887e-11,1.748172465151205e-10,,,2.997181412653527e-09,1.748172465151205e-10,,1.609870378776046e-03,2.872135245795807e+00,7.573449377063706e-04,1.214218126264949e-03,8.730458858645420e+00,0.000000000000000e+00,1.530969559514270e+00,2.553011804538043e+03,2.658829718725918e-08,3.916942326043227e-10,10,9.999999996083058e-01,9.999999977547225e-01,9.999999966953241e-01,9.999999916338469e-01,9.999999887525586e-01,9.999999827347387e-01,9.999999691511654e-01,9.999999039184516e-01,9.999993468195764e-01,9.999993468195755e-01,3.203081705392023e-03,4.140954035050910e-03,3.296560073609679e-03,3.764713813004205e-04,4.004639506244775e-03,4.319757690707055e-08,7.702817323186915e-03,7.154502950445326e-03,5.487279458569239e-01,4.213929839702689e-01,NaN,NaN,NaN,NaN,0,NaN,NaN,NaN,NaN,NaN,NaN,NaN,NaN,NaN,NaN,NaN,NaN,NaN,NaN,NaN,NaN,NaN,NaN,NaN,NaN,1.530969559514270e+00,2.377233341379216e+03,2.233748925474067e-08,4.206570647369290e-10,10,9.999999995793429e-01,9.999999975463552e-01,9.999999939457029e-01,9.999999894557652e-01,9.999999887404079e-01,9.999999691511641e-01,9.999999095721779e-01,9.999999039184516e-01,9.999993468195768e-01,9.999993468195755e-01,7.666684777227206e-05,3.871494375120318e-04,3.390100908330534e-05,1.434576145122793e-03,6.085783205578393e-03,1.605845379667318e-03,3.756249399114204e-15,5.101884295449752e-01,3.384312521757757e-01,1.417563962545098e-01,NaN,NaN,NaN,NaN,0,NaN,NaN,NaN,NaN,NaN,NaN,NaN,NaN,NaN,NaN,NaN,NaN,NaN,NaN,NaN,NaN,NaN,NaN,NaN,NaN,false
5,3.162000000000000e+06,0,2,CONTINUE,1.586923210129623e-02,4.858033955647177e-04,1.000000000000000e-09,2.537569451927218e-04,2.254741410854309e-14,1.530969425612695e+00,2.677676583782797e+03,9.737510661775619e-01,,,5.411329571504562e-01,1.354430106523693e-01,7.614625072011298e+00,3.341778160826816e-04,3.241548689954258e+02,REACHED_FORCE,REACHED_FORCE,,1,0,0,1,0,0,,,,9.478756041738699e-10,NaN,5.675267511636842e-11,NaN,,,4.459897132545844e-08,2.973430080794725e-09,,solution good enough for the tolerances given,solution good enough for the tolerances given,,4.459897132545844e-08,2.973430080794725e-09,,4.027412259456683e-11,9.478756041738699e-10,5.675267511636842e-11,5.528734740291005e-11,,,9.478756041738699e-10,5.675267511636842e-11,,9.053464253812535e-04,2.872135245293670e+00,7.573449377063706e-04,1.214218126264949e-03,8.730458858645420e+00,0.000000000000000e+00,1.530969425612695e+00,2.677676583782797e+03,1.085635890056401e-09,1.181081898948833e-10,10,9.999999998818918e-01,9.999999994288487e-01,9.999999990517683e-01,9.999999976426328e-01,9.999999967869508e-01,9.999999964349988e-01,9.999999902438830e-01,9.999999696136699e-01,9.999997934279687e-01,9.999997934279654e-01,3.050300018299399e-03,2.174847958408280e-03,5.363051605589369e-03,2.978350822103768e-04,3.131005978984009e-04,3.822597980971716e-03,7.702804039924149e-03,7.154498223453896e-03,4.657187627925882e-03,9.654637768653193e-01,NaN,NaN,NaN,NaN,0,NaN,NaN,NaN,NaN,NaN,NaN,NaN,NaN,NaN,NaN,NaN,NaN,NaN,NaN,NaN,NaN,NaN,NaN,NaN,NaN,1.530969437132188e+00,2.376416020562099e+03,2.895479103040163e-09,1.330808796495830e-10,10,9.999999998669191e-01,9.999999992239548e-01,9.999999980838026e-01,9.999999966651070e-01,9.999999964390571e-01,9.999999902438836e-01,9.999999698724487e-01,9.999999696136683e-01,9.999997934279672e-01,9.999997934279670e-01,7.668317163340978e-05,3.871549110306158e-04,3.391219609874059e-05,1.436669175416549e-03,6.083507191337114e-03,1.605834208541884e-03,6.273988870220886e-13,5.101784153136827e-01,5.722912219813366e-02,4.229687016334976e-01,NaN,NaN,NaN,NaN,0,NaN,NaN,NaN,NaN,NaN,NaN,NaN,NaN,NaN,NaN,NaN,NaN,NaN,NaN,NaN,NaN,NaN,NaN,NaN,NaN,false
5,1.000000000000000e+07,0,2,CONTINUE,1.586923210129623e-02,4.858028646699521e-04,1.000000000000000e-09,2.537569451927218e-04,2.254741410854309e-14,1.530970494123788e+00,2.500013670911639e+03,9.737512420402974e-01,,,5.411329110449671e-01,1.354429822451443e-01,7.614625068522731e+00,3.341778160826816e-04,3.241548689954258e+02,REACHED_FORCE,REACHED_FORCE,,1,0,0,1,0,0,,,,2.997183051362471e-10,NaN,2.242156873709791e-10,NaN,,,1.410219635577186e-08,9.402031840897443e-10,,solution good enough for the tolerances given,solution good enough for the tolerances given,,1.410219635577186e-08,9.402031840897443e-10,,1.259538086905327e-10,2.997183051362471e-10,2.242156873709791e-10,1.748194605513407e-11,,,2.997183051362471e-10,2.242156873709791e-10,,5.090931404022386e-04,2.872135245134853e+00,7.573449377063706e-04,1.214218126264949e-03,8.730458858645420e+00,0.000000000000000e+00,1.530970494123788e+00,2.500013670911639e+03,2.489870539338115e-09,3.999978126500991e-11,10,9.999999999600002e-01,9.999999997597264e-01,9.999999996426747e-01,9.999999991424859e-01,9.999999988747816e-01,9.999999969151199e-01,9.999999910890016e-01,9.999999903918400e-01,9.999999346819604e-01,9.999999346819590e-01,3.264889637000577e-03,5.262019237049289e-03,2.133451264727652e-03,3.768431344254480e-04,3.984517271250211e-03,7.702811216261038e-03,7.402444285634421e-15,7.154536852657649e-03,2.758026180855728e-02,9.425406695780633e-01,NaN,NaN,NaN,NaN,0,NaN,NaN,NaN,NaN,NaN,NaN,NaN,NaN,NaN,NaN,NaN,NaN,NaN,NaN,NaN,NaN,NaN,NaN,NaN,NaN,1.530970447283839e+00,2.359548600428376e+03,2.287847341124258e-09,4.238098760822595e-11,10,9.999999999576190e-01,9.999999997541764e-01,9.999999993843014e-01,9.999999989440413e-01,9.999999988738140e-01,9.999999969151199e-01,9.999999903918393e-01,9.999999903710641e-01,9.999999346819590e-01,9.999999346819570e-01,7.710657764727543e-05,3.874309952564890e-04,3.414967478647140e-05,1.481189776727826e-03,6.038006273223521e-03,1.605821225661528e-03,5.101758765025717e-01,1.406835474352559e-11,4.213688268293123e-01,5.883159213074472e-02,NaN,NaN,NaN,NaN,0,NaN,NaN,NaN,NaN,NaN,NaN,NaN,NaN,NaN,NaN,NaN,NaN,NaN,NaN,NaN,NaN,NaN,NaN,NaN,NaN,false
5,3.162000000000000e+07,0,2,CONTINUE,1.586923210129623e-02,4.858018656740634e-04,1.000000000000000e-09,2.537569451927218e-04,2.254741410854309e-14,1.530970521544506e+00,2.492105800642534e+03,9.737504942309969e-01,,,5.411331004362460e-01,1.354429876030344e-01,7.614625094609505e+00,3.341778160826816e-04,3.241548689954258e+02,REACHED_FORCE,REACHED_FORCE,,1,0,0,1,0,0,,,,3.307103475254497e-10,NaN,6.431712445800590e-10,NaN,,,4.459898108924986e-09,2.973425615100778e-10,,solution good enough for the tolerances given,solution good enough for the tolerances given,,4.459898108924986e-09,2.973425615100778e-10,,3.307103475254497e-10,9.478759082779366e-11,6.431712445800590e-10,5.528715629389234e-12,,,3.307103475254497e-10,6.431712445800590e-10,,2.862969971843827e-04,2.872135245084639e+00,7.573449377063706e-04,1.214218126264949e-03,8.730458858645420e+00,0.000000000000000e+00,1.530970521544506e+00,2.492105800642534e+03,4.771829959652224e-10,1.269029326067539e-11,10,9.999999999873097e-01,9.999999999234193e-01,9.999999998855573e-01,9.999999997280955e-01,9.999999996441307e-01,9.999999990243911e-01,9.999999969618711e-01,9.999999969613660e-01,9.999999793428086e-01,9.999999793428075e-01,3.273517787982080e-03,5.398930175433825e-03,1.990401661229169e-03,3.762206823769306e-04,3.982620858235197e-03,7.702815067344688e-03,2.065683741428558e-08,7.154524930117231e-03,8.300288476514787e-01,1.400921005289650e-01,NaN,NaN,NaN,NaN,0,NaN,NaN,NaN,NaN,NaN,NaN,NaN,NaN,NaN,NaN,NaN,NaN,NaN,NaN,NaN,NaN,NaN,NaN,NaN,NaN,1.530970554457377e+00,1.850181612575765e+03,4.408859550509387e-09,1.709321573173384e-11,10,9.999999999829068e-01,9.999999999180731e-01,9.999999996878164e-01,9.999999996456439e-01,9.999999990243911e-01,9.999999988188877e-01,9.999999969613647e-01,9.999999969345896e-01,9.999999793428119e-01,9.999999793428079e-01,9.391166900151327e-05,3.840838539256659e-04,5.194186306287749e-04,7.020414054439298e-03,1.606050486190818e-03,7.472215098164339e-10,5.101693617634001e-01,2.493532888764977e-10,7.027607105739229e-02,4.099306874884466e-01,NaN,NaN,NaN,NaN,0,NaN,NaN,NaN,NaN,NaN,NaN,NaN,NaN,NaN,NaN,NaN,NaN,NaN,NaN,NaN,NaN,NaN,NaN,NaN,NaN,false
5,1.000000000000000e+08,0,2,CONTINUE,1.586923210129623e-02,4.858171172842965e-04,1.000000000000000e-09,2.537569451927218e-04,2.254741410854309e-14,1.530961606519136e+00,2.384875888239574e+03,9.737499580050514e-01,,,5.411328834355897e-01,1.354431317768422e-01,7.614625070027250e+00,3.341778160826816e-04,3.241548689954258e+02,REACHED_FORCE,REACHED_FORCE,,1,0,0,1,0,0,,,,1.619368381316624e-09,NaN,1.130361572862873e-09,NaN,,,1.410220812448322e-09,9.402008601680401e-11,,solution good enough for the tolerances given,solution good enough for the tolerances given,,1.410220812448322e-09,9.402008601680401e-11,,1.619368381316624e-09,2.997186474901907e-11,1.130361572862873e-09,1.748189741813470e-12,,,1.619368381316624e-09,1.130361572862873e-09,,1.609896174053519e-04,2.872135245068758e+00,7.573449377063706e-04,1.214218126264949e-03,8.730458858645420e+00,0.000000000000000e+00,1.530961606519136e+00,2.384875888239574e+03,2.747242525940893e-09,4.193090319404291e-12,10,9.999999999958069e-01,9.999999999738047e-01,9.999999999524316e-01,9.999999999072298e-01,9.999999998873372e-01,9.999999996915108e-01,9.999999990391875e-01,9.999999968926589e-01,9.999999934681576e-01,9.999999934681576e-01,3.395308481843371e-03,6.669095192526746e-03,6.665747242538141e-04,3.837862397650219e-04,3.906826191789903e-03,7.702917772640028e-03,7.154662086345215e-03,4.895051569789785e-22,8.996736778942559e-01,7.044715141658023e-02,NaN,NaN,NaN,NaN,0,NaN,NaN,NaN,NaN,NaN,NaN,NaN,NaN,NaN,NaN,NaN,NaN,NaN,NaN,NaN,NaN,NaN,NaN,NaN,NaN,1.530961086081515e+00,2.038842694258865e+03,5.886580511662622e-10,4.904743278189017e-12,10,9.999999999950953e-01,9.999999999745828e-01,9.999999999091078e-01,9.999999998884053e-01,9.999999998715752e-01,9.999999996915112e-01,9.999999990391866e-01,9.999999990391488e-01,9.999999934681585e-01,9.999999934681554e-01,8.663054979110887e-05,3.880300213042955e-04,2.086713706283693e-04,7.299670934210277e-03,3.527270523540559e-05,1.606256543307200e-03,5.098085123433890e-01,3.673240733346357e-04,2.947741640959076e-03,4.772518898178407e-01,NaN,NaN,NaN,NaN,0,NaN,NaN,NaN,NaN,NaN,NaN,NaN,NaN,NaN,NaN,NaN,NaN,NaN,NaN,NaN,NaN,NaN,NaN,NaN,NaN,false
5,3.162000000000000e+08,0,2,CONTINUE,1.586923210129623e-02,4.857945251199385e-04,1.000000000000000e-09,2.537569451927218e-04,2.254741410854309e-14,1.530986586971669e+00,2.247575046866485e+03,9.737497458497602e-01,,,5.411334586123256e-01,1.354425234705324e-01,7.614625175945110e+00,3.341778160826816e-04,3.241548689954258e+02,REACHED_FORCE,REACHED_FORCE,,1,0,0,1,0,0,,,,2.567853814590351e-09,NaN,3.612197161312256e-09,NaN,,,4.459885811881763e-10,2.973399390483543e-11,,solution good enough for the tolerances given,solution good enough for the tolerances given,,4.459885811881763e-10,2.973399390483543e-11,,2.567853814590351e-09,9.478740161372396e-12,3.612197161312256e-09,5.528652990829441e-13,,,2.567853814590351e-09,3.612197161312256e-09,,9.053510143387485e-05,2.872135245063737e+00,7.573449377063706e-04,1.214218126264949e-03,8.730458858645420e+00,0.000000000000000e+00,1.530986586971669e+00,2.247575046866485e+03,8.106831495992038e-10,1.407096661409923e-12,10,9.999999999985929e-01,9.999999999913458e-01,9.999999999774889e-01,9.999999999644917e-01,9.999999999024396e-01,9.999999998755922e-01,9.999999996961288e-01,9.999999983819261e-01,9.999999979343044e-01,9.999999979343024e-01,3.544060953078268e-03,6.940129840259939e-03,4.543948013147618e-04,4.082323322001403e-03,7.702359816985998e-03,8.630661460450602e-10,7.154589284953063e-03,1.292308328166139e-39,3.333464557368947e-02,9.367874955446506e-01,NaN,NaN,NaN,NaN,0,NaN,NaN,NaN,NaN,NaN,NaN,NaN,NaN,NaN,NaN,NaN,NaN,NaN,NaN,NaN,NaN,NaN,NaN,NaN,NaN,1.530987080675230e+00,1.908977760620474e+03,3.057359079283867e-10,1.656674797345659e-12,10,9.999999999983433e-01,9.999999999918556e-01,9.999999999691720e-01,9.999999999645857e-01,9.999999999321156e-01,9.999999999024403e-01,9.999999996961280e-01,9.999999996961131e-01,9.999999979343033e-01,9.999999979343031e-01,9.149797969944107e-05,3.858438768409760e-04,4.477054296771127e-04,7.092929792805983e-03,4.618814867007198e-08,1.608207072103593e-03,5.100898924294065e-01,6.217628615478548e-05,4.882076302529346e-02,4.314009379198696e-01,NaN,NaN,NaN,NaN,0,NaN,NaN,NaN,NaN,NaN,NaN,NaN,NaN,NaN,NaN,NaN,NaN,NaN,NaN,NaN,NaN,NaN,NaN,NaN,NaN,false
5,1.000000000000000e+09,0,2,CONTINUE,1.586923210129623e-02,4.859441407122388e-04,1.000000000000000e-09,2.537569451927218e-04,2.254741410854309e-14,1.530957087723688e+00,-9.999999999995526e-01,9.737554807897747e-01,,,5.411286604002040e-01,1.354426856321787e-01,7.614624843810059e+00,3.341778160826816e-04,3.241548689954258e+02,REACHED_FORCE,REACHED_FORCE,,1,0,0,1,0,0,,,,9.700438892880905e-09,NaN,1.441301178261897e-08,NaN,,,1.410217303687511e-10,9.403397927418827e-12,,solution good enough for the tolerances given,solution good enough for the tolerances given,,1.410217303687511e-10,9.403397927418827e-12,,9.700438892880905e-09,2.997190377091178e-12,1.441301178261897e-08,1.748547500982703e-13,,,9.700438892880905e-09,1.441301178261897e-08,,5.090939552470872e-05,2.872135245062148e+00,7.573449377063706e-04,1.214218126264949e-03,8.730458858645420e+00,0.000000000000000e+00,1.530957087723688e+00,-9.999999999995526e-01,2.828260617052634e-10,4.474198789239381e-13,10,9.999999999995526e-01,9.999999999972575e-01,9.999999999927989e-01,9.999999999887688e-01,9.999999999691500e-01,9.999999999080600e-01,9.999999999039122e-01,9.999999998246312e-01,9.999999993468143e-01,9.999999993468138e-01,3.539124355823898e-03,6.971529055608579e-03,4.465485949123506e-04,4.061602287833586e-03,7.703053913643867e-03,5.790180874105296e-11,7.155792115971578e-03,1.890450133631579e-18,9.700456165314780e-01,7.673308682661854e-05,NaN,NaN,NaN,NaN,0,NaN,NaN,NaN,NaN,NaN,NaN,NaN,NaN,NaN,NaN,NaN,NaN,NaN,NaN,NaN,NaN,NaN,NaN,NaN,NaN,1.530952924257257e+00,-9.999999999994398e-01,1.179245989069374e-10,5.602185382258540e-13,10,9.999999999994398e-01,9.999999999973916e-01,9.999999999900244e-01,9.999999999887870e-01,9.999999999691505e-01,9.999999999039151e-01,9.999999999039122e-01,9.999999993690742e-01,9.999999993468127e-01,9.999999993468121e-01,9.708653482276917e-05,3.810543285920747e-04,5.933402103309131e-04,6.945839342203656e-03,1.609048718929795e-03,4.320614281935384e-03,5.059452058161831e-01,7.468760643992125e-21,4.801078106679558e-01,9.904706727996895e-11,NaN,NaN,NaN,NaN,0,NaN,NaN,NaN,NaN,NaN,NaN,NaN,NaN,NaN,NaN,NaN,NaN,NaN,NaN,NaN,NaN,NaN,NaN,NaN,NaN,false
5,3.162000000000000e+09,0,2,CONTINUE,1.586923210129623e-02,4.861578815652012e-04,1.000000000000000e-09,2.537569451927218e-04,2.254741410854309e-14,1.531231012017437e+00,-9.999999999998577e-01,9.737522656548202e-01,,,5.411287365715765e-01,1.354395630288309e-01,7.614624712926926e+00,3.341778160826816e-04,3.241548689954258e+02,REACHED_FORCE,REACHED_FORCE,,1,0,0,1,0,0,,,,2.782550333374521e-08,NaN,2.839579996569604e-08,NaN,,,4.459827835317878e-11,2.974111045925095e-12,,solution good enough for the tolerances given,solution good enough for the tolerances given,,4.459827835317878e-11,2.974111045925095e-12,,2.782550333374521e-08,9.478713912833055e-13,2.839579996569604e-08,5.530128593876647e-14,,,2.782550333374521e-08,2.839579996569604e-08,,2.862970023561577e-05,2.872135245061646e+00,7.573449377063706e-04,1.214218126264949e-03,8.730458858645420e+00,0.000000000000000e+00,1.531231012017437e+00,-9.999999999998577e-01,3.654524982360969e-11,1.423305917569451e-13,10,9.999999999998577e-01,9.999999999991334e-01,9.999999999977172e-01,9.999999999964462e-01,9.999999999902465e-01,9.999999999696436e-01,9.999999999696063e-01,9.999999998001907e-01,9.999999997934641e-01,9.999999997934632e-01,3.547639876518275e-03,6.947601893055003e-03,4.506425645263132e-04,4.069896721783171e-03,7.712513355403266e-03,1.149480746667880e-06,7.152842481880849e-03,6.921402961370159e-81,9.701073261927096e-01,1.038743337684924e-05,NaN,NaN,NaN,NaN,0,NaN,NaN,NaN,NaN,NaN,NaN,NaN,NaN,NaN,NaN,NaN,NaN,NaN,NaN,NaN,NaN,NaN,NaN,NaN,NaN,1.531207965515149e+00,-9.999999999998228e-01,6.429409534554422e-13,1.771915947301750e-13,10,9.999999999998228e-01,9.999999999991755e-01,9.999999999968352e-01,9.999999999964531e-01,9.999999999902456e-01,9.999999999696092e-01,9.999999999696063e-01,9.999999997934641e-01,9.999999997934625e-01,9.999999997934601e-01,9.942611551665407e-05,3.906449842294676e-04,6.922160855052853e-04,6.838255755084991e-03,1.619170297786503e-03,9.234471145714140e-02,4.178079948972266e-01,2.792043031880992e-01,1.770255812776746e-01,2.397769594173505e-02,NaN,NaN,NaN,NaN,0,NaN,NaN,NaN,NaN,NaN,NaN,NaN,NaN,NaN,NaN,NaN,NaN,NaN,NaN,NaN,NaN,NaN,NaN,NaN,NaN,false
5,1.000000000000000e+10,0,2,CONTINUE,1.586923210129623e-02,4.871009452272703e-04,1.000000000000000e-09,2.537569451927218e-04,2.254741410854309e-14,1.531336579578233e+00,-9.999999999999543e-01,9.736005088211221e-01,,,5.411500602345630e-01,1.354407414808751e-01,7.614628766823358e+00,3.341778160826816e-04,3.241548689954258e+02,REACHED_FORCE,REACHED_FORCE,,1,0,0,1,0,0,,,,1.340676737800166e-07,NaN,1.111574082846656e-07,NaN,,,1.410214550375173e-11,9.396266829583958e-13,,solution good enough for the tolerances given,solution good enough for the tolerances given,,1.410214550375173e-11,9.396266829583958e-13,,1.340676737800166e-07,2.997292634101394e-13,1.111574082846656e-07,1.747159627010837e-14,,,1.340676737800166e-07,1.111574082846656e-07,,1.609896426910066e-05,2.872135245061487e+00,7.573449377063706e-04,1.214218126264949e-03,8.730458858645420e+00,0.000000000000000e+00,1.531336579578233e+00,-9.999999999999543e-01,4.394814599272464e-13,4.574118861455645e-14,10,9.999999999999543e-01,9.999999999997242e-01,9.999999999992746e-01,9.999999999988758e-01,9.999999999969158e-01,9.999999999903897e-01,9.999999999903824e-01,9.999999999346989e-01,9.999999999346982e-01,9.999999999346976e-01,3.582502546025860e-03,6.915390716088487e-03,4.428977023596033e-04,4.081075598466571e-03,7.691335948487019e-03,5.527640422244087e-06,7.173478292657309e-03,2.402169060819043e-01,7.288610501584769e-01,1.029835315111420e-03,NaN,NaN,NaN,NaN,0,NaN,NaN,NaN,NaN,NaN,NaN,NaN,NaN,NaN,NaN,NaN,NaN,NaN,NaN,NaN,NaN,NaN,NaN,NaN,NaN,1.531279305516832e+00,-9.999999999999412e-01,2.445228733004964e-13,5.884182030513330e-14,10,9.999999999999412e-01,9.999999999997369e-01,9.999999999990010e-01,9.999999999988767e-01,9.999999999969158e-01,9.999999999903821e-01,9.999999999903815e-01,9.999999999346962e-01,9.999999999346956e-01,9.999999999346951e-01,9.835052688795330e-05,3.874890326154280e-04,6.897610797818646e-04,6.879205836564326e-03,1.633468820750754e-03,2.960643827474772e-01,2.132224366799331e-01,1.181694950298976e-01,6.448781637439080e-03,3.564066286086529e-01,NaN,NaN,NaN,NaN,0,NaN,NaN,NaN,NaN,NaN,NaN,NaN,NaN,NaN,NaN,NaN,NaN,NaN,NaN,NaN,NaN,NaN,NaN,NaN,NaN,false
5,3.162000000000000e+10,0,2,CONTINUE,1.586923210129623e-02,4.922865431509306e-04,1.000000000000000e-09,2.537569451927218e-04,2.254741410854309e-14,1.533256873146435e+00,-9.999999999999862e-01,9.734385993148470e-01,,,5.410838973153205e-01,1.354250762229559e-01,7.614627577764206e+00,3.341778160826816e-04,3.241548689954258e+02,REACHED_FORCE,REACHED_FORCE,,1,0,0,1,0,0,,,,2.686090526774038e-07,NaN,3.534314752021304e-07,NaN,,,4.459710768861315e-12,2.980286605416742e-13,,solution good enough for the tolerances given,solution good enough for the tolerances given,,4.459710768861315e-12,2.980286605416742e-13,,2.686090526774038e-07,9.480102137721223e-14,3.534314752021304e-07,5.544302103288453e-15,,,2.686090526774038e-07,3.534314752021304e-07,,9.053446934521267e-06,2.872135245061437e+00,7.573449377063706e-04,1.214218126264949e-03,8.730458858645420e+00,0.000000000000000e+00,1.533256873146435e+00,-9.999999999999862e-01,1.497541819384568e-13,1.376676550535194e-14,10,9.999999999999862e-01,9.999999999999116e-01,9.999999999997664e-01,9.999999999996423e-01,9.999999999990259e-01,9.999999999969571e-01,9.999999999969555e-01,9.999999999793758e-01,9.999999999793741e-01,9.999999999793736e-01,3.497842361115504e-03,7.306502095567286e-03,4.960776443745749e-04,3.688871448810596e-03,7.677020478425215e-03,1.276381788121562e-03,5.947825240825619e-03,1.841288731068875e-02,9.347962750146221e-01,1.690031661744877e-02,NaN,NaN,NaN,NaN,0,NaN,NaN,NaN,NaN,NaN,NaN,NaN,NaN,NaN,NaN,NaN,NaN,NaN,NaN,NaN,NaN,NaN,NaN,NaN,NaN,1.532992828651597e+00,-9.999999999999825e-01,6.700462483404208e-14,1.754152378907747e-14,10,9.999999999999825e-01,9.999999999999156e-01,9.999999999996787e-01,9.999999999996438e-01,9.999999999990261e-01,9.999999999969578e-01,9.999999999969571e-01,9.999999999793743e-01,9.999999999793723e-01,9.999999999793701e-01,9.760292613328225e-05,3.717711371754732e-04,1.034085139237306e-03,6.567618352510207e-03,1.789187687770725e-03,1.431520699083031e-01,3.667468003165646e-01,6.619915060472809e-08,4.784972812384047e-01,1.743517094750597e-03,NaN,NaN,NaN,NaN,0,NaN,NaN,NaN,NaN,NaN,NaN,NaN,NaN,NaN,NaN,NaN,NaN,NaN,NaN,NaN,NaN,NaN,NaN,NaN,NaN,false
5,1.000000000000000e+11,0,2,CONTINUE,1.586923210129623e-02,4.764517023698924e-04,1.000000000000000e-09,2.537569451927218e-04,2.254741410854309e-14,1.530015161318519e+00,-9.999999999999964e-01,9.716555641774890e-01,,,5.417391918468575e-01,1.353843639323294e-01,7.614701686348668e+00,3.341778160826816e-04,3.241548689954258e+02,REACHED_FORCE,REACHED_FORCE,,1,0,0,1,0,0,,,,2.036683461709732e-06,NaN,1.528876100783297e-06,NaN,,,1.409521654254252e-12,9.196638407259378e-14,,solution good enough for the tolerances given,solution good enough for the tolerances given,,1.409521654254252e-12,9.196638407259378e-14,,2.036683461709732e-06,2.996425169004439e-14,1.528876100783297e-06,1.699592922361908e-15,,,2.036683461709732e-06,1.528876100783297e-06,,5.090893152234019e-06,2.872135245061421e+00,7.573449377063706e-04,1.214218126264949e-03,8.730458858645420e+00,0.000000000000000e+00,1.530015161318519e+00,-9.999999999999964e-01,1.200821664560749e-13,3.552713678800501e-15,10,9.999999999999964e-01,9.999999999999720e-01,9.999999999999105e-01,9.999999999998845e-01,9.999999999996911e-01,9.999999999990370e-01,9.999999999990368e-01,9.999999999934668e-01,9.999999999934659e-01,9.999999999934641e-01,3.629934631685755e-03,7.276060946162583e-03,8.733741632738266e-04,2.836741084211036e-03,8.121315685683375e-03,7.062042299055652e-03,8.672985787355355e-06,8.557100562155306e-01,1.144774209894532e-01,4.380999156920913e-06,NaN,NaN,NaN,NaN,0,NaN,NaN,NaN,NaN,NaN,NaN,NaN,NaN,NaN,NaN,NaN,NaN,NaN,NaN,NaN,NaN,NaN,NaN,NaN,NaN,1.530379104030538e+00,-9.999999999999829e-01,4.476344161532367e-13,1.709743457922741e-14,10,9.999999999999829e-01,9.999999999999349e-01,9.999999999998861e-01,9.999999999996907e-01,9.999999999995381e-01,9.999999999990381e-01,9.999999999990365e-01,9.999999999934661e-01,9.999999999934659e-01,9.999999999934657e-01,2.785545239286761e-04,2.986411030039892e-04,7.557340092828771e-03,2.283726698226723e-03,4.883916194046287e-08,3.998785895096226e-03,4.908604400830398e-01,4.947108952565532e-01,5.519389319445383e-36,1.156750816019302e-05,NaN,NaN,NaN,NaN,0,NaN,NaN,NaN,NaN,NaN,NaN,NaN,NaN,NaN,NaN,NaN,NaN,NaN,NaN,NaN,NaN,NaN,NaN,NaN,NaN,false
5,3.162000000000000e+11,0,2,CONTINUE,1.586923210129623e-02,5.845752900768712e-04,1.000000000000000e-09,2.537569451927218e-04,2.254741410854309e-14,1.511341582341166e+00,-9.999999999999951e-01,9.686387694187810e-01,,,5.410931168243931e-01,1.356065508248845e-01,7.614678225110050e+00,3.341778160826816e-04,3.241548689954258e+02,REACHED_FORCE,REACHED_FORCE,,1,0,0,1,0,0,,,,2.672935554455449e-06,NaN,2.572563393273756e-06,NaN,,,4.463161868206545e-13,2.948327069007786e-14,,solution good enough for the tolerances given,solution good enough for the tolerances given,,4.463161868206545e-13,2.948327069007786e-14,,2.672935554455449e-06,9.497409329704146e-15,2.572563393273756e-06,5.497103860755948e-16,,,2.672935554455449e-06,2.572563393273756e-06,,2.863064692126672e-06,2.872135245061417e+00,7.573449377063706e-04,1.214218126264949e-03,8.730458858645420e+00,0.000000000000000e+00,1.511341582341166e+00,-9.999999999999951e-01,1.001678010194928e-12,4.884981308350689e-15,10,9.999999999999951e-01,9.999999999999918e-01,9.999999999999634e-01,9.999999999999034e-01,9.999999999996887e-01,9.999999999996871e-01,9.999999999990490e-01,9.999999999979103e-01,9.999999999979095e-01,9.999999999979075e-01,1.026816312036287e-02,8.025605074894876e-10,4.796519206111522e-03,7.837685968638878e-03,7.641002676801451e-04,6.063992510315468e-03,1.077728570461679e-39,7.534857347371146e-01,2.031092476037070e-01,1.367455578350896e-02,NaN,NaN,NaN,NaN,0,NaN,NaN,NaN,NaN,NaN,NaN,NaN,NaN,NaN,NaN,NaN,NaN,NaN,NaN,NaN,NaN,NaN,NaN,NaN,NaN,1.513911891154677e+00,-9.999999999999907e-01,3.519321624959255e-13,9.325873406851315e-15,10,9.999999999999907e-01,9.999999999999654e-01,9.999999999999625e-01,9.999999999999025e-01,9.999999999996858e-01,9.999999999996811e-01,9.999999999996358e-01,9.999999999979121e-01,9.999999999979110e-01,9.999999999979110e-01,1.967107744954130e-07,8.855451346781571e-03,3.621638657488637e-182,2.117174951541057e-03,3.785694732409722e-01,1.363601758877888e-01,2.189156683444370e-182,2.969046658004411e-03,1.186634792884076e-01,3.524650019157297e-01,NaN,NaN,NaN,NaN,0,NaN,NaN,NaN,NaN,NaN,NaN,NaN,NaN,NaN,NaN,NaN,NaN,NaN,NaN,NaN,NaN,NaN,NaN,NaN,NaN,false
5,1.000000000000000e+12,0,2,CONTINUE,1.586923210129623e-02,1.312947139505115e-03,1.000000000000000e-09,2.537569451927218e-04,2.254741410854309e-14,1.558878375689722e+00,-9.999999999999967e-01,9.130972842231604e-01,,,5.418848187933198e-01,1.360467174153625e-01,7.614891811547541e+00,3.341778160826816e-04,3.241548689954258e+02,REACHED_FORCE,REACHED_FORCE,,1,0,0,1,0,0,,,,2.517076972902824e-05,NaN,2.169262499735028e-05,NaN,,,1.416367517970002e-13,9.192390038961063e-15,,solution good enough for the tolerances given,solution good enough for the tolerances given,,1.416367517970002e-13,9.192390038961063e-15,,2.517076972902824e-05,3.027214565285494e-15,2.169262499735028e-05,1.716682546237989e-16,,,2.517076972902824e-05,2.169262499735028e-05,,1.609678149522815e-06,2.872135245061414e+00,7.573449377063706e-04,1.214218126264949e-03,8.730458858645420e+00,0.000000000000000e+00,1.558878375689722e+00,-9.999999999999967e-01,3.056039649321995e-13,3.330669073875470e-15,10,9.999999999999967e-01,9.999999999999944e-01,9.999999999999891e-01,9.999999999999709e-01,9.999999999998983e-01,9.999999999998981e-01,9.999999999997218e-01,9.999999999993610e-01,9.999999999993598e-01,9.999999999993585e-01,1.511960813987316e-02,3.465378958102713e-137,2.752658422691968e-133,1.229980969717467e-02,1.214806138455461e-136,6.139183483749975e-03,1.635504224542286e-240,6.385225563117736e-01,3.279188423674287e-01,5.941284202249345e-137,NaN,NaN,NaN,NaN,0,NaN,NaN,NaN,NaN,NaN,NaN,NaN,NaN,NaN,NaN,NaN,NaN,NaN,NaN,NaN,NaN,NaN,NaN,NaN,NaN,1.564293027915115e+00,-9.999999999999942e-01,2.618381175204064e-14,5.773159728050814e-15,10,9.999999999999942e-01,9.999999999999938e-01,9.999999999999918e-01,9.999999999999709e-01,9.999999999998987e-01,9.999999999998979e-01,9.999999999993667e-01,9.999999999993641e-01,9.999999999993610e-01,9.999999999993607e-01,1.503889617262323e-02,1.059879481262929e-06,3.029056884485642e-07,1.485420407801092e-02,4.531316609745838e-01,3.090189875250902e-07,9.033315762405604e-05,1.064632814523322e-03,5.109613334970048e-01,4.857267501472566e-03,NaN,NaN,NaN,NaN,0,NaN,NaN,NaN,NaN,NaN,NaN,NaN,NaN,NaN,NaN,NaN,NaN,NaN,NaN,NaN,NaN,NaN,NaN,NaN,NaN,false
5,3.162000000000000e+12,0,2,CONTINUE,1.586923210129623e-02,1.715373829105139e-03,1.000000000000000e-09,2.537569451927218e-04,2.254741410854309e-14,1.466826269002048e+00,-9.999999999999991e-01,9.791309961636163e-01,,,5.161935345914939e-01,1.345549852855316e-01,7.612343203750046e+00,3.341778160826816e-04,3.241548689954258e+02,REACHED_FORCE,REACHED_FORCE,,1,0,0,1,0,0,,,,4.237575576268535e-05,NaN,2.861765767783753e-05,NaN,,,4.424265904240246e-14,6.138248442968958e-15,,solution good enough for the tolerances given,solution good enough for the tolerances given,,4.424265904240246e-14,6.138248442968958e-15,,4.237575576268535e-05,9.495093282115191e-16,2.861765767783753e-05,1.221890561324750e-16,,,4.237575576268535e-05,2.861765767783753e-05,,9.055156748802507e-07,2.872135245061414e+00,7.573449377063706e-04,1.214218126264949e-03,8.730458858645420e+00,0.000000000000000e+00,1.466826269002048e+00,-9.999999999999991e-01,8.926845555008875e-15,8.881784197001252e-16,10,9.999999999999991e-01,9.999999999999976e-01,9.999999999999951e-01,9.999999999999920e-01,9.999999999999671e-01,9.999999999999665e-01,9.999999999997882e-01,9.999999999997871e-01,9.999999999997864e-01,9.999999999997844e-01,6.342053814182756e-167,1.785600331130451e-02,6.922541931833429e-138,1.125482838635257e-83,4.452196712687370e-166,6.692732905777492e-03,1.055181656493144e-139,3.193903147595426e-138,5.249131430845301e-01,4.505381206983882e-01,NaN,NaN,NaN,NaN,0,NaN,NaN,NaN,NaN,NaN,NaN,NaN,NaN,NaN,NaN,NaN,NaN,NaN,NaN,NaN,NaN,NaN,NaN,NaN,NaN,1.460808520206140e+00,-9.999999999999971e-01,4.032611028939743e-14,2.886579864025407e-15,10,9.999999999999971e-01,9.999999999999942e-01,9.999999999999940e-01,9.999999999999936e-01,9.999999999999665e-01,9.999999999999649e-01,9.999999999999596e-01,9.999999999997851e-01,9.999999999997837e-01,9.999999999997835e-01,1.131949456425741e-01,4.711136001188349e-83,3.201928039733346e-164,4.023423191842237e-166,2.102577381974378e-83,7.479101152870969e-01,1.473291885493778e-166,1.388949390703292e-01,1.249477955400442e-83,6.071219638217089e-166,NaN,NaN,NaN,NaN,0,NaN,NaN,NaN,NaN,NaN,NaN,NaN,NaN,NaN,NaN,NaN,NaN,NaN,NaN,NaN,NaN,NaN,NaN,NaN,NaN,false
5,1.000000000000000e+13,0,2,CONTINUE,1.586923210129623e-02,4.624556418033918e-03,1.000000000000000e-09,2.537569451927218e-04,2.254741410854309e-14,2.028648480797421e+00,-1.000000000000002e+00,9.900000000000000e-01,,,4.695351316776635e-01,1.305985411519532e-01,7.608631427770199e+00,3.341778160826816e-04,3.241548689954258e+02,REACHED_FORCE,REACHED_FORCE,,1,0,0,1,0,0,,,,1.542125185815821e-04,NaN,7.986629202860225e-05,NaN,,,1.354602395954028e-14,4.021280948280140e-15,,solution good enough for the tolerances given,solution good enough for the tolerances given,,1.354602395954028e-14,4.021280948280140e-15,,1.542125185815821e-04,2.976472068109285e-16,7.986629202860225e-05,7.411352284657876e-17,,,1.542125185815821e-04,7.986629202860225e-05,,5.095374992168370e-07,2.872135245061414e+00,7.573449377063706e-04,1.214218126264949e-03,8.730458858645420e+00,0.000000000000000e+00,2.028648480797421e+00,-1.000000000000002e+00,7.572218790737964e-15,-2.220446049250313e-15,10,1.000000000000002e+00,1.000000000000002e+00,1.000000000000000e+00,1.000000000000000e+00,9.999999999999956e-01,9.999999999999811e-01,9.999999999999525e-01,9.999999999999525e-01,9.999999999999507e-01,9.999999999999507e-01,2.378604827362420e-225,9.239483744294582e-170,7.926506258013925e-141,7.095903215758523e-58,1.009246994687235e-28,2.620839447218502e-57,1.000000000000000e+00,1.661223452515370e-225,6.626169929866987e-142,3.049567949833843e-57,NaN,NaN,NaN,NaN,0,NaN,NaN,NaN,NaN,NaN,NaN,NaN,NaN,NaN,NaN,NaN,NaN,NaN,NaN,NaN,NaN,NaN,NaN,NaN,NaN,2.154832357593439e+00,-9.999999999999987e-01,1.004479611751736e-14,1.332267629550188e-15,10,9.999999999999987e-01,9.999999999999967e-01,9.999999999999962e-01,9.999999999999947e-01,9.999999999999887e-01,9.999999999999871e-01,9.999999999999780e-01,9.999999999999560e-01,9.999999999999558e-01,9.999999999999536e-01,2.161361487470179e-196,1.004974422438196e-84,5.122038117257930e-29,1.126479367580417e-251,3.939868514689452e-168,4.620509318495857e-140,1.000000000000000e+00,3.966486224403702e-85,6.850352511336253e-29,7.252732267143866e-169,NaN,NaN,NaN,NaN,0,NaN,NaN,NaN,NaN,NaN,NaN,NaN,NaN,NaN,NaN,NaN,NaN,NaN,NaN,NaN,NaN,NaN,NaN,NaN,NaN,false
5,3.162000000000000e+13,0,4,CONTINUE,1.586923210129623e-02,1.520021551391252e-03,1.000000000000000e-09,2.537569451927218e-04,2.254741410854309e-14,3.652021300516110e+00,-1.000000000000007e+00,9.156573724641300e-01,,,5.395832441795751e-01,1.360537757925352e-01,7.614745403522574e+00,3.341778160826816e-04,3.241548689954258e+02,REACHED_FORCE,REACHED_FORCE,,1,1,1,1,1,1,,,,4.186131706482372e-04,1.225144074607360e-05,3.907266681127740e-04,1.834296367264167e-05,,,3.993894825781244e-15,9.883017034934490e-16,,solution good enough for the tolerances given,solution good enough for the tolerances given,,3.993894825781244e-15,9.883017034934490e-16,,4.186131706482372e-04,9.088732205143892e-17,3.907266681127740e-04,1.600178334187496e-17,,,1.225144074607360e-05,1.834296367264167e-05,,2.858733903861141e-07,2.872135245061414e+00,7.573449377063706e-04,1.214218126264949e-03,8.730458858645420e+00,0.000000000000000e+00,3.652021300516110e+00,-1.000000000000007e+00,5.802090169344075e-15,-7.105427357601002e-15,10,1.000000000000007e+00,9.999999999999996e-01,9.999999999999996e-01,9.999999999999982e-01,9.999999999999962e-01,9.999999999999960e-01,9.999999999999960e-01,9.999999999999956e-01,9.999999999999951e-01,9.999999999999913e-01,4.486746261802966e-86,4.091747753424058e-199,9.780642629576155e-29,1.000000000000000e+00,1.202123230054996e-170,2.490208932130193e-142,1.954318135918207e-57,8.955248240667341e-256,2.889580687183175e-227,7.833266319830122e-86,NaN,NaN,NaN,NaN,0,NaN,NaN,NaN,NaN,NaN,NaN,NaN,NaN,NaN,NaN,NaN,NaN,NaN,NaN,NaN,NaN,NaN,NaN,NaN,NaN,3.849427857300767e+00,-1.000000000000004e+00,9.199152079375688e-15,-3.996802888650564e-15,10,1.000000000000004e+00,9.999999999999996e-01,9.999999999999978e-01,9.999999999999976e-01,9.999999999999969e-01,9.999999999999964e-01,9.999999999999958e-01,9.999999999999947e-01,9.999999999999944e-01,9.999999999999918e-01,4.092435742308021e-29,5.870535354576213e-171,1.209121594743301e-227,1.669246983134266e-114,1.074687947156348e-255,1.000000000000000e+00,6.840189953533431e-143,1.309324329365657e-85,1.847244182773205e-199,2.237047857705922e-29,NaN,NaN,NaN,NaN,0,NaN,NaN,NaN,NaN,NaN,NaN,NaN,NaN,NaN,NaN,NaN,NaN,NaN,NaN,NaN,NaN,NaN,NaN,NaN,NaN,false
5,1.000000000000000e+14,0,4,CONTINUE,1.586923210129623e-02,5.888546442207499e-03,1.000000000000000e-09,2.537569451927218e-04,2.254741410854309e-14,8.188362958855347e-01,-1.000000000000031e+00,9.900000000000000e-01,,,4.488702152144908e-01,1.508093041762010e-01,7.605098555441945e+00,3.341778160826816e-04,3.241548689954258e+02,REACHED_FORCE,REACHED_FORCE,,1,1,1,1,1,1,,,,9.481021801725821e-04,7.215433727635474e-05,8.805303210878407e-04,1.109571699931423e-04,,,1.215604792660587e-15,8.297581695265009e-16,,solution good enough for the tolerances given,solution good enough for the tolerances given,,1.215604792660587e-15,8.297581695265009e-16,,9.481021801725821e-04,3.084554288927213e-17,8.805303210878407e-04,1.354536923237661e-17,,,7.215433727635474e-05,1.109571699931423e-04,,1.595307780606877e-07,2.872135245061414e+00,7.573449377063706e-04,1.214218126264949e-03,8.730458858645420e+00,0.000000000000000e+00,8.188362958855347e-01,-1.000000000000031e+00,7.924966630176171e-15,-3.064215547965432e-14,10,1.000000000000031e+00,1.000000000000027e+00,1.000000000000027e+00,1.000000000000001e+00,9.999999999999996e-01,9.999999999999987e-01,9.999999999999938e-01,9.999999999999916e-01,9.999999999999880e-01,9.999999999999878e-01,1.935154768805170e-198,6.840498175370759e-86,5.248013455834485e-01,2.293364158727929e-56,2.134579016995746e-85,7.426813939471222e-198,4.207183234171127e-169,4.751986544165512e-01,1.567752900068865e-85,9.311424248321668e-198,NaN,NaN,NaN,NaN,0,NaN,NaN,NaN,NaN,NaN,NaN,NaN,NaN,NaN,NaN,NaN,NaN,NaN,NaN,NaN,NaN,NaN,NaN,NaN,NaN,1.876499844737697e+00,-1.000000000000035e+00,1.867531090575466e-14,-3.463895836830488e-14,10,1.000000000000035e+00,1.000000000000030e+00,1.000000000000030e+00,1.000000000000029e+00,1.000000000000016e+00,1.000000000000004e+00,9.999999999999996e-01,9.999999999999969e-01,9.999999999999956e-01,9.999999999999947e-01,2.907648992832482e-169,2.600169164101351e-113,8.234888494240541e-01,2.921458367577569e-57,6.156126907513880e-252,6.934643562336049e-169,1.329280236089450e-112,1.765111505759459e-01,4.243152398732768e-57,9.511709926556300e-169,NaN,NaN,NaN,NaN,0,NaN,NaN,NaN,NaN,NaN,NaN,NaN,NaN,NaN,NaN,NaN,NaN,NaN,NaN,NaN,NaN,NaN,NaN,NaN,NaN,false
5,3.162000000000000e+14,1,4,CONTINUE,1.586923210129623e-02,1.587960170228263e-02,1.000000000000000e-09,2.537569451927218e-04,2.254741410854309e-14,1.424288307201264e-01,-1.000000000000050e+00,6.900334148943131e-03,,,2.409721408956270e-01,6.982306136719351e-01,7.619316563325492e+00,3.341778160826816e-04,3.241548689954258e+02,REFINE_STALLED,REFINE_STALLED,,1,1,1,1,1,1,,,,3.621204748409088e-03,4.696236753048514e-03,6.743467719702682e-03,5.021746731088531e-03,,,1.206265565272066e-15,3.701138055124553e-15,,solution good enough for the tolerances given,solution good enough for the tolerances given,,1.206265565272066e-15,3.701138055124553e-15,,3.621204748409088e-03,2.231827676629929e-17,6.743467719702682e-03,6.148053599773011e-17,,,4.696236753048514e-03,5.021746731088531e-03,,8.736206976937731e-08,2.872135245061414e+00,7.573449377063706e-04,1.214218126264949e-03,8.730458858645420e+00,0.000000000000000e+00,1.424288307201264e-01,-1.000000000000050e+00,2.256719633452221e-14,-5.018208071305708e-14,10,1.000000000000050e+00,1.000000000000049e+00,1.000000000000045e+00,1.000000000000042e+00,1.000000000000031e+00,9.999999999999978e-01,9.999999999999971e-01,9.999999999999960e-01,9.999999999999911e-01,9.999999999999778e-01,2.374487313848392e-112,2.212793228136782e-167,8.854770226175617e-57,7.886327557944619e-01,5.339638394882475e-222,7.900653038615865e-57,7.478524551487251e-113,2.113672442055382e-01,5.126174485095242e-112,3.943491701652613e-167,NaN,NaN,NaN,NaN,0,NaN,NaN,NaN,NaN,NaN,NaN,NaN,NaN,NaN,NaN,NaN,NaN,NaN,NaN,NaN,NaN,NaN,NaN,NaN,NaN,3.237018880002913e-01,-1.000000000000037e+00,1.353752637468900e-14,-3.730349362740526e-14,10,1.000000000000037e+00,1.000000000000033e+00,1.000000000000033e+00,1.000000000000001e+00,9.999999999999991e-01,9.999999999999987e-01,9.999999999999962e-01,9.999999999999956e-01,9.999999999999956e-01,9.999999999999902e-01,1.173886972663531e-57,3.311080419718531e-114,1.000000000000000e+00,7.693639941702254e-29,1.070280620062400e-57,1.365441508400395e-113,5.706352960339886e-253,8.547600321890362e-225,1.081605111459845e-196,3.302163739827300e-113,NaN,NaN,NaN,NaN,0,NaN,NaN,NaN,NaN,NaN,NaN,NaN,NaN,NaN,NaN,NaN,NaN,NaN,NaN,NaN,NaN,NaN,NaN,NaN,NaN,false
5,1.000000000000000e+15,1,4,CONTINUE,1.586923210129623e-02,1.562826349924032e-02,1.000000000000000e-09,2.537569451927218e-04,2.254741410854309e-14,2.364094292581938e-03,-1.000000000001122e+00,1.455432209131826e-10,,,2.952141437749398e+07,5.950078523704173e+07,7.620592002252859e+00,3.341778160826816e-04,3.241548689954258e+02,REFINE_STALLED,REFINE_STALLED,,1,1,1,1,1,1,,,,2.540324959782468e-01,8.640001060739364e+00,2.294329633970206e+04,7.083555729587888e+05,,,1.676465099109827e-14,1.216162484980505e-09,,solution good enough for the tolerances given,solution good enough for the tolerances given,,1.676465099109827e-14,1.216162484980505e-09,,2.540324959782468e-01,2.638890586203941e-16,2.294329633970206e+04,2.291636840394252e-11,,,8.640001060739364e+00,7.083555729587888e+05,,2.453517950345952e-08,2.872135245061414e+00,7.573449377063706e-04,1.214218126264949e-03,8.730458858645420e+00,0.000000000000000e+00,2.364094292581938e-03,-1.000000000001122e+00,4.898644126431447e-13,-1.121769344081258e-12,10,1.000000000001122e+00,1.000000000000971e+00,1.000000000000795e+00,1.000000000000655e+00,1.000000000000558e+00,1.000000000000277e+00,9.999999999999640e-01,9.999999999998770e-01,9.999999999997309e-01,9.999999999995770e-01,1.353718027829398e-04,1.156188367972016e-03,2.640113467388067e-02,2.375858929017806e-01,6.345566992856023e-01,3.866707555436534e-04,4.848574231072967e-02,4.782959469833587e-02,3.216382895132631e-03,2.463223082415056e-04,NaN,NaN,NaN,NaN,0,NaN,NaN,NaN,NaN,NaN,NaN,NaN,NaN,NaN,NaN,NaN,NaN,NaN,NaN,NaN,NaN,NaN,NaN,NaN,NaN,4.791063433371868e-03,-1.000000000000730e+00,1.293256423906531e-13,-7.296385717836529e-13,10,1.000000000000730e+00,1.000000000000667e+00,1.000000000000600e+00,1.000000000000576e+00,1.000000000000558e+00,1.000000000000024e+00,9.999999999999936e-01,9.999999999999427e-01,9.999999999998941e-01,9.999999999997913e-01,7.244728947230640e-03,2.021162774391559e-02,1.086597105560623e-01,7.121817144785800e-01,9.226793936620686e-02,1.998578764972967e-04,5.311259877667643e-02,4.548958560510740e-03,1.572489471024781e-03,3.742232959258530e-07,NaN,NaN,NaN,NaN,0,NaN,NaN,NaN,NaN,NaN,NaN,NaN,NaN,NaN,NaN,NaN,NaN,NaN,NaN,NaN,NaN,NaN,NaN,NaN,NaN,false
5,3.162000000000000e+15,1,6,CONTINUE,1.586923210129623e-02,1.789585851874434e-02,1.000000000000000e-09,2.537569451927218e-04,2.254741410854309e-14,4.154447381090071e-07,8.490591938838645e-06,2.353720233023860e-02,,,5.511635165696888e-03,1.043094987951575e+00,7.617953761068770e+00,3.341778160826816e-04,3.241548689954258e+02,REFINE_STALLED,REFINE_STALLED,,1,2,2,1,2,2,,,,1.825761456079950e+02,4.000062382141836e-02,1.825692247974923e+02,5.799326912038626e-02,,,2.358786554985750e-12,2.359235578850756e-12,,solution good enough for the tolerances given,solution good enough for the tolerances given,,2.358786554985750e-12,2.359235578850756e-12,,1.825761456079950e+02,3.876456578710304e-14,1.825692247974923e+02,3.876519743644548e-14,,,3.999860136228257e-02,5.798995040031313e-02,,4.152817390676577e-05,2.872135245235500e+00,7.573449377063706e-04,1.214218126264949e-03,8.730458858645420e+00,0.000000000000000e+00,4.154447381090071e-07,8.490591938838645e-06,6.039394067362791e-11,3.724776043156908e-11,10,9.999999999627522e-01,9.999999999418863e-01,9.999999998999372e-01,9.999999998453135e-01,9.999999997918565e-01,9.999999996827995e-01,9.999999995639401e-01,9.999999994580442e-01,9.999999993865472e-01,9.999999992387543e-01,2.937924388377521e-02,5.235180572170198e-02,2.121786536770277e-01,2.147994829580440e-02,8.918530317939276e-02,2.348574138398217e-02,1.746271132928527e-01,1.340928495848766e-01,4.093304254610546e-02,2.222862984344811e-01,NaN,NaN,NaN,NaN,0,NaN,NaN,NaN,NaN,NaN,NaN,NaN,NaN,NaN,NaN,NaN,NaN,NaN,NaN,NaN,NaN,NaN,NaN,NaN,NaN,4.154447381090071e-07,8.489377356000288e-06,6.042526423315025e-11,3.725308950208728e-11,10,9.999999999627469e-01,9.999999999418803e-01,9.999999998999349e-01,9.999999998452724e-01,9.999999997918514e-01,9.999999996828035e-01,9.999999995639406e-01,9.999999994580453e-01,9.999999993865472e-01,9.999999992387543e-01,2.939624067747323e-02,5.237728538805430e-02,2.122430594143252e-01,2.150246415129951e-02,8.922761394840178e-02,2.347762282489538e-02,1.746687309323061e-01,1.340021696657081e-01,4.097508355940889e-02,2.221297294381279e-01,NaN,NaN,NaN,NaN,0,NaN,NaN,NaN,NaN,NaN,NaN,NaN,NaN,NaN,NaN,NaN,NaN,NaN,NaN,NaN,NaN,NaN,NaN,NaN,NaN,false
5,1.000000000000000e+16,1,6,CONTINUE,1.586923210129623e-02,1.789601962939455e-02,1.000000000000000e-09,2.537569451927218e-04,2.254741410854309e-14,1.313651972021798e-07,2.684645151354211e-06,2.353574101740731e-02,,,5.511634541732998e-03,1.043198868938353e+00,7.617953493957943e+00,3.341778160826816e-04,3.241548689954258e+02,REFINE_STALLED,REFINE_STALLED,,1,2,2,1,2,2,,,,5.773971581082333e+02,4.000341351327017e-02,5.773901325203092e+02,5.799828662266759e-02,,,2.358940601310428e-12,2.359082237184282e-12,,solution good enough for the tolerances given,solution good enough for the tolerances given,,2.358940601310428e-12,2.359082237184282e-12,,5.773971581082333e+02,3.876372358797979e-14,5.773901325203092e+02,3.876393413776060e-14,,,4.000271569601060e-02,5.799720868545334e-02,,4.152806367621851e-05,2.872135245235500e+00,7.573449377063706e-04,1.214218126264949e-03,8.730458858645420e+00,0.000000000000000e+00,1.313651972021798e-07,2.684645151354211e-06,6.040282425693483e-11,3.724887065459370e-11,10,9.999999999627511e-01,9.999999999418863e-01,9.999999998999394e-01,9.999999998453077e-01,9.999999997918572e-01,9.999999996828035e-01,9.999999995639444e-01,9.999999994580486e-01,9.999999993865551e-01,9.999999992387634e-01,2.938570159752061e-02,5.235985513584166e-02,2.121946632922896e-01,2.148384758814205e-02,8.920281303843228e-02,2.348284101388821e-02,1.746250285238961e-01,1.340722833069021e-01,4.094389432534767e-02,2.222490721777400e-01,NaN,NaN,NaN,NaN,0,NaN,NaN,NaN,NaN,NaN,NaN,NaN,NaN,NaN,NaN,NaN,NaN,NaN,NaN,NaN,NaN,NaN,NaN,NaN,NaN,1.313653121557609e-07,2.684533131778384e-06,6.040682877469774e-11,3.725042496682818e-11,10,9.999999999627496e-01,9.999999999418838e-01,9.999999998999376e-01,9.999999998452960e-01,9.999999997918554e-01,9.999999996828040e-01,9.999999995639437e-01,9.999999994580484e-01,9.999999993865545e-01,9.999999992387640e-01,2.938923329217686e-02,5.236705393960483e-02,2.122152368982104e-01,2.149155511412846e-02,8.921940866481602e-02,2.347999511836770e-02,1.746408927223337e-01,1.340425303682281e-01,4.095619034021527e-02,2.221979035419180e-01,NaN,NaN,NaN,NaN,0,NaN,NaN,NaN,NaN,NaN,NaN,NaN,NaN,NaN,NaN,NaN,NaN,NaN,NaN,NaN,NaN,NaN,NaN,NaN,NaN,false
5,3.162000000000000e+16,1,6,CONTINUE,1.586923210129623e-02,1.789614319413128e-02,1.000000000000000e-09,2.537569451927218e-04,2.254741410854309e-14,4.154520089972310e-08,8.490237649611588e-07,2.353549738606001e-02,,,5.511634479873289e-03,1.043235227219846e+00,7.617953353507586e+00,3.341778160826816e-04,3.241548689954258e+02,REFINE_STALLED,REFINE_STALLED,,1,2,2,1,2,2,,,,1.825719221526384e+03,4.000436515219872e-02,1.825710056121506e+03,5.799996608888651e-02,,,2.358989206911761e-12,2.359033885566632e-12,,solution good enough for the tolerances given,solution good enough for the tolerances given,,2.358989206911761e-12,2.359033885566632e-12,,1.825719221526384e+03,3.876351303819897e-14,1.825710056121506e+03,3.876351303819897e-14,,,4.000397897736391e-02,5.799956112554878e-02,,4.152801647381548e-05,2.872135245235500e+00,7.573449377063706e-04,1.214218126264949e-03,8.730458858645420e+00,0.000000000000000e+00,4.154520089972310e-08,8.490237649611588e-07,6.046401232021875e-11,3.724931474380355e-11,10,9.999999999627507e-01,9.999999999418843e-01,9.999999998999385e-01,9.999999998452989e-01,9.999999997918576e-01,9.999999996828057e-01,9.999999995639461e-01,9.999999994580497e-01,9.999999993865576e-01,9.999999992387676e-01,2.938982392024256e-02,5.236181805786806e-02,2.122006013192349e-01,2.148428386827817e-02,8.920700943049700e-02,2.348211515306170e-02,1.746264738281901e-01,1.340655589796815e-01,4.094597117776251e-02,2.222363442651842e-01,NaN,NaN,NaN,NaN,0,NaN,NaN,NaN,NaN,NaN,NaN,NaN,NaN,NaN,NaN,NaN,NaN,NaN,NaN,NaN,NaN,NaN,NaN,NaN,NaN,4.154516454467753e-08,8.490136429548760e-07,6.041292477508764e-11,3.724975883301340e-11,10,9.999999999627502e-01,9.999999999418854e-01,9.999999998999387e-01,9.999999998453013e-01,9.999999997918572e-01,9.999999996828053e-01,9.999999995639470e-01,9.999999994580504e-01,9.999999993865558e-01,9.999999992387669e-01,2.938899355068505e-02,5.236441365904880e-02,2.122067244474040e-01,2.148637649473868e-02,8.921410786811065e-02,2.348183902805347e-02,1.746316585244100e-01,1.340554297234611e-01,4.095077502747801e-02,2.222196816766102e-01,NaN,NaN,NaN,NaN,0,NaN,NaN,NaN,NaN,NaN,NaN,NaN,NaN,NaN,NaN,NaN,NaN,NaN,NaN,NaN,NaN,NaN,NaN,NaN,NaN,false
5,1.000000000000000e+17,1,6,CONTINUE,1.586923210129623e-02,1.789636826943751e-02,1.000000000000000e-09,2.537569451927218e-04,2.254741410854309e-14,1.313659252449244e-08,2.684565136417561e-07,2.353576457757806e-02,,,5.511634473695798e-03,1.043258222800342e+00,7.617953163830751e+00,3.341778160826816e-04,3.241548689954258e+02,REFINE_STALLED,REFINE_STALLED,,1,2,2,1,2,2,,,,5.773922140945930e+03,4.000501492583810e-02,5.773927125095825e+03,5.800060810806572e-02,,,2.359004468077706e-12,2.359018046525661e-12,,solution good enough for the tolerances given,solution good enough for the tolerances given,,2.359004468077706e-12,2.359018046525661e-12,,5.773922140945930e+03,3.876340776330857e-14,5.773927125095825e+03,3.876333758004829e-14,,,4.000417475921553e-02,5.800038679378434e-02,,4.152800105095029e-05,2.872135245235500e+00,7.573449377063706e-04,1.214218126264949e-03,8.730458858645420e+00,0.000000000000000e+00,1.313659252449244e-08,2.684565136417561e-07,6.044877521528510e-11,3.724998087761833e-11,10,9.999999999627500e-01,9.999999999418843e-01,9.999999998999369e-01,9.999999998452982e-01,9.999999997918563e-01,9.999999996828044e-01,9.999999995639455e-01,9.999999994580491e-01,9.999999993865576e-01,9.999999992387676e-01,2.938725383656817e-02,5.236382292548859e-02,2.122021489319198e-01,2.148610049612622e-02,8.920837749639073e-02,2.348134994298312e-02,1.746256609034494e-01,1.340638322644425e-01,4.094713017339283e-02,2.222343230292382e-01,NaN,NaN,NaN,NaN,0,NaN,NaN,NaN,NaN,NaN,NaN,NaN,NaN,NaN,NaN,NaN,NaN,NaN,NaN,NaN,NaN,NaN,NaN,NaN,NaN,1.313658869266841e-08,2.684613144807184e-07,6.045624984015279e-11,3.724931474380355e-11,10,9.999999999627507e-01,9.999999999418843e-01,9.999999998999378e-01,9.999999998452973e-01,9.999999997918578e-01,9.999999996828055e-01,9.999999995639457e-01,9.999999994580504e-01,9.999999993865576e-01,9.999999992387674e-01,2.939098071029659e-02,5.236077128446166e-02,2.122056322255293e-01,2.148548837740423e-02,8.921110504817097e-02,2.348214958103939e-02,1.746288281700726e-01,1.340584605556350e-01,4.095034339041433e-02,2.222262406569760e-01,NaN,NaN,NaN,NaN,0,NaN,NaN,NaN,NaN,NaN,NaN,NaN,NaN,NaN,NaN,NaN,NaN,NaN,NaN,NaN,NaN,NaN,NaN,NaN,NaN,false
5,3.162000000000000e+17,1,6,CONTINUE,1.586923210129623e-02,1.789707074532185e-02,1.000000000000000e-09,2.537569451927218e-04,2.254741410854309e-14,4.154523725483229e-09,8.490541324281631e-08,2.353715834554405e-02,,,5.511634473081063e-03,1.043302943996938e+00,7.617952555003952e+00,3.341778160826816e-04,3.241548689954258e+02,REFINE_STALLED,REFINE_STALLED,,1,2,2,1,2,2,,,,1.825715474027125e+04,4.000618274251536e-02,1.825710209168062e+04,5.800129162379968e-02,,,2.359011288771140e-12,2.359012376999864e-12,,solution good enough for the tolerances given,solution good enough for the tolerances given,,2.359011288771140e-12,2.359012376999864e-12,,1.825715474027125e+04,3.876340776330857e-14,1.825710209168062e+04,3.876330248841816e-14,,,4.000379574986421e-02,5.800077613660507e-02,,4.152799745532566e-05,2.872135245235500e+00,7.573449377063706e-04,1.214218126264949e-03,8.730458858645420e+00,0.000000000000000e+00,4.154523725483229e-09,8.490541324281631e-08,6.039027447039523e-11,3.724798247617400e-11,10,9.999999999627520e-01,9.999999999418865e-01,9.999999998999389e-01,9.999999998453086e-01,9.999999997918578e-01,9.999999996828060e-01,9.999999995639457e-01,9.999999994580508e-01,9.999999993865580e-01,9.999999992387683e-01,2.938563124986798e-02,5.236453735619000e-02,2.121992432904200e-01,2.148645232594693e-02,8.921375619525906e-02,2.348243122339207e-02,1.746271642458286e-01,1.340616723367269e-01,4.094851028803424e-02,2.222306014883338e-01,NaN,NaN,NaN,NaN,0,NaN,NaN,NaN,NaN,NaN,NaN,NaN,NaN,NaN,NaN,NaN,NaN,NaN,NaN,NaN,NaN,NaN,NaN,NaN,NaN,4.154522513645548e-09,8.490440096977936e-08,6.038746399053431e-11,3.724842656538385e-11,10,9.999999999627516e-01,9.999999999418869e-01,9.999999998999392e-01,9.999999998453082e-01,9.999999997918578e-01,9.999999996828055e-01,9.999999995639457e-01,9.999999994580504e-01,9.999999993865578e-01,9.999999992387680e-01,2.938607608787356e-02,5.235954678610590e-02,2.122036267272951e-01,2.148694985950152e-02,8.921502938765495e-02,2.348292667015890e-02,1.746282835756360e-01,1.340587459632598e-01,4.094857399626306e-02,2.222302409462510e-01,NaN,NaN,NaN,NaN,0,NaN,NaN,NaN,NaN,NaN,NaN,NaN,NaN,NaN,NaN,NaN,NaN,NaN,NaN,NaN,NaN,NaN,NaN,NaN,NaN,false
5,1.000000000000000e+18,1,6,CONTINUE,1.586923210129623e-02,1.789929795070476e-02,1.000000000000000e-09,2.537569451927218e-04,2.254741410854309e-14,1.313660785181095e-09,2.684581139023318e-08,2.354181887270081e-02,,,5.511634473022149e-03,1.043435473202664e+00,7.617950681742332e+00,3.341778160826816e-04,3.241548689954258e+02,REFINE_STALLED,REFINE_STALLED,,1,2,2,1,2,2,,,,5.773921590955491e+04,4.000959977593015e-02,5.773923782198939e+04,5.800308949885045e-02,,,2.359010945351794e-12,2.359014751356511e-12,,solution good enough for the tolerances given,solution good enough for the tolerances given,,2.359010945351794e-12,2.359014751356511e-12,,5.773921590955491e+04,3.876337267167843e-14,5.773923782198939e+04,3.876347794656884e-14,,,4.000205967000459e-02,5.800154522975297e-02,,4.152799784290247e-05,2.872135245235500e+00,7.573449377063706e-04,1.214218126264949e-03,8.730458858645420e+00,0.000000000000000e+00,1.313660785181095e-09,2.684581139023318e-08,6.043503320834463e-11,3.724975883301340e-11,10,9.999999999627502e-01,9.999999999418849e-01,9.999999998999369e-01,9.999999998453002e-01,9.999999997918567e-01,9.999999996828055e-01,9.999999995639464e-01,9.999999994580508e-01,9.999999993865576e-01,9.999999992387685e-01,2.938755487537541e-02,5.236122094562695e-02,2.122046015332308e-01,2.148570903313822e-02,8.921160074825916e-02,2.348215207300428e-02,1.746269717114620e-01,1.340595383859444e-01,4.094810908297601e-02,2.222325416109824e-01,NaN,NaN,NaN,NaN,0,NaN,NaN,NaN,NaN,NaN,NaN,NaN,NaN,NaN,NaN,NaN,NaN,NaN,NaN,NaN,NaN,NaN,NaN,NaN,NaN,1.313661934732330e-09,2.684645151354211e-08,6.043911593364280e-11,3.724887065459370e-11,10,9.999999999627511e-01,9.999999999418854e-01,9.999999998999385e-01,9.999999998453011e-01,9.999999997918581e-01,9.999999996828060e-01,9.999999995639479e-01,9.999999994580511e-01,9.999999993865587e-01,9.999999992387691e-01,2.938933243382760e-02,5.236015460938905e-02,2.122068890359296e-01,2.148597978505024e-02,8.920905703000297e-02,2.348182290878473e-02,1.746269082196183e-01,1.340609720001084e-01,4.094790599899164e-02,2.222309779782981e-01,NaN,NaN,NaN,NaN,0,NaN,NaN,NaN,NaN,NaN,NaN,NaN,NaN,NaN,NaN,NaN,NaN,NaN,NaN,NaN,NaN,NaN,NaN,NaN,NaN,false
6,1.000000000000000e+00,0,3,CONTINUE,4.909245633127280e-04,4.912843523390237e-06,1.000000000000000e-09,7.850128897927784e-06,2.221358349968028e-14,7.565016228707549e+01,8.630926387051280e+04,9.899925591272716e-01,,,1.059531665079600e-02,1.600172013369237e-03,7.614906200534333e+00,3.284028394447650e-05,9.426713492721276e+03,REACHED_FORCE,REACHED_FORCE,,2,0,0,1,0,0,,,,1.800645205289495e-07,NaN,9.833367833827368e-08,NaN,,,1.579616391768393e-03,5.607244058414427e-06,,solution good enough for the tolerances given,solution good enough for the tolerances given,,7.801711756985800e-06,5.607244058414427e-06,,1.383125419653922e-17,1.800645205289495e-07,2.766250839307844e-17,9.833367833827368e-08,,,1.800645205289495e-07,9.833367833827368e-08,,3.925215069329073e-01,9.711033351179945e+01,2.022319172040657e-05,3.229976347378405e-05,3.440744253119707e+02,0.000000000000000e+00,7.565016228707549e+01,8.630926387051280e+04,4.780471837699202e-05,1.158610755147560e-05,10,9.999884138924485e-01,9.999579521291714e-01,9.998969529347072e-01,9.998226414353842e-01,9.997419484835295e-01,9.996288818617945e-01,9.989953220324557e-01,9.968231059997861e-01,9.869537817597196e-01,9.869537132060500e-01,2.217457335589285e-02,1.519078289588186e-02,3.240988327717505e-02,9.197141113349818e-03,7.294087205600944e-03,3.155519791911198e-02,6.696485362679513e-02,2.530869422401365e-04,4.463280224312422e-16,8.149603936639517e-01,9.228576879135824e+01,9.228576879135824e+01,4.912447688662060e-03,1.071974871361769e-02,1,9.892802512863823e-01,NaN,NaN,NaN,NaN,NaN,NaN,NaN,NaN,NaN,1.000000000000000e+00,NaN,NaN,NaN,NaN,NaN,NaN,NaN,NaN,NaN,7.565016228705788e+01,6.545023951035614e+04,4.526090284069788e-05,1.527854945881923e-05,10,9.999847214505412e-01,9.999505501569884e-01,9.998956185474286e-01,9.998333894947909e-01,9.997413446089620e-01,9.996288803777569e-01,9.989953220324574e-01,9.968231059997865e-01,9.869537151374658e-01,9.869537132060470e-01,7.913245299164234e-05,2.997059833859552e-04,4.846183952513124e-04,5.892489796944255e-05,5.891879006877383e-03,1.207408327755872e-02,1.589771154415416e-03,5.670607315533744e-01,1.959667107353385e-13,4.124611532779797e-01,NaN,NaN,NaN,NaN,0,NaN,NaN,NaN,NaN,NaN,NaN,NaN,NaN,NaN,NaN,NaN,NaN,NaN,NaN,NaN,NaN,NaN,NaN,NaN,NaN,false
6,3.162000000000000e+00,0,3,CONTINUE,4.909245633127280e-04,4.912430759001574e-06,1.000000000000000e-09,7.850128897927784e-06,2.221358349968028e-14,7.565016228678671e+01,8.630369103448928e+04,9.899933089133789e-01,,,1.057619662264868e-02,1.600166699969429e-03,7.614906198981529e+00,3.284028394447650e-05,9.426713492721276e+03,REACHED_FORCE,REACHED_FORCE,,2,0,0,1,0,0,,,,1.806093417721782e-08,NaN,3.097833991682378e-08,NaN,,,5.032595275024091e-04,1.765923299946977e-06,,solution good enough for the tolerances given,solution good enough for the tolerances given,,7.832866502225463e-07,1.765923299946977e-06,,4.149376258961766e-17,1.806093417721782e-08,2.766250839307844e-17,3.097833991682378e-08,,,1.806093417721782e-08,3.097833991682378e-08,,3.908481045017594e-01,5.463467045865037e+01,2.022319172040657e-05,3.229976347378405e-05,3.440744253119707e+02,0.000000000000000e+00,7.565016228678671e+01,8.630369103448928e+04,1.939838914620606e-05,3.664436268979721e-06,10,9.999963355637310e-01,9.999866997619655e-01,9.999674072902904e-01,9.999439001949677e-01,9.999183749009211e-01,9.998826020431049e-01,9.996820466165507e-01,9.989931025237190e-01,9.958369606394125e-01,9.958369034167707e-01,2.185221332315015e-02,1.496929665390904e-02,3.193943356544855e-02,9.063667404821448e-03,7.189483288106849e-03,3.110904961420864e-02,6.607532704198045e-02,2.504690375207575e-04,2.131371142586426e-17,8.175510600708543e-01,9.186307059518762e+01,9.186307059518762e+01,1.553754622842850e-03,3.430872710297406e-03,1,9.965691272897026e-01,NaN,NaN,NaN,NaN,NaN,NaN,NaN,NaN,NaN,1.000000000000000e+00,NaN,NaN,NaN,NaN,NaN,NaN,NaN,NaN,NaN,7.565016228677050e+01,6.545822243258849e+04,1.446961479464211e-05,4.831387024673006e-06,10,9.999951686129753e-01,9.999843655796080e-01,9.999669803447656e-01,9.999474380768378e-01,9.999181842990246e-01,9.998826015753267e-01,9.996820466165502e-01,9.989931025237190e-01,9.958369038456334e-01,9.958369034167698e-01,7.972529132603248e-05,3.027593024835166e-04,4.925757825755087e-04,5.877522547295622e-05,5.961530684219693e-03,1.225956150626401e-02,1.711218416861920e-03,5.740145329862654e-01,5.158045945346492e-13,4.051193208040152e-01,NaN,NaN,NaN,NaN,0,NaN,NaN,NaN,NaN,NaN,NaN,NaN,NaN,NaN,NaN,NaN,NaN,NaN,NaN,NaN,NaN,NaN,NaN,NaN,NaN,false
6,1.000000000000000e+01,0,3,CONTINUE,4.909245633127280e-04,4.913081335280225e-06,1.000000000000000e-09,7.850128897927784e-06,2.221358349968028e-14,7.565016228845322e+01,8.630192768192584e+04,9.899919572042929e-01,,,1.057016590246119e-02,1.600172401231221e-03,7.614906198508632e+00,3.284028394447650e-05,9.426713492721276e+03,REACHED_FORCE,REACHED_FORCE,,2,0,0,1,0,0,,,,1.807377401250845e-09,NaN,9.801600480992057e-09,NaN,,,1.595051357054025e-04,5.587441011927954e-07,,solution good enough for the tolerances given,solution good enough for the tolerances given,,7.840854701205803e-08,5.587441011927954e-07,,2.766250839307844e-17,1.807377401250845e-09,2.766250839307844e-17,9.801600480992057e-09,,,1.807377401250845e-09,9.801600480992057e-09,,3.868553581213762e-01,3.076277481341083e+01,2.022319172040657e-05,3.229976347378405e-05,3.440744253119707e+02,0.000000000000000e+00,7.565016228845322e+01,8.630192768192584e+04,3.803483520464605e-06,1.158721326555145e-06,10,9.999988412786734e-01,9.999957942279881e-01,9.999896938346126e-01,9.999822603237717e-01,9.999741886553661e-01,9.999628757856188e-01,9.998994412770239e-01,9.996813996564122e-01,9.986798712991594e-01,9.986798708150723e-01,2.175043533622340e-02,1.489937088592513e-02,3.179089509637421e-02,9.021524830149407e-03,7.156449132209028e-03,3.096811968940937e-02,6.579404505896079e-02,2.496379980019020e-04,1.067620764120831e-12,8.183695219716790e-01,9.173081164166044e+01,9.173081164166044e+01,4.913060835644406e-04,1.088959121805622e-03,1,9.989110408781944e-01,NaN,NaN,NaN,NaN,NaN,NaN,NaN,NaN,NaN,1.000000000000000e+00,NaN,NaN,NaN,NaN,NaN,NaN,NaN,NaN,NaN,7.565016228851692e+01,6.542356131154083e+04,4.916409053988303e-06,1.528498986380633e-06,10,9.999984715010136e-01,9.999950547245249e-01,9.999895569154518e-01,9.999833766550625e-01,9.999741284206121e-01,9.999628756378115e-01,9.998994412770248e-01,9.996813996564113e-01,9.986798708427342e-01,9.986798708150734e-01,7.968943421681940e-05,3.025040478780073e-04,4.923262213547349e-04,5.852502441908125e-05,5.956341150864877e-03,1.225361328550736e-02,1.720605999574544e-03,5.740367064395254e-01,7.079972709676161e-11,4.050996883258594e-01,NaN,NaN,NaN,NaN,0,NaN,NaN,NaN,NaN,NaN,NaN,NaN,NaN,NaN,NaN,NaN,NaN,NaN,NaN,NaN,NaN,NaN,NaN,NaN,NaN,false
6,3.162000000000000e+01,0,3,CONTINUE,4.909245633127280e-04,4.913337506815376e-06,1.000000000000000e-09,7.850128897927784e-06,2.221358349968028e-14,7.565016229508150e+01,8.630136988898049e+04,9.899914271769629e-01,,,1.056825851406598e-02,1.600174957916980e-03,7.614906198378152e+00,3.284028394447650e-05,9.426713492721276e+03,REACHED_FORCE,REACHED_FORCE,,2,0,0,1,0,0,,,,1.808198969178995e-10,NaN,3.101018014193856e-09,NaN,,,5.048197783417133e-05,1.767767152937402e-07,,solution good enough for the tolerances given,solution good enough for the tolerances given,,7.845187307724784e-09,1.767767152937402e-07,,2.074688129480883e-17,1.808198969178995e-10,4.149376258961766e-17,3.101018014193856e-09,,,1.808198969178995e-10,3.101018014193856e-09,,3.755120187340675e-01,1.737070931126413e+01,2.022319172040657e-05,3.229976347378405e-05,3.440744253119707e+02,0.000000000000000e+00,7.565016229508150e+01,8.630136988898049e+04,1.194526557199374e-06,3.664546912585109e-07,10,9.999996335453087e-01,9.999986698776457e-01,9.999967405830984e-01,9.999943896374286e-01,9.999918368705797e-01,9.999882589636907e-01,9.999681955605579e-01,9.998992189237799e-01,9.995821247569736e-01,9.995821246518319e-01,2.171827391914551e-02,1.487727497496317e-02,3.174395712231411e-02,9.008207819386327e-03,7.146009701855089e-03,3.092357957293360e-02,6.570511778883908e-02,2.493749429792248e-04,3.252829692650230e-12,8.186282041543310e-01,9.168913758410552e+01,9.168913758410552e+01,1.553789096000081e-04,3.448025546817224e-04,1,9.996551974453183e-01,NaN,NaN,NaN,NaN,NaN,NaN,NaN,NaN,NaN,1.000000000000000e+00,NaN,NaN,NaN,NaN,NaN,NaN,NaN,NaN,NaN,7.565016229504128e+01,6.476288560393379e+04,3.033624188800284e-06,4.883281173873044e-07,10,9.999995116718826e-01,9.999984253486832e-01,9.999966861764551e-01,9.999946993133659e-01,9.999918177857696e-01,9.999882589165511e-01,9.999681955605584e-01,9.998992189237801e-01,9.995821246557322e-01,9.995821246518317e-01,8.101656277422201e-05,3.037199027455318e-04,4.915096563918849e-04,5.633260415400814e-05,5.951735896654996e-03,1.224519964448671e-02,1.720552114639864e-03,5.738239166440225e-01,3.565420594443960e-09,4.053260134087087e-01,NaN,NaN,NaN,NaN,0,NaN,NaN,NaN,NaN,NaN,NaN,NaN,NaN,NaN,NaN,NaN,NaN,NaN,NaN,NaN,NaN,NaN,NaN,NaN,NaN,false
6,1.000000000000000e+02,0,3,CONTINUE,4.909245633127280e-04,4.913423617201285e-06,1.000000000000000e-09,7.850128897927784e-06,2.221358349968028e-14,7.565016229852125e+01,8.630118921195509e+04,9.899912491895158e-01,,,1.056765510833329e-02,1.600175842472062e-03,7.614906198338795e+00,3.284028394447650e-05,9.426713492721276e+03,REACHED_FORCE,REACHED_FORCE,,2,0,0,1,0,0,,,,1.808040652225923e-11,NaN,9.806811433508316e-10,NaN,,,1.596616610000311e-05,5.590498507507172e-08,,solution good enough for the tolerances given,solution good enough for the tolerances given,,7.844743741986364e-10,5.590498507507172e-08,,3.457813549134804e-17,1.808040652225923e-11,3.568065123723917e-17,9.806811433508316e-10,,,1.808040652225923e-11,9.806811433508316e-10,,3.465804393068616e-01,9.885011327783475e+00,2.022319172040657e-05,3.229976347378405e-05,3.440744253119707e+02,0.000000000000000e+00,7.565016229852125e+01,8.630118921195509e+04,3.719142564936841e-07,1.158732449990652e-07,10,9.999998841267550e-01,9.999995794128915e-01,9.999989693688380e-01,9.999982259941113e-01,9.999974188035775e-01,9.999962874545091e-01,9.999899432175332e-01,9.999681308274624e-01,9.998678300484417e-01,9.998678300482552e-01,2.170810537056804e-02,1.487028767453034e-02,3.172911368922879e-02,9.003995687368939e-03,7.142707898536866e-03,3.090949454479075e-02,6.567699251953638e-02,2.492917144167754e-04,1.859092514894688e-05,8.186914199758746e-01,9.167597113763830e+01,9.167597113763830e+01,4.913086759846785e-05,1.090679400121974e-04,1,9.998909320599878e-01,NaN,NaN,NaN,NaN,NaN,NaN,NaN,NaN,NaN,1.000000000000000e+00,NaN,NaN,NaN,NaN,NaN,NaN,NaN,NaN,NaN,7.565016229737728e+01,6.545253117023998e+04,4.599943461201366e-07,1.527824561309288e-07,10,9.999998472175439e-01,9.999995056166864e-01,9.999989558304317e-01,9.999983382657243e-01,9.999974127823220e-01,9.999962874397389e-01,9.999899432175348e-01,9.999681308274604e-01,9.998678300482978e-01,9.998678300482532e-01,7.954194535681565e-05,3.021199770709992e-04,4.918576989674905e-04,5.854912203865710e-05,5.950314227925437e-03,1.224189525403860e-02,1.720231858112261e-03,5.737346166275983e-01,1.381849723813848e-05,4.054070547916540e-01,NaN,NaN,NaN,NaN,0,NaN,NaN,NaN,NaN,NaN,NaN,NaN,NaN,NaN,NaN,NaN,NaN,NaN,NaN,NaN,NaN,NaN,NaN,NaN,NaN,false
6,3.162000000000000e+02,0,2,CONTINUE,4.909245633127280e-04,4.918660917814249e-06,1.000000000000000e-09,7.850128897927784e-06,2.221358349968028e-14,7.565016222594076e+01,8.630113929667564e+04,9.899801191283415e-01,,,1.056746529369579e-02,1.600231217914251e-03,7.614906198985629e+00,3.284028394447650e-05,9.426713492721276e+03,REACHED_FORCE,REACHED_FORCE,,1,0,0,1,0,0,,,,8.906522501957748e-08,NaN,3.140730442991922e-10,NaN,,,5.049764986164877e-06,1.792621500979717e-08,,solution good enough for the tolerances given,solution good enough for the tolerances given,,5.049764986164877e-06,1.792621500979717e-08,,7.124881378907253e-17,8.906522501957748e-08,7.607189808096570e-17,3.140730442991922e-10,,,8.906522501957748e-08,3.140730442991922e-10,,2.903384249051537e-01,5.732177965031703e+00,2.022319172040657e-05,3.229976347378405e-05,3.440744253119707e+02,0.000000000000000e+00,7.565016222594076e+01,8.630113929667564e+04,1.176095270847746e-07,3.664557912674837e-08,10,9.999999633544209e-01,9.999998669867793e-01,9.999996740568490e-01,9.999994389599217e-01,9.999991836808632e-01,9.999988258839601e-01,9.999968194650147e-01,9.999899209781835e-01,9.999581967434619e-01,9.999581967434497e-01,2.170488827653108e-02,1.486807881859131e-02,3.172442146529751e-02,9.002665168958824e-03,7.141664523997165e-03,3.090504109530597e-02,6.566810016419163e-02,2.492654152185889e-04,1.854090208027850e-03,8.168817848638810e-01,NaN,NaN,NaN,NaN,0,NaN,NaN,NaN,NaN,NaN,NaN,NaN,NaN,NaN,NaN,NaN,NaN,NaN,NaN,NaN,NaN,NaN,NaN,NaN,NaN,7.565016222393153e+01,6.338995087373377e+04,5.001996563407549e-07,4.989048174586230e-08,10,9.999999501095183e-01,9.999998401903332e-01,9.999996661482405e-01,9.999994599163028e-01,9.999991817628060e-01,9.999988258791472e-01,9.999968194650145e-01,9.999899209781828e-01,9.999581967434659e-01,9.999581967434485e-01,8.172691948997111e-05,2.987336514282537e-04,4.779488465985089e-04,5.019565466785870e-05,5.793264775877094e-03,1.193321254398654e-02,1.711120862116003e-03,5.579919954192594e-01,1.105653104296614e-08,4.216617902700456e-01,NaN,NaN,NaN,NaN,0,NaN,NaN,NaN,NaN,NaN,NaN,NaN,NaN,NaN,NaN,NaN,NaN,NaN,NaN,NaN,NaN,NaN,NaN,NaN,NaN,true
6,1.000000000000000e+03,0,2,CONTINUE,4.909245633127280e-04,4.915107604852004e-06,1.000000000000000e-09,7.850128897927784e-06,2.221358349968028e-14,7.565016263893727e+01,8.630095725901726e+04,9.899876720930877e-01,,,1.056740416588047e-02,1.600193641782842e-03,7.614906198531111e+00,3.284028394447650e-05,9.426713492721276e+03,REACHED_FORCE,REACHED_FORCE,,1,0,0,1,0,0,,,,2.816304906586607e-08,NaN,9.846539666780455e-11,NaN,,,1.596773355781984e-06,5.615197124618229e-09,,solution good enough for the tolerances given,solution good enough for the tolerances given,,1.596773355781984e-06,5.615197124618229e-09,,1.867219316532795e-16,2.816304906586607e-08,2.489625755377059e-16,9.846539666780455e-11,,,2.816304906586607e-08,9.846539666780455e-11,,2.145456873006398e-01,3.432476960514226e+00,2.022319172040657e-05,3.229976347378405e-05,3.440744253119707e+02,0.000000000000000e+00,7.565016263893727e+01,8.630095725901726e+04,3.721085362289553e-08,1.158735685180545e-08,10,9.999999884126431e-01,9.999999579410179e-01,9.999998969366317e-01,9.999998225988155e-01,9.999997418796940e-01,9.999996287442081e-01,9.999989943126527e-01,9.999968129913184e-01,9.999867814324995e-01,9.999867814324973e-01,2.170392405303614e-02,1.486738099687329e-02,3.172292372160664e-02,9.002214524508131e-03,7.141324017676336e-03,3.090363267018193e-02,6.566528744850146e-02,2.492571392372857e-04,3.232597931499658e-01,4.954842622784137e-01,NaN,NaN,NaN,NaN,0,NaN,NaN,NaN,NaN,NaN,NaN,NaN,NaN,NaN,NaN,NaN,NaN,NaN,NaN,NaN,NaN,NaN,NaN,NaN,NaN,7.565016263131257e+01,4.761964764487609e+04,1.438712465173361e-06,2.099973495095497e-08,10,9.999999790002650e-01,9.999999347408950e-01,9.999998811025905e-01,9.999997413483873e-01,9.999996287444897e-01,9.999989943126523e-01,9.999988613190247e-01,9.999968129913199e-01,9.999867814325228e-01,9.999867814324960e-01,1.394771623516570e-04,3.832989400480182e-04,3.924279660351352e-04,5.908274523053186e-03,1.214332672346515e-02,1.717287386604891e-03,3.872364673111430e-12,5.686888390111684e-01,2.195848551367760e-07,4.106268486985458e-01,NaN,NaN,NaN,NaN,0,NaN,NaN,NaN,NaN,NaN,NaN,NaN,NaN,NaN,NaN,NaN,NaN,NaN,NaN,NaN,NaN,NaN,NaN,NaN,NaN,false
6,3.162000000000000e+03,0,2,CONTINUE,4.909245633127280e-04,4.913983985078208e-06,1.000000000000000e-09,7.850128897927784e-06,2.221358349968028e-14,7.565016166159086e+01,8.630078472869452e+04,9.899900604725161e-01,,,1.056738493658952e-02,1.600181759928210e-03,7.614906198387396e+00,3.284028394447650e-05,9.426713492721276e+03,REACHED_FORCE,REACHED_FORCE,,1,0,0,1,0,0,,,,8.906782623833261e-09,NaN,3.105577710860227e-11,NaN,,,5.049921776432179e-07,1.770576912969397e-09,,solution good enough for the tolerances given,solution good enough for the tolerances given,,5.049921776432179e-07,1.770576912969397e-09,,1.954041165232579e-15,8.906782623833261e-09,8.486923084354720e-16,3.105577710860227e-11,,,8.906782623833261e-09,3.105577710860227e-11,,1.411003366259464e-01,2.872135252094183e+00,2.022319172040657e-05,3.229976347378405e-05,3.440744253119707e+02,0.000000000000000e+00,7.565016166159086e+01,8.630078472869452e+04,1.177654530936098e-08,3.664573089423584e-09,10,9.999999963354269e-01,9.999999866985496e-01,9.999999674055975e-01,9.999999438958059e-01,9.999999183679930e-01,9.999998825882698e-01,9.999996819455876e-01,9.999989920886700e-01,9.999958195170326e-01,9.999958195170318e-01,2.170366483493818e-02,1.486716010170627e-02,3.172243946397744e-02,9.002047609659725e-03,7.141205102741299e-03,3.090318931509870e-02,6.566439950015443e-02,2.492544328302337e-04,3.023320679133786e-01,5.164145717255154e-01,NaN,NaN,NaN,NaN,0,NaN,NaN,NaN,NaN,NaN,NaN,NaN,NaN,NaN,NaN,NaN,NaN,NaN,NaN,NaN,NaN,NaN,NaN,NaN,NaN,7.565016167766343e+01,4.710286080841166e+04,4.352811582012744e-07,6.714147016140259e-09,10,9.999999932858530e-01,9.999999791406310e-01,9.999999622295564e-01,9.999999181985694e-01,9.999998825882800e-01,9.999996819455863e-01,9.999992641768533e-01,9.999989920886689e-01,9.999958195170335e-01,9.999958195170326e-01,1.430586536188620e-04,3.893787797748126e-04,3.883062207069729e-04,5.941878400124757e-03,1.220999053731724e-02,1.719173411683163e-03,2.556841097963711e-16,5.721045065296592e-01,2.382041350267657e-06,4.071013254257640e-01,NaN,NaN,NaN,NaN,0,NaN,NaN,NaN,NaN,NaN,NaN,NaN,NaN,NaN,NaN,NaN,NaN,NaN,NaN,NaN,NaN,NaN,NaN,NaN,NaN,false
6,1.000000000000000e+04,0,2,CONTINUE,4.909245633127280e-04,4.913628677001977e-06,1.000000000000000e-09,7.850128897927784e-06,2.221358349968028e-14,7.565016468183472e+01,8.628392122004862e+04,9.899908156990689e-01,,,1.056737886450226e-02,1.600178001882005e-03,7.614906198341924e+00,3.284028394447650e-05,9.426713492721276e+03,REACHED_FORCE,REACHED_FORCE,,1,0,0,1,0,0,,,,2.816330915483233e-09,NaN,9.811390833888140e-12,NaN,,,1.596789032745062e-07,5.593318401957117e-10,,solution good enough for the tolerances given,solution good enough for the tolerances given,,1.596789032745062e-07,5.593318401957117e-10,,1.552558283561527e-15,2.816330915483233e-09,2.592406224031152e-15,9.811390833888140e-12,,,2.816330915483233e-09,9.811390833888140e-12,,8.534026425277097e-02,2.872135247285176e+00,2.022319172040657e-05,3.229976347378405e-05,3.440744253119707e+02,0.000000000000000e+00,7.565016468183472e+01,8.628392122004862e+04,3.971394593609001e-09,1.158964479941460e-09,10,9.999999988410355e-01,9.999999957921644e-01,9.999999896924576e-01,9.999999822574582e-01,9.999999741874630e-01,9.999999628744060e-01,9.999998994311735e-01,9.999996812982047e-01,9.999986781275608e-01,9.999986781275595e-01,2.170927761116273e-02,1.486726127398143e-02,3.172081441529636e-02,8.998775945023380e-03,7.140025606856251e-03,3.090301651201275e-02,6.566411722971519e-02,2.492538255334509e-04,1.216049249351226e-01,6.971425326452960e-01,NaN,NaN,NaN,NaN,0,NaN,NaN,NaN,NaN,NaN,NaN,NaN,NaN,NaN,NaN,NaN,NaN,NaN,NaN,NaN,NaN,NaN,NaN,NaN,NaN,7.565016446580672e+01,4.747836393276948e+04,1.489294064265278e-07,2.106222529718593e-09,10,9.999999978937775e-01,9.999999934543700e-01,9.999999880938450e-01,9.999999741347227e-01,9.999999628744293e-01,9.999998994311748e-01,9.999998691877475e-01,9.999996812982049e-01,9.999986781275577e-01,9.999986781275557e-01,1.413240934444774e-04,3.873764067896816e-04,3.934225567089680e-04,5.952818262498526e-03,1.223122779090277e-02,1.719764550254555e-03,2.022323721204725e-13,5.731881264053014e-01,4.059688516690830e-01,1.708826481397453e-05,NaN,NaN,NaN,NaN,0,NaN,NaN,NaN,NaN,NaN,NaN,NaN,NaN,NaN,NaN,NaN,NaN,NaN,NaN,NaN,NaN,NaN,NaN,NaN,NaN,false
6,3.162000000000000e+04,0,2,CONTINUE,4.909245633127280e-04,4.913516094647478e-06,1.000000000000000e-09,7.850128897927784e-06,2.221358349968028e-14,7.565016079551708e+01,8.570199473591245e+04,9.899910550373101e-01,,,1.056737694564062e-02,1.600176813350532e-03,7.614906198327748e+00,3.284028394447650e-05,9.426713492721276e+03,REACHED_FORCE,REACHED_FORCE,,1,0,0,1,0,0,,,,8.906808637645786e-10,NaN,3.102062118402050e-12,NaN,,,5.049937455726605e-08,1.768393841677372e-10,,solution good enough for the tolerances given,solution good enough for the tolerances given,,5.049937455726605e-08,1.768393841677372e-10,,1.020029333534832e-14,8.906808637645786e-10,6.107703390842039e-15,3.102062118402050e-12,,,8.906808637645786e-10,3.102062118402050e-12,,4.935146064019769e-02,2.872135245764691e+00,2.022319172040657e-05,3.229976347378405e-05,3.440744253119707e+02,0.000000000000000e+00,7.565016079551708e+01,8.570199473591245e+04,2.904845052325767e-09,3.690177052817489e-10,10,9.999999996309823e-01,9.999999986476977e-01,9.999999967266451e-01,9.999999943613087e-01,9.999999918309221e-01,9.999999882587993e-01,9.999999681945502e-01,9.999998992087636e-01,9.999995819501266e-01,9.999995819501255e-01,2.190796553023770e-02,1.488089741092747e-02,3.166664904314680e-02,8.884638986507969e-03,7.096902252491273e-03,3.090194852756004e-02,6.566403633442906e-02,2.492543781695612e-04,5.304519274972435e-01,2.882957800392871e-01,NaN,NaN,NaN,NaN,0,NaN,NaN,NaN,NaN,NaN,NaN,NaN,NaN,NaN,NaN,NaN,NaN,NaN,NaN,NaN,NaN,NaN,NaN,NaN,NaN,7.565016115714727e+01,4.697537841471101e+04,3.565106412634219e-09,6.732367996420408e-10,10,9.999999993267632e-01,9.999999979085321e-01,9.999999962186925e-01,9.999999918198277e-01,9.999999882588240e-01,9.999999681945508e-01,9.999998993111702e-01,9.999998992087616e-01,9.999995819501279e-01,9.999995819501275e-01,1.441041002498412e-04,3.912867296710800e-04,3.875991186500802e-04,5.955957427002635e-03,1.223784282596182e-02,1.719954370859848e-03,8.548412979526882e-11,5.735310453505258e-01,6.857623277079173e-04,4.049464476638867e-01,NaN,NaN,NaN,NaN,0,NaN,NaN,NaN,NaN,NaN,NaN,NaN,NaN,NaN,NaN,NaN,NaN,NaN,NaN,NaN,NaN,NaN,NaN,NaN,NaN,false
6,1.000000000000000e+05,0,2,CONTINUE,4.909245633127280e-04,4.913480224133527e-06,1.000000000000000e-09,7.850128897927784e-06,2.221358349968028e-14,7.565017749002509e+01,8.213136764936701e+04,9.899911311445816e-01,,,1.056737633883757e-02,1.600176437094527e-03,7.614906198323554e+00,3.284028394447650e-05,9.426713492721276e+03,REACHED_FORCE,REACHED_FORCE,,1,0,0,1,0,0,,,,2.816333517574762e-10,NaN,9.807876254700782e-13,NaN,,,1.596790599848787e-08,5.591137365382265e-11,,solution good enough for the tolerances given,solution good enough for the tolerances given,,1.596790599848787e-08,5.591137365382265e-11,,3.484092932108229e-14,2.816333517574762e-10,2.369985406576995e-14,9.807876254700782e-13,,,2.816333517574762e-10,9.807876254700782e-13,,2.801664243005232e-02,2.872135245283790e+00,2.022319172040657e-05,3.229976347378405e-05,3.440744253119707e+02,0.000000000000000e+00,7.565017749002509e+01,8.213136764936701e+04,2.580330054632585e-09,1.217561607091966e-10,10,9.999999998782438e-01,9.999999995208440e-01,9.999999989292323e-01,9.999999981370129e-01,9.999999973986389e-01,9.999999962873580e-01,9.999999899431158e-01,9.999999681298064e-01,9.999998678126235e-01,9.999998678126211e-01,2.316885425397902e-02,1.541833288743017e-02,3.112867768572460e-02,8.069970737844720e-03,6.661017980361716e-03,3.089208092842344e-02,6.566404773210487e-02,2.492604412574695e-04,3.119579355282087e-01,5.067898218246650e-01,NaN,NaN,NaN,NaN,0,NaN,NaN,NaN,NaN,NaN,NaN,NaN,NaN,NaN,NaN,NaN,NaN,NaN,NaN,NaN,NaN,NaN,NaN,NaN,NaN,7.565017583804965e+01,4.697498262179767e+04,1.092892014625689e-09,2.128792697675408e-10,10,9.999999997871207e-01,9.999999993386708e-01,9.999999988043413e-01,9.999999974134273e-01,9.999999962874397e-01,9.999999899431162e-01,9.999999681596696e-01,9.999999681298051e-01,9.999998678126224e-01,9.999998678126182e-01,1.441333109761463e-04,3.913632621487201e-04,3.876582448930260e-04,5.957004254083824e-03,1.223997752967626e-02,1.720018519512663e-03,1.089996027251350e-10,5.736393953921010e-01,4.016761496909275e-01,3.844299686681502e-03,NaN,NaN,NaN,NaN,0,NaN,NaN,NaN,NaN,NaN,NaN,NaN,NaN,NaN,NaN,NaN,NaN,NaN,NaN,NaN,NaN,NaN,NaN,NaN,NaN,false
6,3.162000000000000e+05,0,2,CONTINUE,4.909245633127280e-04,4.913470241582648e-06,1.000000000000000e-09,7.850128897927784e-06,2.221358349968028e-14,7.565019685274986e+01,8.118332129580948e+04,9.899911531221085e-01,,,1.056737614698243e-02,1.600176321683568e-03,7.614906198320271e+00,3.284028394447650e-05,9.426713492721276e+03,REACHED_FORCE,REACHED_FORCE,,1,0,0,1,0,0,,,,8.906811246598825e-11,NaN,3.101710795257106e-13,NaN,,,5.049939032696111e-09,1.768175679530835e-11,,solution good enough for the tolerances given,solution good enough for the tolerances given,,5.049939032696111e-09,1.768175679530835e-11,,5.053940283415431e-14,8.906811246598825e-11,7.153359546346029e-14,3.101710795257106e-13,,,8.906811246598825e-11,3.101710795257106e-13,,1.580435243282480e-02,2.872135245131742e+00,2.022319172040657e-05,3.229976347378405e-05,3.440744253119707e+02,0.000000000000000e+00,7.565019685274986e+01,8.118332129580948e+04,9.588708996937259e-10,3.895572753265242e-11,10,9.999999999610443e-01,9.999999998430624e-01,9.999999996571580e-01,9.999999994001734e-01,9.999999991745081e-01,9.999999988258446e-01,9.999999968194540e-01,9.999999899208827e-01,9.999999581950187e-01,9.999999581950167e-01,2.351308894312487e-02,1.575133002108796e-02,3.089146820740958e-02,7.843298058485878e-03,6.451912426045338e-03,3.088775890127400e-02,6.566411776594655e-02,2.492706115588597e-04,5.340964128110152e-01,2.846513422540522e-01,NaN,NaN,NaN,NaN,0,NaN,NaN,NaN,NaN,NaN,NaN,NaN,NaN,NaN,NaN,NaN,NaN,NaN,NaN,NaN,NaN,NaN,NaN,NaN,NaN,7.565019484369292e+01,4.697613762493349e+04,1.001933669855727e-09,6.732259194563994e-11,10,9.999999999326774e-01,9.999999997908549e-01,9.999999996218694e-01,9.999999991819828e-01,9.999999988258805e-01,9.999999968194553e-01,9.999999900201046e-01,9.999999899208811e-01,9.999999581950167e-01,9.999999581950156e-01,1.441318418005188e-04,3.913850393580487e-04,3.876917315604072e-04,5.957313903604981e-03,1.224071109485752e-02,1.720113663997938e-03,1.059370809238973e-13,5.736733536338601e-01,3.937288419823165e-01,1.175645710853861e-02,NaN,NaN,NaN,NaN,0,NaN,NaN,NaN,NaN,NaN,NaN,NaN,NaN,NaN,NaN,NaN,NaN,NaN,NaN,NaN,NaN,NaN,NaN,NaN,NaN,false
6,1.000000000000000e+06,0,2,CONTINUE,4.909245633127280e-04,4.913476453594384e-06,1.000000000000000e-09,7.850128897927784e-06,2.221358349968028e-14,7.565021069782726e+01,7.537026805868732e+04,9.899911427757492e-01,,,1.056737608629201e-02,1.600176290172707e-03,7.614906198319054e+00,3.284028394447650e-05,9.426713492721276e+03,REACHED_FORCE,REACHED_FORCE,,1,0,0,1,0,0,,,,2.816333820887073e-11,NaN,2.921799838926043e-13,NaN,,,1.596790769200505e-09,5.590916171613087e-12,,solution good enough for the tolerances given,solution good enough for the tolerances given,,1.596790769200505e-09,5.590916171613087e-12,,2.084784945044356e-13,2.816333820887073e-11,2.921799838926043e-13,9.807518013021635e-14,,,2.816333820887073e-11,2.921799838926043e-13,,8.895810280272103e-03,2.872135245083652e+00,2.022319172040657e-05,3.229976347378405e-05,3.440744253119707e+02,0.000000000000000e+00,7.565021069782726e+01,7.537026805868732e+04,1.013988497582875e-09,1.326783127808540e-11,10,9.999999999867322e-01,9.999999999361806e-01,9.999999998772227e-01,9.999999997643847e-01,9.999999996848101e-01,9.999999996285636e-01,9.999999989943116e-01,9.999999968129705e-01,9.999999867812683e-01,9.999999867812663e-01,2.567466262301371e-02,2.099380018343356e-02,2.709269630850999e-02,9.722702081476124e-03,1.253541480633521e-03,3.060165366704005e-02,6.566407849249924e-02,2.492523947239440e-04,6.818121050849714e-01,1.369355076836985e-01,NaN,NaN,NaN,NaN,0,NaN,NaN,NaN,NaN,NaN,NaN,NaN,NaN,NaN,NaN,NaN,NaN,NaN,NaN,NaN,NaN,NaN,NaN,NaN,NaN,7.565023230060346e+01,4.692960586958299e+04,6.621382638025669e-11,2.130851051163063e-11,10,9.999999999786915e-01,9.999999999338103e-01,9.999999998803915e-01,9.999999997413429e-01,9.999999996287423e-01,9.999999989943122e-01,9.999999968130016e-01,9.999999968129702e-01,9.999999867812710e-01,9.999999867812701e-01,1.443828362282417e-04,3.917591883595714e-04,3.872717059779084e-04,5.957176719401278e-03,1.224087447201823e-02,1.720101265134886e-03,8.396393870562916e-05,5.736008617581061e-01,5.556650669354606e-02,3.499071014225222e-01,NaN,NaN,NaN,NaN,0,NaN,NaN,NaN,NaN,NaN,NaN,NaN,NaN,NaN,NaN,NaN,NaN,NaN,NaN,NaN,NaN,NaN,NaN,NaN,NaN,false
6,3.162000000000000e+06,0,2,CONTINUE,4.909245633127280e-04,4.913482384844074e-06,1.000000000000000e-09,7.850128897927784e-06,2.221358349968028e-14,7.565031100097073e+01,7.207572021633753e+04,9.899911252573411e-01,,,1.056737606713165e-02,1.600176265892747e-03,7.614906198311890e+00,3.284028394447650e-05,9.426713492721276e+03,REACHED_FORCE,REACHED_FORCE,,1,0,0,1,0,0,,,,8.906811652236137e-12,NaN,6.856211524355115e-13,NaN,,,5.049939185165888e-10,1.768152189498912e-12,,solution good enough for the tolerances given,solution good enough for the tolerances given,,5.049939185165888e-10,1.768152189498912e-12,,6.072069887770503e-13,8.906811652236137e-12,6.856211524355115e-13,3.101669573557831e-14,,,8.906811652236137e-12,6.856211524355115e-13,,5.004264125702555e-03,2.872135245068447e+00,2.022319172040657e-05,3.229976347378405e-05,3.440744253119707e+02,0.000000000000000e+00,7.565031100097073e+01,7.207572021633753e+04,1.534042501505486e-09,4.387823437923544e-12,10,9.999999999956122e-01,9.999999999769702e-01,9.999999999575180e-01,9.999999999214282e-01,9.999999998826106e-01,9.999999996819438e-01,9.999999992141488e-01,9.999999989920743e-01,9.999999958195107e-01,9.999999958195078e-01,2.686687172435887e-02,2.576021294472277e-02,2.255870510154930e-02,9.163508153345967e-03,3.099186107979153e-02,6.566150356583331e-02,7.337746845226671e-15,2.494215492013344e-04,1.199286879788686e-01,6.988192279023211e-01,NaN,NaN,NaN,NaN,0,NaN,NaN,NaN,NaN,NaN,NaN,NaN,NaN,NaN,NaN,NaN,NaN,NaN,NaN,NaN,NaN,NaN,NaN,NaN,NaN,7.565024671101247e+01,4.633037236326762e+04,5.167989463144276e-11,6.826095244605312e-12,10,9.999999999931739e-01,9.999999999788041e-01,9.999999999619744e-01,9.999999999181959e-01,9.999999998825855e-01,9.999999996819433e-01,9.999999989920745e-01,9.999999989920734e-01,9.999999958195074e-01,9.999999958195043e-01,1.477196419115354e-04,3.963587508845619e-04,3.798831528395883e-04,5.956440728842214e-03,1.224218691732945e-02,1.720464345423528e-03,2.339136967570961e-01,3.397703954452306e-01,4.040474672070923e-01,1.425387053350213e-03,NaN,NaN,NaN,NaN,0,NaN,NaN,NaN,NaN,NaN,NaN,NaN,NaN,NaN,NaN,NaN,NaN,NaN,NaN,NaN,NaN,NaN,NaN,NaN,NaN,false
6,1.000000000000000e+07,0,2,CONTINUE,4.909245633127280e-04,4.913506712919715e-06,1.000000000000000e-09,7.850128897927784e-06,2.221358349968028e-14,7.565064873875835e+01,6.776406300577565e+04,9.899910794790139e-01,,,1.056737606136209e-02,1.600176282184631e-03,7.614906198285316e+00,3.284028394447650e-05,9.426713492721276e+03,REACHED_FORCE,REACHED_FORCE,,1,0,0,1,0,0,,,,3.194620301414382e-12,NaN,2.429798529856991e-12,NaN,,,1.596790797985136e-10,5.590908885162346e-13,,solution good enough for the tolerances given,solution good enough for the tolerances given,,1.596790797985136e-10,5.590908885162346e-13,,3.194620301414382e-12,2.816334026118279e-12,2.429798529856991e-12,9.807515161826687e-15,,,3.194620301414382e-12,2.429798529856991e-12,,2.814259200690362e-03,2.872135245063637e+00,2.022319172040657e-05,3.229976347378405e-05,3.440744253119707e+02,0.000000000000000e+00,7.565064873875835e+01,6.776406300577565e+04,5.036033397360309e-10,1.475708444331758e-12,10,9.999999999985243e-01,9.999999999915823e-01,9.999999999841869e-01,9.999999999737876e-01,9.999999999628606e-01,9.999999998994302e-01,9.999999996812896e-01,9.999999992566888e-01,9.999999986781363e-01,9.999999986781343e-01,2.842849970572974e-02,3.272966264929839e-02,1.614516268782027e-02,7.289629864670252e-03,3.074993640028678e-02,6.566030253771388e-02,2.498104880573668e-04,7.336829587310979e-38,3.023457737552465e-01,5.164012219111767e-01,NaN,NaN,NaN,NaN,0,NaN,NaN,NaN,NaN,NaN,NaN,NaN,NaN,NaN,NaN,NaN,NaN,NaN,NaN,NaN,NaN,NaN,NaN,NaN,NaN,7.565090289278491e+01,3.465107045747095e+04,1.637027130988067e-10,2.885913730210632e-12,10,9.999999999971141e-01,9.999999999905160e-01,9.999999999744082e-01,9.999999999706934e-01,9.999999999628648e-01,9.999999998994313e-01,9.999999996812921e-01,9.999999996812918e-01,9.999999986781396e-01,9.999999986781387e-01,2.470888644992338e-04,6.282532965259061e-04,5.598862073924933e-03,4.534339612469603e-04,1.219790331917526e-02,1.721988850687977e-03,3.849811892392400e-04,5.732914394100926e-01,2.899386281200343e-01,1.155374209145736e-01,NaN,NaN,NaN,NaN,0,NaN,NaN,NaN,NaN,NaN,NaN,NaN,NaN,NaN,NaN,NaN,NaN,NaN,NaN,NaN,NaN,NaN,NaN,NaN,NaN,false
6,3.162000000000000e+07,0,2,CONTINUE,4.909245633127280e-04,4.913328686093540e-06,1.000000000000000e-09,7.850128897927784e-06,2.221358349968028e-14,7.564943936235045e+01,-9.999999999995164e-01,9.899914431863368e-01,,,1.056737605926698e-02,1.600176461782785e-03,7.614906198535810e+00,3.284028394447650e-05,9.426713492721276e+03,REACHED_FORCE,REACHED_FORCE,,1,0,0,1,0,0,,,,7.299279511116719e-12,NaN,6.229418934287241e-12,NaN,,,5.049939773035601e-11,1.768146525936813e-13,,solution good enough for the tolerances given,solution good enough for the tolerances given,,5.049939773035601e-11,1.768146525936813e-13,,7.299279511116719e-12,8.906814557165144e-13,6.229418934287241e-12,3.101686680727522e-15,,,7.299279511116719e-12,6.229418934287241e-12,,1.582693218201081e-03,2.872135245062117e+00,2.022319172040657e-05,3.229976347378405e-05,3.440744253119707e+02,0.000000000000000e+00,7.564943936235045e+01,-9.999999999995164e-01,2.461552488346016e-11,4.836131495267182e-13,10,9.999999999995164e-01,9.999999999971576e-01,9.999999999942231e-01,9.999999999907949e-01,9.999999999882365e-01,9.999999999681906e-01,9.999999998991984e-01,9.999999995828412e-01,9.999999995819504e-01,9.999999995819460e-01,2.923628065978942e-02,3.622978046709101e-02,1.461479187917471e-02,5.135516390430675e-03,3.007425258001556e-02,6.572394850843433e-02,2.500720714893130e-04,1.216668562487166e-11,1.009570843360491e-01,7.177782730953592e-01,NaN,NaN,NaN,NaN,0,NaN,NaN,NaN,NaN,NaN,NaN,NaN,NaN,NaN,NaN,NaN,NaN,NaN,NaN,NaN,NaN,NaN,NaN,NaN,NaN,7.564972062571900e+01,-9.999999999990306e-01,7.266354917428779e-11,9.694467451026867e-13,10,9.999999999990306e-01,9.999999999968769e-01,9.999999999918336e-01,9.999999999882585e-01,9.999999999681914e-01,9.999999998992206e-01,9.999999998991993e-01,9.999999995950606e-01,9.999999995819475e-01,9.999999995819475e-01,2.712037398056217e-04,6.267570488209856e-04,5.961241614380325e-03,1.226175492242715e-02,1.726844132217678e-03,6.711116099322868e-05,5.735954390157473e-01,1.327217746929378e-17,6.894407109286574e-09,4.054896414712016e-01,NaN,NaN,NaN,NaN,0,NaN,NaN,NaN,NaN,NaN,NaN,NaN,NaN,NaN,NaN,NaN,NaN,NaN,NaN,NaN,NaN,NaN,NaN,NaN,NaN,false
6,1.000000000000000e+08,0,2,CONTINUE,4.909245633127280e-04,4.913963847726473e-06,1.000000000000000e-09,7.850128897927784e-06,2.221358349968028e-14,7.564282172094519e+01,-9.999999999998384e-01,9.899902959313912e-01,,,1.056737605338877e-02,1.600176581120879e-03,7.614906197485567e+00,3.284028394447650e-05,9.426713492721276e+03,REACHED_FORCE,REACHED_FORCE,,1,0,0,1,0,0,,,,2.255194295498237e-11,NaN,2.864305100192204e-11,NaN,,,1.596791125655580e-11,5.590774617960303e-14,,solution good enough for the tolerances given,solution good enough for the tolerances given,,1.596791125655580e-11,5.590774617960303e-14,,2.255194295498237e-11,2.816333694941020e-13,2.864305100192204e-11,9.807266230575411e-16,,,2.255194295498237e-11,2.864305100192204e-11,,8.899835290798735e-04,2.872135245061636e+00,2.022319172040657e-05,3.229976347378405e-05,3.440744253119707e+02,0.000000000000000e+00,7.564282172094519e+01,-9.999999999998384e-01,1.144672503537510e-11,1.616484723854228e-13,10,9.999999999998384e-01,9.999999999990350e-01,9.999999999978495e-01,9.999999999962981e-01,9.999999999929965e-01,9.999999999899449e-01,9.999999999681353e-01,9.999999998678657e-01,9.999999998678020e-01,9.999999998677997e-01,3.038469487423448e-02,3.910719518532869e-02,1.393544533154993e-02,3.188776404897811e-02,1.929760680647784e-06,6.572289217042789e-02,2.533416249908893e-04,8.356688515826049e-08,7.341444453042674e-01,8.456220813265682e-02,NaN,NaN,NaN,NaN,0,NaN,NaN,NaN,NaN,NaN,NaN,NaN,NaN,NaN,NaN,NaN,NaN,NaN,NaN,NaN,NaN,NaN,NaN,NaN,NaN,7.564523575353212e+01,-9.999999999996940e-01,4.273218600893191e-12,3.059774655866931e-13,10,9.999999999996940e-01,9.999999999990119e-01,9.999999999974181e-01,9.999999999962856e-01,9.999999999899432e-01,9.999999999681377e-01,9.999999999681375e-01,9.999999998679394e-01,9.999999998678051e-01,9.999999998678040e-01,2.685368935935850e-04,6.491804589872122e-04,5.918996491237729e-03,1.229682633352355e-02,1.741173380413254e-03,5.435300590621639e-01,3.002983953331216e-02,1.937294964105260e-10,4.385708812062256e-02,3.617082995324181e-01,NaN,NaN,NaN,NaN,0,NaN,NaN,NaN,NaN,NaN,NaN,NaN,NaN,NaN,NaN,NaN,NaN,NaN,NaN,NaN,NaN,NaN,NaN,NaN,NaN,false
6,3.162000000000000e+08,0,2,CONTINUE,4.909245633127280e-04,4.922166354422407e-06,1.000000000000000e-09,7.850128897927784e-06,2.221358349968028e-14,7.561241125790204e+01,-9.999999999999480e-01,9.899724507426847e-01,,,1.056737605171104e-02,1.600174791431169e-03,7.614906192730316e+00,3.284028394447650e-05,9.426713492721276e+03,REACHED_FORCE,REACHED_FORCE,,1,0,0,1,0,0,,,,1.722998076011583e-10,NaN,1.610769223091718e-10,NaN,,,5.049935628952362e-12,1.768019953887387e-14,,solution good enough for the tolerances given,solution good enough for the tolerances given,,5.049935628952362e-12,1.768019953887387e-14,,1.722998076011583e-10,8.906825254629268e-14,1.610769223091718e-10,3.101716289290449e-16,,,1.722998076011583e-10,1.610769223091718e-10,,5.004980552645087e-04,2.872135245061484e+00,2.022319172040657e-05,3.229976347378405e-05,3.440744253119707e+02,0.000000000000000e+00,7.561241125790204e+01,-9.999999999999480e-01,1.864174776529881e-11,5.195843755245733e-14,10,9.999999999999480e-01,9.999999999996900e-01,9.999999999993039e-01,9.999999999988298e-01,9.999999999968181e-01,9.999999999911449e-01,9.999999999899165e-01,9.999999999862974e-01,9.999999999581741e-01,9.999999999581741e-01,3.093149209759913e-02,4.033169000227617e-02,1.226176741627167e-02,3.179635095746085e-02,6.588230022491424e-02,1.903658754264316e-10,2.696978079907952e-04,1.806202711438974e-09,9.157333652958402e-05,8.184351261603888e-01,NaN,NaN,NaN,NaN,0,NaN,NaN,NaN,NaN,NaN,NaN,NaN,NaN,NaN,NaN,NaN,NaN,NaN,NaN,NaN,NaN,NaN,NaN,NaN,NaN,7.561481979505976e+01,-9.999999999999010e-01,1.487081588671422e-13,9.903189379656396e-14,10,9.999999999999010e-01,9.999999999996863e-01,9.999999999991835e-01,9.999999999988256e-01,9.999999999968185e-01,9.999999999899165e-01,9.999999999899163e-01,9.999999999581808e-01,9.999999999581768e-01,9.999999999581755e-01,2.737977383017888e-04,6.356568925047973e-04,5.960267727996071e-03,1.233144345206657e-02,1.786412025436074e-03,3.911199653384644e-02,5.340218615557485e-01,2.801171806860998e-02,2.163152335280717e-01,1.615516124774179e-01,NaN,NaN,NaN,NaN,0,NaN,NaN,NaN,NaN,NaN,NaN,NaN,NaN,NaN,NaN,NaN,NaN,NaN,NaN,NaN,NaN,NaN,NaN,NaN,NaN,false
6,1.000000000000000e+09,0,2,CONTINUE,4.909245633127280e-04,4.949113023880022e-06,1.000000000000000e-09,7.850128897927784e-06,2.221358349968028e-14,7.571365501010413e+01,-9.999999999999838e-01,9.899182413365454e-01,,,1.056737598060339e-02,1.600182213884289e-03,7.614906174392820e+00,3.284028394447650e-05,9.426713492721276e+03,REACHED_FORCE,REACHED_FORCE,,1,0,0,1,0,0,,,,4.943049378652587e-10,NaN,3.626514226966498e-10,NaN,,,1.596796866131050e-12,5.590066710333595e-15,,solution good enough for the tolerances given,solution good enough for the tolerances given,,1.596796866131050e-12,5.590066710333595e-15,,4.943049378652587e-10,2.816345944113164e-14,3.626514226966498e-10,9.805698073353723e-17,,,4.943049378652587e-10,3.626514226966498e-10,,2.814386607489744e-04,2.872135245061436e+00,2.022319172040657e-05,3.229976347378405e-05,3.440744253119707e+02,0.000000000000000e+00,7.571365501010413e+01,-9.999999999999838e-01,4.220428560303242e-13,1.620925615952729e-14,10,9.999999999999838e-01,9.999999999999001e-01,9.999999999997717e-01,9.999999999996294e-01,9.999999999989966e-01,9.999999999968827e-01,9.999999999968143e-01,9.999999999867943e-01,9.999999999867930e-01,9.999999999867923e-01,3.152791988239955e-02,4.157792517995926e-02,1.072999451021849e-02,3.159294914590002e-02,6.580620275394819e-02,4.921437480042215e-12,2.699280645224213e-04,1.376316678603101e-02,7.518642105638600e-01,5.286770310823950e-02,NaN,NaN,NaN,NaN,0,NaN,NaN,NaN,NaN,NaN,NaN,NaN,NaN,NaN,NaN,NaN,NaN,NaN,NaN,NaN,NaN,NaN,NaN,NaN,NaN,7.572765931817230e+01,-9.999999999999676e-01,1.020134062667401e-13,3.241851231905457e-14,10,9.999999999999676e-01,9.999999999998979e-01,9.999999999997411e-01,9.999999999996287e-01,9.999999999989932e-01,9.999999999968143e-01,9.999999999968134e-01,9.999999999868012e-01,9.999999999867968e-01,9.999999999867948e-01,3.113255878558796e-04,6.700234605492402e-04,6.919455766819964e-03,1.143416739267344e-02,1.984507640628720e-03,8.745043495683568e-03,5.643221874730403e-01,3.404093682763411e-04,2.846168089174296e-02,3.768111989227292e-01,NaN,NaN,NaN,NaN,0,NaN,NaN,NaN,NaN,NaN,NaN,NaN,NaN,NaN,NaN,NaN,NaN,NaN,NaN,NaN,NaN,NaN,NaN,NaN,NaN,false
6,3.162000000000000e+09,0,2,CONTINUE,4.909245633127280e-04,5.061150402191748e-06,1.000000000000000e-09,7.850128897927784e-06,2.221358349968028e-14,7.616515011740007e+01,-9.999999999999907e-01,9.896905879212156e-01,,,1.056737606308578e-02,1.600181363342801e-03,7.614906106309970e+00,3.284028394447650e-05,9.426713492721276e+03,REACHED_FORCE,REACHED_FORCE,,1,0,0,1,0,0,,,,7.595927225273142e-10,NaN,8.356502084717980e-10,NaN,,,5.049980622017990e-13,1.765929540256091e-15,,solution good enough for the tolerances given,solution good enough for the tolerances given,,5.049980622017990e-13,1.765929540256091e-15,,7.595927225273142e-10,8.907038162128983e-15,8.356502084717980e-10,3.097055682163053e-17,,,7.595927225273142e-10,8.356502084717980e-10,,1.582715812155236e-04,2.872135245061421e+00,2.022319172040657e-05,3.229976347378405e-05,3.440744253119707e+02,0.000000000000000e+00,7.616515011740007e+01,-9.999999999999907e-01,2.527778275190691e-13,9.325873406851315e-15,10,9.999999999999907e-01,9.999999999999682e-01,9.999999999999010e-01,9.999999999998779e-01,9.999999999996811e-01,9.999999999990536e-01,9.999999999989932e-01,9.999999999958498e-01,9.999999999958480e-01,9.999999999958478e-01,1.001995130863159e-02,6.678898222000816e-02,1.633252086511378e-02,2.072622338986624e-02,6.749705434365338e-02,8.063828518811721e-11,4.459116059215792e-04,2.949231896267643e-02,3.835295505523469e-02,7.503440821682557e-01,NaN,NaN,NaN,NaN,0,NaN,NaN,NaN,NaN,NaN,NaN,NaN,NaN,NaN,NaN,NaN,NaN,NaN,NaN,NaN,NaN,NaN,NaN,NaN,NaN,7.616107733251597e+01,-9.999999999999847e-01,3.944076422201549e-13,1.532107773982716e-14,10,9.999999999999847e-01,9.999999999999249e-01,9.999999999998832e-01,9.999999999997680e-01,9.999999999996809e-01,9.999999999989972e-01,9.999999999989932e-01,9.999999999958482e-01,9.999999999958482e-01,9.999999999958475e-01,5.510652111046042e-04,3.384046198279802e-03,1.458130275573508e-02,2.831448883022934e-05,2.506161410656755e-03,1.018050283495534e-01,4.694099731385072e-01,4.221231712714515e-02,3.603119894375631e-01,5.209801882624859e-03,NaN,NaN,NaN,NaN,0,NaN,NaN,NaN,NaN,NaN,NaN,NaN,NaN,NaN,NaN,NaN,NaN,NaN,NaN,NaN,NaN,NaN,NaN,NaN,NaN,false
6,1.000000000000000e+10,0,2,CONTINUE,4.909245633127280e-04,5.203920416116561e-06,1.000000000000000e-09,7.850128897927784e-06,2.221358349968028e-14,7.593322588711119e+01,-9.999999999999940e-01,9.894042273335386e-01,,,1.056737505349980e-02,1.600195801410159e-03,7.614906034716094e+00,3.284028394447650e-05,9.426713492721276e+03,REACHED_FORCE,REACHED_FORCE,,1,0,0,1,0,0,,,,2.312425867687862e-09,NaN,2.118021393553623e-09,NaN,,,1.596825322062365e-13,5.551646616672276e-16,,solution good enough for the tolerances given,solution good enough for the tolerances given,,1.596825322062365e-13,5.551646616672276e-16,,2.312425867687862e-09,2.816407080312541e-15,2.118021393553623e-09,9.665550875499308e-18,,,2.312425867687862e-09,2.118021393553623e-09,,8.899874751992986e-05,2.872135245061416e+00,2.022319172040657e-05,3.229976347378405e-05,3.440744253119707e+02,0.000000000000000e+00,7.593322588711119e+01,-9.999999999999940e-01,1.486314292989259e-13,5.995204332975845e-15,10,9.999999999999940e-01,9.999999999999860e-01,9.999999999999671e-01,9.999999999999618e-01,9.999999999999039e-01,9.999999999996863e-01,9.999999999996831e-01,9.999999999986879e-01,9.999999999986857e-01,9.999999999986831e-01,5.440534898456196e-02,1.425990122550447e-108,3.936639357472684e-02,1.278738670548194e-136,8.861047529178151e-02,7.011378814360345e-04,6.464013639382141e-110,8.159859421179663e-01,8.672731741971241e-04,6.342897532998623e-05,NaN,NaN,NaN,NaN,0,NaN,NaN,NaN,NaN,NaN,NaN,NaN,NaN,NaN,NaN,NaN,NaN,NaN,NaN,NaN,NaN,NaN,NaN,NaN,NaN,7.616437725967501e+01,-9.999999999999920e-01,1.558633495375059e-13,7.993605777301127e-15,10,9.999999999999920e-01,9.999999999999785e-01,9.999999999999667e-01,9.999999999999030e-01,9.999999999998253e-01,9.999999999996849e-01,9.999999999996847e-01,9.999999999986904e-01,9.999999999986877e-01,9.999999999986871e-01,2.135665871970376e-07,5.192276987086249e-06,2.194314804050191e-02,2.403356352112473e-03,2.153661166832660e-08,5.467545506679629e-01,1.887080952650922e-02,1.924210884021751e-04,8.134515893152899e-03,4.016957710511724e-01,NaN,NaN,NaN,NaN,0,NaN,NaN,NaN,NaN,NaN,NaN,NaN,NaN,NaN,NaN,NaN,NaN,NaN,NaN,NaN,NaN,NaN,NaN,NaN,NaN,false
6,3.162000000000000e+10,0,2,CONTINUE,4.909245633127280e-04,5.553761869732141e-06,1.000000000000000e-09,7.850128897927784e-06,2.221358349968028e-14,8.402880868441058e+01,-9.999999999999976e-01,9.886596843286809e-01,,,1.056737788587271e-02,1.600276155126306e-03,7.614905620726925e+00,3.284028394447650e-05,9.426713492721276e+03,REACHED_FORCE,REACHED_FORCE,,1,0,0,1,0,0,,,,1.356739446050470e-08,NaN,6.743892105088515e-09,NaN,,,5.050494626814510e-14,1.747056156265788e-16,,solution good enough for the tolerances given,solution good enough for the tolerances given,,5.050494626814510e-14,1.747056156265788e-16,,1.356739446050470e-08,8.907445554022588e-16,6.743892105088515e-09,3.004720830368516e-18,,,1.356739446050470e-08,6.743892105088515e-09,,5.004985747205425e-05,2.872135245061414e+00,2.022319172040657e-05,3.229976347378405e-05,3.440744253119707e+02,0.000000000000000e+00,8.402880868441058e+01,-9.999999999999976e-01,2.848564542763805e-14,2.442490654175344e-15,10,9.999999999999976e-01,9.999999999999960e-01,9.999999999999925e-01,9.999999999999893e-01,9.999999999999742e-01,9.999999999999030e-01,9.999999999999019e-01,9.999999999996247e-01,9.999999999996239e-01,9.999999999996236e-01,9.782163703682341e-02,4.193237426399329e-162,3.155215854997531e-192,1.222479262784779e-108,8.280735193105601e-02,3.349120286464732e-163,6.551919711964996e-03,3.762087120301637e-01,4.366103792899918e-01,5.618327752557845e-163,NaN,NaN,NaN,NaN,0,NaN,NaN,NaN,NaN,NaN,NaN,NaN,NaN,NaN,NaN,NaN,NaN,NaN,NaN,NaN,NaN,NaN,NaN,NaN,NaN,8.407841246757731e+01,-9.999999999999947e-01,4.598153011686110e-14,5.329070518200751e-15,10,9.999999999999947e-01,9.999999999999909e-01,9.999999999999896e-01,9.999999999999807e-01,9.999999999999605e-01,9.999999999999030e-01,9.999999999999019e-01,9.999999999996254e-01,9.999999999996241e-01,9.999999999996239e-01,8.699671854111083e-189,2.623983326074798e-81,4.808796235996690e-02,3.031146250865120e-82,4.435054951676641e-190,3.929770653303391e-83,5.279684997442583e-01,3.517957730739089e-82,1.196595072819151e-189,4.239435378957746e-01,NaN,NaN,NaN,NaN,0,NaN,NaN,NaN,NaN,NaN,NaN,NaN,NaN,NaN,NaN,NaN,NaN,NaN,NaN,NaN,NaN,NaN,NaN,NaN,NaN,false
6,1.000000000000000e+11,0,2,CONTINUE,4.909245633127280e-04,8.105347957083649e-06,1.000000000000000e-09,7.850128897927784e-06,2.221358349968028e-14,8.953478384433386e+01,-1.000000000000002e+00,9.835125256366340e-01,,,1.056737204398915e-02,1.600698797496182e-03,7.614903957398267e+00,3.284028394447650e-05,9.426713492721276e+03,REACHED_FORCE,REACHED_FORCE,,1,0,0,1,0,0,,,,2.925445097241143e-08,NaN,2.607743552107979e-08,NaN,,,1.597488009067986e-14,5.287912571885408e-17,,solution good enough for the tolerances given,solution good enough for the tolerances given,,1.597488009067986e-14,5.287912571885408e-17,,2.925445097241143e-08,2.817463119056937e-16,2.607743552107979e-08,8.772907533922676e-19,,,2.925445097241143e-08,2.607743552107979e-08,,2.814384442829302e-05,2.872135245061414e+00,2.022319172040657e-05,3.229976347378405e-05,3.440744253119707e+02,0.000000000000000e+00,8.953478384433386e+01,-1.000000000000002e+00,5.384036674475577e-14,-1.776356839400250e-15,10,1.000000000000002e+00,1.000000000000002e+00,1.000000000000000e+00,9.999999999999967e-01,9.999999999999762e-01,9.999999999999751e-01,9.999999999999309e-01,9.999999999998892e-01,9.999999999998888e-01,9.999999999998883e-01,2.712894346898125e-138,7.345019374025168e-140,2.756974454744999e-56,2.305902861290944e-01,7.070437186806956e-56,5.262505836711832e-140,1.678229158827074e-248,6.461863593449510e-58,7.694097138709053e-01,6.144185160664171e-140,NaN,NaN,NaN,NaN,0,NaN,NaN,NaN,NaN,NaN,NaN,NaN,NaN,NaN,NaN,NaN,NaN,NaN,NaN,NaN,NaN,NaN,NaN,NaN,NaN,9.061568666740440e+01,-9.999999999999991e-01,2.712491713986908e-14,8.881784197001252e-16,10,9.999999999999991e-01,9.999999999999982e-01,9.999999999999964e-01,9.999999999999951e-01,9.999999999999789e-01,9.999999999999742e-01,9.999999999998994e-01,9.999999999998930e-01,9.999999999998903e-01,9.999999999998896e-01,1.232426855944472e-01,2.056181040264469e-221,1.243856795973701e-83,8.831920730771367e-87,3.578762185670371e-88,4.487609575311036e-01,3.214478468360991e-223,4.778548280229342e-86,4.530447087068853e-85,4.279963568744493e-01,NaN,NaN,NaN,NaN,0,NaN,NaN,NaN,NaN,NaN,NaN,NaN,NaN,NaN,NaN,NaN,NaN,NaN,NaN,NaN,NaN,NaN,NaN,NaN,NaN,false
6,3.162000000000000e+11,0,2,CONTINUE,4.909245633127280e-04,8.752567440271718e-06,1.000000000000000e-09,7.850128897927784e-06,2.221358349968028e-14,7.782996214214413e+01,-9.999999999999998e-01,9.822489787834859e-01,,,1.056677449286345e-02,1.604562112893561e-03,7.614903743097384e+00,3.284028394447650e-05,9.426713492721276e+03,REACHED_FORCE,REACHED_FORCE,,1,0,0,1,0,0,,,,1.349467500233923e-07,NaN,8.471690766595955e-08,NaN,,,5.064830313428501e-15,1.890930018363465e-17,,solution good enough for the tolerances given,solution good enough for the tolerances given,,5.064830313428501e-15,1.890930018363465e-17,,1.349467500233923e-07,8.938934809002163e-17,8.471690766595955e-08,2.993754695951113e-19,,,1.349467500233923e-07,8.471690766595955e-08,,1.582711482709830e-05,2.872135245061414e+00,2.022319172040657e-05,3.229976347378405e-05,3.440744253119707e+02,0.000000000000000e+00,7.782996214214413e+01,-9.999999999999998e-01,1.480875914396169e-14,2.220446049250313e-16,10,9.999999999999998e-01,9.999999999999987e-01,9.999999999999971e-01,9.999999999999953e-01,9.999999999999947e-01,9.999999999999918e-01,9.999999999999645e-01,9.999999999999643e-01,9.999999999999634e-01,9.999999999999594e-01,2.186555687013328e-114,3.707672862103991e-170,3.440070341920394e-01,5.594374622919016e-57,1.500819027926185e-225,1.205919914050838e-85,1.193873018105361e-113,3.255199253966646e-226,6.559929658079605e-01,5.656067265839040e-170,NaN,NaN,NaN,NaN,0,NaN,NaN,NaN,NaN,NaN,NaN,NaN,NaN,NaN,NaN,NaN,NaN,NaN,NaN,NaN,NaN,NaN,NaN,NaN,NaN,7.418168266673098e+01,-1.000000000000002e+00,1.870223406952680e-14,-2.220446049250313e-15,10,1.000000000000002e+00,1.000000000000002e+00,9.999999999999982e-01,9.999999999999982e-01,9.999999999999962e-01,9.999999999999944e-01,9.999999999999625e-01,9.999999999999603e-01,9.999999999999576e-01,9.999999999999574e-01,4.569287386609041e-196,1.049541717754615e-140,3.933416568767134e-85,4.846360190204182e-01,2.439925909569725e-251,1.898948090483118e-56,5.153639809795821e-01,1.591808524079708e-84,1.137602268719658e-140,2.119769413239757e-196,NaN,NaN,NaN,NaN,0,NaN,NaN,NaN,NaN,NaN,NaN,NaN,NaN,NaN,NaN,NaN,NaN,NaN,NaN,NaN,NaN,NaN,NaN,NaN,NaN,false
6,1.000000000000000e+12,0,2,CONTINUE,4.909245633127280e-04,3.215962657947764e-05,1.000000000000000e-09,7.850128897927784e-06,2.221358349968028e-14,8.497357787491401e+01,-1.000000000000036e+00,9.328432907237536e-01,,,1.056675160167807e-02,1.606472535529246e-03,7.614891527368279e+00,3.284028394447650e-05,9.426713492721276e+03,REACHED_FORCE,REACHED_FORCE,,1,0,0,1,0,0,,,,1.862309714305082e-07,NaN,2.386235330134546e-07,NaN,,,1.603806081217565e-15,6.930750094217168e-18,,solution good enough for the tolerances given,solution good enough for the tolerances given,,1.603806081217565e-15,6.930750094217168e-18,,1.862309714305082e-07,2.839406354026161e-17,2.386235330134546e-07,1.579123356106082e-19,,,1.862309714305082e-07,2.386235330134546e-07,,8.899829531905617e-06,2.872135245061414e+00,2.022319172040657e-05,3.229976347378405e-05,3.440744253119707e+02,0.000000000000000e+00,8.497357787491401e+01,-1.000000000000036e+00,2.056793761355142e-14,-3.641531520770513e-14,10,1.000000000000036e+00,1.000000000000036e+00,1.000000000000036e+00,1.000000000000005e+00,1.000000000000001e+00,1.000000000000000e+00,9.999999999999998e-01,9.999999999999991e-01,9.999999999999982e-01,9.999999999999882e-01,3.704876192538117e-170,4.625348799135949e-58,8.239453812127027e-01,1.667023043342188e-253,3.616046535597647e-57,1.157676738462686e-169,7.302781314195950e-141,3.265346865068936e-225,1.760546187872970e-01,4.020353731939245e-57,NaN,NaN,NaN,NaN,0,NaN,NaN,NaN,NaN,NaN,NaN,NaN,NaN,NaN,NaN,NaN,NaN,NaN,NaN,NaN,NaN,NaN,NaN,NaN,NaN,1.185157796676436e+02,-1.000000000000038e+00,1.002983030804757e-14,-3.819167204710538e-14,10,1.000000000000038e+00,1.000000000000037e+00,1.000000000000035e+00,1.000000000000003e+00,9.999999999999991e-01,9.999999999999991e-01,9.999999999999960e-01,9.999999999999960e-01,9.999999999999936e-01,9.999999999999916e-01,3.815748348591679e-170,6.900047449839453e-02,7.196141738463145e-113,7.053369644240989e-85,1.420497449065209e-252,1.144744272099235e-113,4.135635586003905e-169,1.255159476493374e-01,1.735560875152225e-172,8.054835778522677e-01,NaN,NaN,NaN,NaN,0,NaN,NaN,NaN,NaN,NaN,NaN,NaN,NaN,NaN,NaN,NaN,NaN,NaN,NaN,NaN,NaN,NaN,NaN,NaN,NaN,false
6,3.162000000000000e+12,0,2,CONTINUE,4.909245633127280e-04,5.883210836901334e-05,1.000000000000000e-09,7.850128897927784e-06,2.221358349968028e-14,9.432372895372501e+00,-1.000000000000004e+00,8.816136131338976e-01,,,1.052925647183057e-02,1.629174155286696e-03,7.614880059585450e+00,3.284028394447650e-05,9.426713492721276e+03,REACHED_FORCE,REACHED_FORCE,,1,0,0,1,0,0,,,,9.465835296266293e-07,NaN,5.669207141878911e-07,NaN,,,5.159620679897236e-16,8.293413391509848e-18,,solution good enough for the tolerances given,solution good enough for the tolerances given,,5.159620679897236e-16,8.293413391509848e-18,,9.465835296266293e-07,9.169881599832677e-18,5.669207141878911e-07,2.171294614645862e-19,,,9.465835296266293e-07,5.669207141878911e-07,,5.005034146314015e-06,2.872135245061414e+00,2.022319172040657e-05,3.229976347378405e-05,3.440744253119707e+02,0.000000000000000e+00,9.432372895372501e+00,-1.000000000000004e+00,6.527606605093961e-15,-3.552713678800501e-15,10,1.000000000000004e+00,1.000000000000003e+00,1.000000000000001e+00,9.999999999999998e-01,9.999999999999987e-01,9.999999999999944e-01,9.999999999999707e-01,9.999999999999700e-01,9.999999999999671e-01,9.999999999999665e-01,6.458577199323240e-197,2.307902226069231e-141,4.421585087361809e-01,1.170846801923553e-252,2.217634291440228e-85,5.530068692616528e-57,1.375638068164749e-197,5.578414912638191e-01,1.465425384117910e-141,8.579548413293508e-58,NaN,NaN,NaN,NaN,0,NaN,NaN,NaN,NaN,NaN,NaN,NaN,NaN,NaN,NaN,NaN,NaN,NaN,NaN,NaN,NaN,NaN,NaN,NaN,NaN,1.249375708071280e+01,-1.000000000000009e+00,9.346400681787689e-15,-9.325873406851315e-15,10,1.000000000000009e+00,1.000000000000004e+00,9.999999999999982e-01,9.999999999999980e-01,9.999999999999922e-01,9.999999999999896e-01,9.999999999999893e-01,9.999999999999853e-01,9.999999999999782e-01,9.999999999999747e-01,6.013969598497798e-198,6.407278577436383e-114,4.875438016125168e-85,1.877119494740254e-169,1.000000000000000e+00,1.353308114188544e-56,2.951910720031219e-198,1.133196475530556e-28,5.935487554668863e-198,8.189848059878739e-114,NaN,NaN,NaN,NaN,0,NaN,NaN,NaN,NaN,NaN,NaN,NaN,NaN,NaN,NaN,NaN,NaN,NaN,NaN,NaN,NaN,NaN,NaN,NaN,NaN,false
6,1.000000000000000e+13,0,2,CONTINUE,4.909245633127280e-04,1.029229626524355e-04,1.000000000000000e-09,7.850128897927784e-06,2.221358349968028e-14,5.629499534213020e+00,-1.000000000000049e+00,8.092266477626779e-01,,,1.028658354182267e-02,1.636259452740769e-03,7.614854802037728e+00,3.284028394447650e-05,9.426713492721276e+03,REACHED_FORCE,REACHED_FORCE,,1,0,0,1,0,0,,,,2.544959508522786e-06,NaN,2.164663164921477e-06,NaN,,,1.669496076800359e-16,1.000454451983369e-17,,solution good enough for the tolerances given,solution good enough for the tolerances given,,1.669496076800359e-16,1.000454451983369e-17,,2.544959508522786e-06,3.140700897144318e-18,2.164663164921477e-06,2.171294614645862e-19,,,2.544959508522786e-06,2.164663164921477e-06,,2.814159497528281e-06,2.872135245061414e+00,2.022319172040657e-05,3.229976347378405e-05,3.440744253119707e+02,0.000000000000000e+00,5.629499534213020e+00,-1.000000000000049e+00,2.907051962502920e-14,-4.884981308350689e-14,10,1.000000000000049e+00,1.000000000000049e+00,1.000000000000048e+00,1.000000000000046e+00,1.000000000000008e+00,1.000000000000001e+00,9.999999999999987e-01,9.999999999999982e-01,9.999999999999951e-01,9.999999999999822e-01,1.092953640956935e-195,1.277254000507114e-57,1.701982719191991e-59,8.617535261603408e-01,7.462087982553934e-251,7.706678918726333e-60,1.382464738396592e-01,2.196293459451240e-57,3.435374401958739e-196,3.558312011729576e-58,NaN,NaN,NaN,NaN,0,NaN,NaN,NaN,NaN,NaN,NaN,NaN,NaN,NaN,NaN,NaN,NaN,NaN,NaN,NaN,NaN,NaN,NaN,NaN,NaN,6.622940628485924e+00,-1.000000000000047e+00,2.661172290828100e-14,-4.707345624410664e-14,10,1.000000000000047e+00,1.000000000000047e+00,1.000000000000045e+00,1.000000000000023e+00,9.999999999999973e-01,9.999999999999956e-01,9.999999999999949e-01,9.999999999999858e-01,9.999999999999851e-01,9.999999999999849e-01,1.075725068026749e-167,1.984757140193660e-84,1.681150045615903e-01,3.505513497036135e-250,7.435233891166727e-01,2.816256049846643e-168,4.802937817293835e-85,3.047130976265708e-84,8.836160632173695e-02,1.387824842308271e-167,NaN,NaN,NaN,NaN,0,NaN,NaN,NaN,NaN,NaN,NaN,NaN,NaN,NaN,NaN,NaN,NaN,NaN,NaN,NaN,NaN,NaN,NaN,NaN,NaN,false
6,3.162000000000000e+13,0,2,CONTINUE,4.909245633127280e-04,3.585644572304137e-04,1.000000000000000e-09,7.850128897927784e-06,2.221358349968028e-14,1.003019934648768e+00,-1.000000000000008e+00,2.896801978435168e-01,,,9.280348337827057e-03,1.864108634280447e-03,7.614704287409238e+00,3.284028394447650e-05,9.426713492721276e+03,REACHED_FORCE,REACHED_FORCE,,1,0,0,1,0,0,,,,4.518136526194894e-06,NaN,7.063099134460904e-06,NaN,,,6.571018796598895e-17,1.419596562966605e-17,,solution good enough for the tolerances given,solution good enough for the tolerances given,,6.571018796598895e-17,1.419596562966605e-17,,4.518136526194894e-06,1.211209546402200e-18,7.063099134460904e-06,2.357718899741719e-19,,,4.518136526194894e-06,7.063099134460904e-06,,1.583072461223638e-06,2.872135245061414e+00,2.022319172040657e-05,3.229976347378405e-05,3.440744253119707e+02,0.000000000000000e+00,1.003019934648768e+00,-1.000000000000008e+00,1.103845754515457e-14,-8.437694987151190e-15,10,1.000000000000008e+00,1.000000000000006e+00,1.000000000000004e+00,1.000000000000004e+00,1.000000000000000e+00,9.999999999999973e-01,9.999999999999951e-01,9.999999999999700e-01,9.999999999999689e-01,9.999999999999685e-01,3.314872738164964e-85,3.078316017169085e-197,5.935752730824096e-01,9.910580919203955e-169,2.568778741703672e-252,1.752867127675065e-56,3.035091524785518e-85,4.064247269175904e-01,4.026661531854904e-197,1.145140349587578e-85,NaN,NaN,NaN,NaN,0,NaN,NaN,NaN,NaN,NaN,NaN,NaN,NaN,NaN,NaN,NaN,NaN,NaN,NaN,NaN,NaN,NaN,NaN,NaN,NaN,1.024667846907375e+00,-9.999999999999996e-01,6.929989058577009e-15,4.440892098500626e-16,10,9.999999999999996e-01,9.999999999999976e-01,9.999999999999967e-01,9.999999999999967e-01,9.999999999999962e-01,9.999999999999958e-01,9.999999999999936e-01,9.999999999999909e-01,9.999999999999707e-01,9.999999999999691e-01,4.812935025470730e-58,4.395707375332385e-199,1.063077997651391e-254,5.893190983920288e-142,5.048358085504731e-29,1.000000000000000e+00,9.862571440770238e-171,1.324673537655366e-113,3.307961515710351e-199,3.549012051147963e-58,NaN,NaN,NaN,NaN,0,NaN,NaN,NaN,NaN,NaN,NaN,NaN,NaN,NaN,NaN,NaN,NaN,NaN,NaN,NaN,NaN,NaN,NaN,NaN,NaN,false
6,1.000000000000000e+14,0,4,CONTINUE,4.909245633127280e-04,2.498184041485468e-05,1.000000000000000e-09,7.850128897927784e-06,2.221358349968028e-14,3.263477990848085e-01,-1.000000000000000e+00,9.493522072944044e-01,,,1.056727056696945e-02,1.593701536825942e-03,7.614896267480086e+00,3.284028394447650e-05,9.426713492721276e+03,REACHED_FORCE,REACHED_FORCE,,1,1,1,1,1,1,,,,2.553343769161855e-05,7.346590342527716e-08,2.350425642125179e-05,9.603693079593394e-08,,,2.624835024171246e-17,2.014646141568066e-17,,solution good enough for the tolerances given,solution good enough for the tolerances given,,2.624835024171246e-17,2.014646141568066e-17,,2.553343769161855e-05,4.901862084579295e-19,2.350425642125179e-05,4.178097213030674e-19,,,7.346590342527716e-08,9.603693079593394e-08,,8.904111604893061e-07,2.872135245061414e+00,2.022319172040657e-05,3.229976347378405e-05,3.440744253119707e+02,0.000000000000000e+00,3.263477990848085e-01,-1.000000000000000e+00,1.029124362196334e-14,-4.440892098500626e-16,10,1.000000000000000e+00,1.000000000000000e+00,9.999999999999980e-01,9.999999999999973e-01,9.999999999999920e-01,9.999999999999916e-01,9.999999999999871e-01,9.999999999999811e-01,9.999999999999725e-01,9.999999999999694e-01,9.306729269225778e-142,1.000000000000000e+00,1.293779978177670e-197,5.566712072141615e-85,1.654991191657708e-113,8.621969471258747e-29,4.067190638780135e-253,8.778256609194759e-57,9.750259765738392e-142,7.664571019958352e-198,NaN,NaN,NaN,NaN,0,NaN,NaN,NaN,NaN,NaN,NaN,NaN,NaN,NaN,NaN,NaN,NaN,NaN,NaN,NaN,NaN,NaN,NaN,NaN,NaN,3.721983163116012e-01,-1.000000000000008e+00,8.781852857847472e-15,-7.993605777301127e-15,10,1.000000000000008e+00,1.000000000000006e+00,1.000000000000006e+00,1.000000000000000e+00,9.999999999999993e-01,9.999999999999987e-01,9.999999999999905e-01,9.999999999999774e-01,9.999999999999738e-01,9.999999999999731e-01,4.498105425323803e-114,1.916585633395718e-01,6.980787078556449e-198,2.069684417851503e-85,1.146108640065654e-169,2.477549414458145e-253,6.837187577230065e-01,6.557627009021878e-198,1.130835318116887e-113,1.246226789374216e-01,NaN,NaN,NaN,NaN,0,NaN,NaN,NaN,NaN,NaN,NaN,NaN,NaN,NaN,NaN,NaN,NaN,NaN,NaN,NaN,NaN,NaN,NaN,NaN,NaN,false
6,3.162000000000000e+14,0,4,CONTINUE,4.909245633127280e-04,4.057229779113532e-05,1.000000000000000e-09,7.850128897927784e-06,2.221358349968028e-14,4.189083256474366e-01,-1.000000000000058e+00,9.295581963648256e-01,,,1.039887317317446e-02,1.420932730810604e-03,7.614870125833510e+00,3.284028394447650e-05,9.426713492721276e+03,REACHED_FORCE,REACHED_FORCE,,1,1,1,1,1,1,,,,5.929766178658372e-05,1.353385710756170e-06,5.608859658733283e-05,9.671914719595341e-07,,,2.327945549373316e-17,1.910037246780847e-17,,solution good enough for the tolerances given,solution good enough for the tolerances given,,2.327945549373316e-17,1.910037246780847e-17,,5.929766178658372e-05,4.879929815744488e-19,5.608859658733283e-05,3.125348308959953e-19,,,1.353385710756170e-06,9.671914719595341e-07,,4.993745121711683e-07,2.872135245061414e+00,2.022319172040657e-05,3.229976347378405e-05,3.440744253119707e+02,0.000000000000000e+00,4.189083256474366e-01,-1.000000000000058e+00,3.009678305743772e-14,-5.817568649035820e-14,10,1.000000000000058e+00,1.000000000000057e+00,1.000000000000054e+00,1.000000000000016e+00,9.999999999999978e-01,9.999999999999951e-01,9.999999999999942e-01,9.999999999999942e-01,9.999999999999925e-01,9.999999999999925e-01,2.110694500383578e-57,8.361086778969422e-01,6.591985052078307e-168,2.821364291238268e-251,4.671873636422411e-57,9.536635151449086e-140,2.247906990385022e-168,4.622746980910014e-223,1.958927245180174e-56,1.638913221030575e-01,NaN,NaN,NaN,NaN,0,NaN,NaN,NaN,NaN,NaN,NaN,NaN,NaN,NaN,NaN,NaN,NaN,NaN,NaN,NaN,NaN,NaN,NaN,NaN,NaN,2.414047978307249e-01,-1.000000000000057e+00,1.545699691394237e-14,-5.684341886080801e-14,10,1.000000000000057e+00,1.000000000000056e+00,1.000000000000056e+00,9.999999999999973e-01,9.999999999999969e-01,9.999999999999942e-01,9.999999999999938e-01,9.999999999999929e-01,9.999999999999889e-01,9.999999999999869e-01,8.816313252794290e-86,9.708080420460399e-169,7.359500272262943e-01,3.769780395854966e-56,2.197757164173071e-85,1.456188415120854e-167,2.882926234804583e-250,2.640499727737060e-01,1.054073261624100e-84,5.063138614272539e-169,NaN,NaN,NaN,NaN,0,NaN,NaN,NaN,NaN,NaN,NaN,NaN,NaN,NaN,NaN,NaN,NaN,NaN,NaN,NaN,NaN,NaN,NaN,NaN,NaN,false
6,1.000000000000000e+15,0,6,CONTINUE,4.909245633127280e-04,7.338991147117939e-05,1.000000000000000e-09,7.850128897927784e-06,2.221358349968028e-14,1.552965388748437e-01,-1.000000000000045e+00,8.432049909313432e-01,,,1.048428752603685e-02,1.867924374186811e-03,7.614877829417158e+00,3.284028394447650e-05,9.426713492721276e+03,REACHED_FORCE,REACHED_FORCE,,1,2,2,1,2,2,,,,2.715340980303751e-04,2.011377945684532e-05,5.025086471193065e-04,1.339743285301582e-05,,,3.780577043376421e-17,3.571032479009407e-17,,solution good enough for the tolerances given,solution good enough for the tolerances given,,3.780577043376421e-17,3.571032479009407e-17,,2.715340980303751e-04,7.045741363181649e-19,5.025086471193065e-04,7.177334976190489e-19,,,1.195587369023818e-06,1.391317521362437e-06,,2.792460475931931e-07,2.872135245061414e+00,2.022319172040657e-05,3.229976347378405e-05,3.440744253119707e+02,0.000000000000000e+00,1.552965388748437e-01,-1.000000000000045e+00,1.269551115253224e-14,-4.485301019485632e-14,10,1.000000000000045e+00,1.000000000000044e+00,1.000000000000041e+00,1.000000000000002e+00,9.999999999999991e-01,9.999999999999982e-01,9.999999999999978e-01,9.999999999999953e-01,9.999999999999951e-01,9.999999999999936e-01,8.481462826217996e-01,2.836146162815113e-170,1.238059734854942e-84,1.590045646230344e-56,1.674307114469561e-252,3.824659303124547e-85,1.518537173782006e-01,2.007753776804149e-140,1.327905961616812e-170,5.405848146978814e-169,NaN,NaN,NaN,NaN,0,NaN,NaN,NaN,NaN,NaN,NaN,NaN,NaN,NaN,NaN,NaN,NaN,NaN,NaN,NaN,NaN,NaN,NaN,NaN,NaN,1.072285625564394e-01,-1.000000000000045e+00,1.358018398493097e-14,-4.529709940470639e-14,10,1.000000000000045e+00,1.000000000000043e+00,1.000000000000043e+00,1.000000000000040e+00,1.000000000000004e+00,9.999999999999978e-01,9.999999999999973e-01,9.999999999999958e-01,9.999999999999942e-01,9.999999999999907e-01,5.332867034673894e-57,2.238608489770593e-140,8.101857978543713e-01,3.537744504790271e-224,3.825259776774115e-57,1.898142021456285e-01,2.403372471680021e-195,9.179569649176903e-57,2.238608489770756e-140,5.727199375553017e-224,NaN,NaN,NaN,NaN,0,NaN,NaN,NaN,NaN,NaN,NaN,NaN,NaN,NaN,NaN,NaN,NaN,NaN,NaN,NaN,NaN,NaN,NaN,NaN,NaN,false
6,3.162000000000000e+15,1,7,CONTINUE,4.909245633127280e-04,3.899675170936583e-04,1.000000000000000e-09,7.850128897927784e-06,2.221358349968028e-14,7.912712817784942e-02,-1.000000000000074e+00,7.570271055605031e-01,,,2.870648901373979e-03,3.493180696531809e-03,7.614428647719453e+00,3.284028394447650e-05,9.426713492721276e+03,REFINE_STALLED,REACHED_FORCE,,1,2,2,1,3,3,,,,8.019093510760556e-04,3.455109315155277e-04,1.413631631612846e-04,3.952863183349610e-05,,,4.873167093149741e-17,1.442748316478415e-17,,solution good enough for the tolerances given,solution good enough for the tolerances given,,4.873167093149741e-17,1.442748316478415e-17,,8.019093510760556e-04,7.599531151260518e-19,1.413631631612846e-04,2.349494298928667e-19,,,2.011777171018455e-04,6.779645816868476e-06,,1.541156386694122e-07,2.872135245061414e+00,2.022319172040657e-05,3.229976347378405e-05,3.440744253119707e+02,0.000000000000000e+00,7.912712817784942e-02,-1.000000000000074e+00,2.805226917935065e-14,-7.416289804496046e-14,10,1.000000000000074e+00,1.000000000000073e+00,1.000000000000073e+00,1.000000000000063e+00,1.000000000000009e+00,9.999999999999996e-01,9.999999999999982e-01,9.999999999999978e-01,9.999999999999969e-01,9.999999999999960e-01,4.146199656543760e-58,9.474211384507354e-01,3.018583103789417e-141,8.574569346545582e-225,3.598949389627055e-57,1.031269015667551e-141,8.590686782055454e-224,5.257886154926462e-02,1.282521512546651e-140,2.226386702488455e-57,NaN,NaN,NaN,NaN,0,NaN,NaN,NaN,NaN,NaN,NaN,NaN,NaN,NaN,NaN,NaN,NaN,NaN,NaN,NaN,NaN,NaN,NaN,NaN,NaN,4.911338990349263e-02,-1.000000000000077e+00,1.376671304385654e-14,-7.727152251391090e-14,10,1.000000000000077e+00,1.000000000000075e+00,1.000000000000075e+00,1.000000000000074e+00,1.000000000000006e+00,1.000000000000004e+00,1.000000000000001e+00,1.000000000000001e+00,9.999999999999938e-01,9.999999999999936e-01,7.790557858946072e-113,9.243445585514225e-01,1.007600191004577e-194,7.481046891152430e-57,9.028507041010765e-196,1.133238568554488e-56,4.874950241847416e-112,7.565544144857732e-02,5.665648987398311e-195,8.735657665823345e-112,NaN,NaN,NaN,NaN,0,NaN,NaN,NaN,NaN,NaN,NaN,NaN,NaN,NaN,NaN,NaN,NaN,NaN,NaN,NaN,NaN,NaN,NaN,NaN,NaN,false
6,1.000000000000000e+16,1,5,CONTINUE,4.909245633127280e-04,4.683224790712924e-04,1.000000000000000e-09,7.850128897927784e-06,2.221358349968028e-14,9.790433972544456e-03,-1.000000000000028e+00,1.763046474869636e-02,,,5.840652665554293e-03,4.601539116881299e-02,7.614514455807024e+00,3.284028394447650e-05,9.426713492721276e+03,REFINE_STALLED,REFINE_STALLED,,1,1,1,1,2,2,,,,3.165268955480607e-03,1.759752681596887e-03,1.654583181048110e-03,6.865595116493933e-04,,,2.935186248874291e-17,2.963138910640551e-17,,solution good enough for the tolerances given,solution good enough for the tolerances given,,2.935186248874291e-17,2.963138910640551e-17,,3.165268955480607e-03,5.691423762632336e-19,1.654583181048110e-03,5.389855066153744e-19,,,1.759752681596887e-03,5.761076534346881e-04,,7.939676695016222e-08,2.872135245061414e+00,2.022319172040657e-05,3.229976347378405e-05,3.440744253119707e+02,0.000000000000000e+00,9.790433972544456e-03,-1.000000000000028e+00,1.260656778329409e-14,-2.797762022055394e-14,10,1.000000000000028e+00,1.000000000000028e+00,1.000000000000027e+00,1.000000000000019e+00,1.000000000000018e+00,9.999999999999978e-01,9.999999999999973e-01,9.999999999999964e-01,9.999999999999902e-01,9.999999999999898e-01,1.191528656458864e-224,8.249496706214781e-86,1.993385625677303e-29,1.000000000000000e+00,9.481874826468155e-169,3.061299666316091e-29,6.229479246866860e-85,4.404827427918610e-87,1.697760162497792e-224,7.134808556487319e-169,NaN,NaN,NaN,NaN,0,NaN,NaN,NaN,NaN,NaN,NaN,NaN,NaN,NaN,NaN,NaN,NaN,NaN,NaN,NaN,NaN,NaN,NaN,NaN,NaN,1.250999896491794e-02,-1.000000000000028e+00,9.101001101084103e-15,-2.797762022055394e-14,10,1.000000000000028e+00,1.000000000000028e+00,1.000000000000024e+00,1.000000000000020e+00,1.000000000000019e+00,9.999999999999993e-01,9.999999999999960e-01,9.999999999999947e-01,9.999999999999933e-01,9.999999999999920e-01,5.345377293424915e-113,2.348798749974637e-169,1.682982689967994e-29,1.000000000000000e+00,9.596726271162510e-225,7.806264362042265e-85,3.022737035944249e-29,5.171217594486401e-169,1.249584342965688e-113,1.726047932150673e-172,NaN,NaN,NaN,NaN,0,NaN,NaN,NaN,NaN,NaN,NaN,NaN,NaN,NaN,NaN,NaN,NaN,NaN,NaN,NaN,NaN,NaN,NaN,NaN,NaN,false
6,3.162000000000000e+16,1,6,CONTINUE,4.909245633127280e-04,5.317856974761797e-04,1.000000000000000e-09,7.850128897927784e-06,2.221358349968028e-14,4.154298335837434e-08,8.500929942095009e-07,9.449983118641836e-04,,,1.464725732636568e-04,7.250260889525258e-01,7.614618295597955e+00,3.284028394447650e-05,9.426713492721276e+03,REFINE_STALLED,REFINE_STALLED,,1,2,2,1,2,2,,,,4.781694212748955e+01,4.014794366231252e-02,4.781049831345581e+01,2.919513121116162e-02,,,6.207960630811284e-14,6.212511936671940e-14,,solution good enough for the tolerances given,solution good enough for the tolerances given,,6.207960630811284e-14,6.212511936671940e-14,,4.781694212748955e+01,1.007653966119475e-15,4.781049831345581e+01,1.010103800548323e-15,,,4.014195023783432e-02,2.919122833065605e-02,,4.152854371186886e-05,2.872135245235500e+00,2.022319172040657e-05,3.229976347378405e-05,3.440744253119707e+02,0.000000000000000e+00,4.154298335837434e-08,8.500929942095009e-07,6.052094293914866e-11,3.720246333216437e-11,10,9.999999999627975e-01,9.999999999419602e-01,9.999999999000275e-01,9.999999998456568e-01,9.999999997918982e-01,9.999999996831983e-01,9.999999995639242e-01,9.999999994580313e-01,9.999999993865269e-01,9.999999992387270e-01,3.011247832513403e-02,5.404036745620968e-02,2.188150455571926e-01,2.159364165549380e-02,8.928813693138753e-02,1.631386274325745e-02,1.805007963142806e-01,1.265415525050560e-01,5.568396107694742e-02,2.071101574350402e-01,NaN,NaN,NaN,NaN,0,NaN,NaN,NaN,NaN,NaN,NaN,NaN,NaN,NaN,NaN,NaN,NaN,NaN,NaN,NaN,NaN,NaN,NaN,NaN,NaN,4.154299547544336e-08,8.497785338012665e-07,6.084821492535960e-11,3.721623009766972e-11,10,9.999999999627838e-01,9.999999999419411e-01,9.999999999000215e-01,9.999999998455142e-01,9.999999997918823e-01,9.999999996832116e-01,9.999999995639248e-01,9.999999994580329e-01,9.999999993865283e-01,9.999999992387272e-01,3.017152638327802e-02,5.413297086999898e-02,2.190263788000950e-01,2.165686836366476e-02,8.944226272805297e-02,1.627513045446945e-02,1.806067128885209e-01,1.262602421287477e-01,5.582727097305764e-02,2.066006364101147e-01,NaN,NaN,NaN,NaN,0,NaN,NaN,NaN,NaN,NaN,NaN,NaN,NaN,NaN,NaN,NaN,NaN,NaN,NaN,NaN,NaN,NaN,NaN,NaN,NaN,false
6,1.000000000000000e+17,1,6,CONTINUE,4.909245633127280e-04,5.317972988439421e-04,1.000000000000000e-09,7.850128897927784e-06,2.221358349968028e-14,1.313638944089880e-08,2.687737377553807e-07,9.448872856088077e-04,,,1.464724962633791e-04,7.252018780157063e-01,7.614618277525701e+00,3.284028394447650e-05,9.426713492721276e+03,REFINE_STALLED,REFINE_STALLED,,1,2,2,1,2,2,,,,1.512116906578171e+02,4.015604432230067e-02,1.512050430348785e+02,2.920135597329124e-02,,,6.209616184962100e-14,6.211048751829991e-14,,solution good enough for the tolerances given,solution good enough for the tolerances given,,6.209616184962100e-14,6.211048751829991e-14,,1.512116906578171e+02,1.008406242940509e-15,1.512050430348785e+02,1.009184838484144e-15,,,4.015412681349406e-02,2.920011339480591e-02,,4.152817097103238e-05,2.872135245235500e+00,2.022319172040657e-05,3.229976347378405e-05,3.440744253119707e+02,0.000000000000000e+00,1.313638944089880e-08,2.687737377553807e-07,6.058591042653012e-11,3.720601604584317e-11,10,9.999999999627940e-01,9.999999999419589e-01,9.999999999000313e-01,9.999999998456335e-01,9.999999997919007e-01,9.999999996832118e-01,9.999999995639404e-01,9.999999994580451e-01,9.999999993865483e-01,9.999999992387558e-01,3.013549811462319e-02,5.406980349752346e-02,2.188686653598083e-01,2.160783931129892e-02,8.935276611352401e-02,1.630807943567198e-02,1.804946006693631e-01,1.264655777290463e-01,5.570893832487513e-02,2.069882314442662e-01,NaN,NaN,NaN,NaN,0,NaN,NaN,NaN,NaN,NaN,NaN,NaN,NaN,NaN,NaN,NaN,NaN,NaN,NaN,NaN,NaN,NaN,NaN,NaN,NaN,1.313637411408996e-08,2.687512831390674e-07,6.054672973968643e-11,3.720912467031212e-11,10,9.999999999627909e-01,9.999999999419553e-01,9.999999999000293e-01,9.999999998456084e-01,9.999999997918976e-01,9.999999996832174e-01,9.999999995639390e-01,9.999999994580449e-01,9.999999993865483e-01,9.999999992387549e-01,3.014621149617456e-02,5.410051348772989e-02,2.189316976031764e-01,2.163038558842652e-02,8.940871406131405e-02,1.629630752032303e-02,1.805280141034863e-01,1.263761796148825e-01,5.575675057367449e-02,2.068252259508114e-01,NaN,NaN,NaN,NaN,0,NaN,NaN,NaN,NaN,NaN,NaN,NaN,NaN,NaN,NaN,NaN,NaN,NaN,NaN,NaN,NaN,NaN,NaN,NaN,NaN,false
6,3.162000000000000e+17,1,6,CONTINUE,4.909245633127280e-04,5.318015074325758e-04,1.000000000000000e-09,7.850128897927784e-06,2.221358349968028e-14,4.154498277040412e-09,8.500016752793294e-08,9.448538317603316e-04,,,1.464724885665267e-04,7.252592785665374e-01,7.614618270949288e+00,3.284028394447650e-05,9.426713492721276e+03,REFINE_STALLED,REFINE_STALLED,,1,2,2,1,2,2,,,,4.781195047469932e+02,4.015866102173168e-02,4.781118026906811e+02,2.920335918176440e-02,,,6.210133606791198e-14,6.210583983107704e-14,,solution good enough for the tolerances given,solution good enough for the tolerances given,,6.210133606791198e-14,6.210583983107704e-14,,4.781195047469932e+02,1.008643111443925e-15,4.781118026906811e+02,1.008890946081758e-15,,,4.015802468171877e-02,2.920295913669944e-02,,4.152805437132941e-05,2.872135245235500e+00,2.022319172040657e-05,3.229976347378405e-05,3.440744253119707e+02,0.000000000000000e+00,4.154498277040412e-09,8.500016752793294e-08,6.052020166201674e-11,3.720646013505302e-11,10,9.999999999627935e-01,9.999999999419593e-01,9.999999999000320e-01,9.999999998456393e-01,9.999999997919011e-01,9.999999996832163e-01,9.999999995639433e-01,9.999999994580486e-01,9.999999993865545e-01,9.999999992387636e-01,3.013651179042814e-02,5.407987252243007e-02,2.188841216162850e-01,2.161441849222294e-02,8.937824559467401e-02,1.630600575595648e-02,1.804927265864998e-01,1.264428665821150e-01,5.571629347265176e-02,2.069489375867360e-01,NaN,NaN,NaN,NaN,0,NaN,NaN,NaN,NaN,NaN,NaN,NaN,NaN,NaN,NaN,NaN,NaN,NaN,NaN,NaN,NaN,NaN,NaN,NaN,NaN,4.154498277040412e-09,8.499763123915670e-08,6.053530997545714e-11,3.720757035807765e-11,10,9.999999999627924e-01,9.999999999419578e-01,9.999999999000322e-01,9.999999998456270e-01,9.999999997919007e-01,9.999999996832176e-01,9.999999995639437e-01,9.999999994580491e-01,9.999999993865545e-01,9.999999992387636e-01,3.014296860205828e-02,5.408950177010307e-02,2.189030511895151e-01,2.162218575115176e-02,8.939260609762775e-02,1.630224572289551e-02,1.805026033125764e-01,1.264160118018769e-01,5.573156215213353e-02,2.068972636000617e-01,NaN,NaN,NaN,NaN,0,NaN,NaN,NaN,NaN,NaN,NaN,NaN,NaN,NaN,NaN,NaN,NaN,NaN,NaN,NaN,NaN,NaN,NaN,NaN,NaN,false
6,1.000000000000000e+18,1,6,CONTINUE,4.909245633127280e-04,5.318049370868559e-04,1.000000000000000e-09,7.850128897927784e-06,2.221358349968028e-14,1.313657336539461e-09,2.687705297233239e-08,9.448491047826914e-04,,,1.464724877950468e-04,7.252826171551553e-01,7.614618267140624e+00,3.284028394447650e-05,9.426713492721276e+03,REFINE_STALLED,REFINE_STALLED,,1,2,2,1,2,2,,,,1.512067932405258e+03,4.015951831637381e-02,1.512054789569383e+03,2.920404750934198e-02,,,6.210301124995642e-14,6.210432333395750e-14,,solution good enough for the tolerances given,solution good enough for the tolerances given,,6.210301124995642e-14,6.210432333395750e-14,,1.512067932405258e+03,1.008722067611730e-15,1.512054789569383e+03,1.008805410233302e-15,,,4.015915702050905e-02,2.920389614409313e-02,,4.152801968231006e-05,2.872135245235500e+00,2.022319172040657e-05,3.229976347378405e-05,3.440744253119707e+02,0.000000000000000e+00,1.313657336539461e-09,2.687705297233239e-08,6.051686434765849e-11,3.720646013505302e-11,10,9.999999999627935e-01,9.999999999419598e-01,9.999999999000326e-01,9.999999998456379e-01,9.999999997919016e-01,9.999999996832190e-01,9.999999995639453e-01,9.999999994580497e-01,9.999999993865565e-01,9.999999992387665e-01,3.013857766564026e-02,5.408289450244463e-02,2.188896883043653e-01,2.161691126392970e-02,8.938277265528453e-02,1.630513652323842e-02,1.804925214654815e-01,1.264357526764536e-01,5.572000574286234e-02,2.069357392002989e-01,NaN,NaN,NaN,NaN,0,NaN,NaN,NaN,NaN,NaN,NaN,NaN,NaN,NaN,NaN,NaN,NaN,NaN,NaN,NaN,NaN,NaN,NaN,NaN,NaN,1.313658102902704e-09,2.687769458640202e-08,6.051923882067391e-11,3.720557195663332e-11,10,9.999999999627944e-01,9.999999999419598e-01,9.999999999000337e-01,9.999999998456341e-01,9.999999997919020e-01,9.999999996832183e-01,9.999999995639453e-01,9.999999994580502e-01,9.999999993865574e-01,9.999999992387669e-01,3.014082734389615e-02,5.408486090686023e-02,2.188955613132160e-01,2.161772860043711e-02,8.938950740518359e-02,1.630411498741330e-02,1.804961185932529e-01,1.264259861169356e-01,5.572482184193385e-02,2.069204728908715e-01,NaN,NaN,NaN,NaN,0,NaN,NaN,NaN,NaN,NaN,NaN,NaN,NaN,NaN,NaN,NaN,NaN,NaN,NaN,NaN,NaN,NaN,NaN,NaN,NaN,false
7,1.000000000000000e+00,0,3,CONTINUE,4.918660917814249e-06,4.918660683694264e-08,1.000000000000000e-09,7.865184408270277e-08,2.220455190394831e-14,7.548824954897353e+03,8.613975202736370e+06,9.899999992210012e-01,,,1.057028179639576e-04,1.593430399891342e-05,7.614909045748480e+00,3.284597041853162e-07,9.417100191453453e+05,REACHED_FORCE,REACHED_FORCE,,2,0,0,1,0,0,,,,1.814235905161415e-11,NaN,9.698164069274392e-12,NaN,,,1.593223691687453e-05,5.525202215337070e-10,,solution good enough for the tolerances given,solution good enough for the tolerances given,,7.873802044889455e-10,5.525202215337070e-10,,2.074688129480883e-17,1.814235905161415e-11,3.457813549134804e-17,9.698164069274392e-12,,,1.814235905161415e-11,9.698164069274392e-12,,3.924878356546860e-01,9.704193553882160e+02,2.028286370095037e-07,3.236397821870723e-07,3.437702276330921e+04,0.000000000000000e+00,7.548824954897353e+03,8.613975202736370e+06,3.728034482432597e-07,1.160904066210833e-07,10,9.999998839095934e-01,9.999995784824762e-01,9.999989676469185e-01,9.999982219831566e-01,9.999974139182195e-01,9.999962806815392e-01,9.999899274934700e-01,9.999680636851461e-01,9.998675465982158e-01,9.998675465979709e-01,2.188509061130582e-02,1.499922481858286e-02,3.202531695616592e-02,9.059774969533108e-03,7.208053943769543e-03,3.138422182658506e-02,6.622285804226789e-02,1.840784680324418e-04,8.378717008622163e-06,8.170230016467488e-01,9.166171932921829e+03,9.166171932921829e+03,4.941787281801032e-05,1.090848963363200e-04,1,9.998909151036637e-01,NaN,NaN,NaN,NaN,NaN,NaN,NaN,NaN,NaN,1.000000000000000e+00,NaN,NaN,NaN,NaN,NaN,NaN,NaN,NaN,NaN,7.548824954985948e+03,6.481252376546052e+06,8.183065373146597e-07,1.542911443053185e-07,10,9.999998457088557e-01,9.999995026606999e-01,9.999989508730804e-01,9.999983195441248e-01,9.999974078623219e-01,9.999962806667135e-01,9.999899274934720e-01,9.999680636851459e-01,9.998675465983763e-01,9.998675465979725e-01,8.274920236668612e-05,3.132921502626229e-04,5.033067535660276e-04,5.979241737563292e-05,6.107990506750485e-03,1.268574429324310e-02,1.706876748889902e-03,5.881417734474754e-01,7.627912282314368e-08,3.903983982009473e-01,NaN,NaN,NaN,NaN,0,NaN,NaN,NaN,NaN,NaN,NaN,NaN,NaN,NaN,NaN,NaN,NaN,NaN,NaN,NaN,NaN,NaN,NaN,NaN,NaN,false
7,3.162000000000000e+00,0,3,CONTINUE,4.918660917814249e-06,4.918660633053016e-08,1.000000000000000e-09,7.865184408270277e-08,2.220455190394831e-14,7.548824961974697e+03,8.613965635373788e+06,9.899999993157478e-01,,,1.057009219903347e-04,1.593430399210800e-05,7.614909045748480e+00,3.284597041853162e-07,9.417100191453453e+05,REACHED_FORCE,REACHED_FORCE,,2,0,0,1,0,0,,,,1.814605589501497e-12,NaN,3.066972501545831e-12,NaN,,,5.039033952471935e-06,1.747301076667549e-10,,solution good enough for the tolerances given,solution good enough for the tolerances given,,7.875484202142716e-11,1.747301076667549e-10,,2.074688129480883e-17,1.814605589501497e-12,1.383125419653922e-17,3.066972501545831e-12,,,1.814605589501497e-12,3.066972501545831e-12,,3.924709205650892e-01,5.457331871195676e+02,2.028286370095037e-07,3.236397821870723e-07,3.437702276330921e+04,0.000000000000000e+00,7.548824961974697e+03,8.613965635373788e+06,1.179096426154876e-07,3.671427728502152e-08,10,9.999999632857227e-01,9.999998666923691e-01,9.999996735121848e-01,9.999994376912313e-01,9.999991821357941e-01,9.999988237419601e-01,9.999968144921256e-01,9.999898997431252e-01,9.999581070846018e-01,9.999581070845862e-01,2.188186246467173e-02,1.499699650588684e-02,3.202057625296593e-02,9.058427312368656e-03,7.206997715945713e-03,3.137969975901354e-02,6.621389159568944e-02,1.840590643569281e-04,8.065541613813472e-04,8.162509351677202e-01,9.165751049456050e+03,9.165751049456050e+03,1.562868679099009e-05,3.450285972694811e-05,1,9.999654971402731e-01,NaN,NaN,NaN,NaN,NaN,NaN,NaN,NaN,NaN,1.000000000000000e+00,NaN,NaN,NaN,NaN,NaN,NaN,NaN,NaN,NaN,7.548824961894671e+03,6.191195289680404e+06,6.431947700282354e-07,5.108149614407864e-08,10,9.999999489185039e-01,9.999998375923630e-01,9.999996628914778e-01,9.999994453729134e-01,9.999991801972522e-01,9.999988237370454e-01,9.999968144921254e-01,9.999898997431259e-01,9.999581070846419e-01,9.999581070845858e-01,8.958811206626531e-05,3.206905543422646e-04,5.000105321405876e-04,5.045601924748439e-05,6.107276441685752e-03,1.268766669332647e-02,1.708147320849558e-03,5.882150908897634e-01,5.657304778544867e-06,3.903154161317999e-01,NaN,NaN,NaN,NaN,0,NaN,NaN,NaN,NaN,NaN,NaN,NaN,NaN,NaN,NaN,NaN,NaN,NaN,NaN,NaN,NaN,NaN,NaN,NaN,NaN,false
7,1.000000000000000e+01,0,3,CONTINUE,4.918660917814249e-06,4.918660695769778e-08,1.000000000000000e-09,7.865184408270277e-08,2.220455190394831e-14,7.548824963201079e+03,8.613904795891965e+06,9.899999991858079e-01,,,1.057003223453741e-04,1.593430399752771e-05,7.614909045748479e+00,3.284597041853162e-07,9.417100191453453e+05,REACHED_FORCE,REACHED_FORCE,,2,0,0,1,0,0,,,,1.814303089214765e-13,NaN,9.697826445495763e-13,NaN,,,1.593380128750382e-06,5.525000031703043e-11,,solution good enough for the tolerances given,solution good enough for the tolerances given,,7.874195899446194e-12,5.525000031703043e-11,,2.074688129480883e-17,1.814303089214765e-13,2.074688129480883e-17,9.697826445495763e-13,,,1.814303089214765e-13,9.697826445495763e-13,,3.924294807520722e-01,3.068789790978389e+02,2.028286370095037e-07,3.236397821870723e-07,3.437702276330921e+04,0.000000000000000e+00,7.548824963201079e+03,8.613904795891965e+06,3.737243093876028e-08,1.160913676301334e-08,10,9.999999883908632e-01,9.999999578474281e-01,9.999998967640982e-01,9.999998221970291e-01,9.999997413910146e-01,9.999996280669092e-01,9.999989927402165e-01,9.999968062767219e-01,9.999867530806732e-01,9.999867530806721e-01,2.188103913960041e-02,1.499629962286057e-02,3.201902407723217e-02,9.057889878363796e-03,7.206622976662451e-03,3.137826857065976e-02,6.621105600368384e-02,1.840529296527538e-04,4.672107796051940e-01,3.498549671960910e-01,9.165617948169511e+03,9.165617948169511e+03,4.941791858529660e-06,1.091022007937426e-05,1,9.999890897799206e-01,NaN,NaN,NaN,NaN,NaN,NaN,NaN,NaN,NaN,1.000000000000000e+00,NaN,NaN,NaN,NaN,NaN,NaN,NaN,NaN,NaN,7.548824964213359e+03,4.948126368953051e+06,8.769319797929793e-07,2.020966938243163e-08,10,9.999999797903306e-01,9.999999372995568e-01,9.999998827170867e-01,9.999997408991111e-01,9.999996280748270e-01,9.999995886323901e-01,9.999989927402174e-01,9.999968062767222e-01,9.999867530806741e-01,9.999867530806739e-01,1.345268081110318e-04,3.836470224966797e-04,4.288348391672299e-04,6.118629267861777e-03,1.268913223748192e-02,8.060436819819923e-07,1.708243878907335e-03,5.882157035774359e-01,2.886927377876796e-07,3.903201876321182e-01,NaN,NaN,NaN,NaN,0,NaN,NaN,NaN,NaN,NaN,NaN,NaN,NaN,NaN,NaN,NaN,NaN,NaN,NaN,NaN,NaN,NaN,NaN,NaN,NaN,false
7,3.162000000000000e+01,0,3,CONTINUE,4.918660917814249e-06,4.918660720679742e-08,1.000000000000000e-09,7.865184408270277e-08,2.220455190394831e-14,7.548824962060513e+03,8.613720839079792e+06,9.899999991344037e-01,,,1.057001327523825e-04,1.593430400000447e-05,7.614909045748478e+00,3.284597041853162e-07,9.417100191453453e+05,REACHED_FORCE,REACHED_FORCE,,2,0,0,1,0,0,,,,1.814626846513471e-14,NaN,3.067003077750178e-13,NaN,,,5.039190433801829e-07,1.747318678462445e-11,,solution good enough for the tolerances given,solution good enough for the tolerances given,,7.875608733086148e-13,1.747318678462445e-11,,2.766250839307844e-17,1.814626846513471e-14,2.766250839307844e-17,3.067003077750178e-13,,,1.814626846513471e-14,3.067003077750178e-13,,3.923023727419499e-01,1.725856477136822e+02,2.028286370095037e-07,3.236397821870723e-07,3.437702276330921e+04,0.000000000000000e+00,7.548824962060513e+03,8.613720839079792e+06,1.190609561165521e-08,3.671532189386539e-09,10,9.999999963284678e-01,9.999999866683593e-01,9.999999673506659e-01,9.999999437679988e-01,9.999999182132925e-01,9.999998823740687e-01,9.999996814482960e-01,9.999989899651182e-01,9.999958105505028e-01,9.999958105505012e-01,2.188133175610887e-02,1.499609697959440e-02,3.201839234154513e-02,9.057408468944773e-03,7.206388461064579e-03,3.137781403011914e-02,6.621016052612054e-02,1.840509162636458e-04,6.405700833771093e-01,1.764982731431299e-01,9.165575875923301e+03,9.165575875923301e+03,1.562869137007048e-06,3.450459060361233e-06,1,9.999965495409396e-01,NaN,NaN,NaN,NaN,NaN,NaN,NaN,NaN,NaN,1.000000000000000e+00,NaN,NaN,NaN,NaN,NaN,NaN,NaN,NaN,NaN,7.548824963260801e+03,6.471121311647672e+06,2.782424209029532e-08,4.887182880608520e-09,10,9.999999951128171e-01,9.999999842549868e-01,9.999999668035788e-01,9.999999467894258e-01,9.999999180219407e-01,9.999998823736008e-01,9.999996814482955e-01,9.999989899651170e-01,9.999958105505024e-01,9.999958105505019e-01,8.297569597483286e-05,3.135462696233812e-04,5.033030546525598e-04,5.945983559355255e-05,6.108586222739669e-03,1.268756949114578e-02,1.708244057758592e-03,5.882136420978892e-01,2.095946400711693e-07,3.903224636799829e-01,NaN,NaN,NaN,NaN,0,NaN,NaN,NaN,NaN,NaN,NaN,NaN,NaN,NaN,NaN,NaN,NaN,NaN,NaN,NaN,NaN,NaN,NaN,NaN,NaN,false
7,1.000000000000000e+02,0,3,CONTINUE,4.918660917814249e-06,4.918660729565357e-08,1.000000000000000e-09,7.865184408270277e-08,2.220455190394831e-14,7.548824992747478e+03,8.613088434182830e+06,9.899999991162027e-01,,,1.057000727875433e-04,1.593430400087888e-05,7.614909045748478e+00,3.284597041853162e-07,9.417100191453453e+05,REACHED_FORCE,REACHED_FORCE,,2,0,0,1,0,0,,,,1.814309894386555e-15,NaN,9.697877352005188e-14,NaN,,,1.593395774668524e-07,5.525029583539098e-12,,solution good enough for the tolerances given,solution good enough for the tolerances given,,7.874235552577560e-14,5.525029583539098e-12,,4.149376258961766e-17,1.814309894386555e-15,4.149376258961766e-17,9.697877352005188e-14,,,1.814309894386555e-15,9.697877352005188e-14,,3.919025998143809e-01,9.706082327623989e+01,2.028286370095037e-07,3.236397821870723e-07,3.437702276330921e+04,0.000000000000000e+00,7.548824992747478e+03,8.613088434182830e+06,3.857858456040174e-09,1.161023721607535e-09,10,9.999999988389763e-01,9.999999957838215e-01,9.999999896758394e-01,9.999999822185498e-01,9.999999741388577e-01,9.999999628066770e-01,9.999998992739282e-01,9.999996806267459e-01,9.999986752922814e-01,9.999986752922789e-01,2.188337746726790e-02,1.499609156813756e-02,3.201766790805436e-02,9.056162971978131e-03,7.205928352506153e-03,3.137766448494382e-02,6.620987582534042e-02,1.840504009677245e-04,8.167977356757412e-01,2.714453450629129e-04,9.165562630551654e+03,9.165562630551654e+03,4.941792306909687e-07,1.091039305789465e-06,1,9.999989089606942e-01,NaN,NaN,NaN,NaN,NaN,NaN,NaN,NaN,NaN,1.000000000000000e+00,NaN,NaN,NaN,NaN,NaN,NaN,NaN,NaN,NaN,7.548825005400670e+03,4.666432928174935e+06,7.445741275345987e-08,2.142964472540143e-09,10,9.999999978570355e-01,9.999999933583390e-01,9.999999879795569e-01,9.999999740854748e-01,9.999999628066817e-01,9.999998992739282e-01,9.999996998175550e-01,9.999996806267466e-01,9.999986752922811e-01,9.999986752922811e-01,1.494976986290027e-04,4.050082895405422e-04,3.952094744452966e-04,6.117409811570960e-03,1.268826298478914e-02,1.708242438284327e-03,9.271401395412846e-16,5.882127577025424e-01,9.463372284084776e-06,3.903141482279135e-01,NaN,NaN,NaN,NaN,0,NaN,NaN,NaN,NaN,NaN,NaN,NaN,NaN,NaN,NaN,NaN,NaN,NaN,NaN,NaN,NaN,NaN,NaN,NaN,NaN,false
7,3.162000000000000e+02,0,2,CONTINUE,4.918660917814249e-06,4.918712938062071e-08,1.000000000000000e-09,7.865184408270277e-08,2.220455190394831e-14,7.548825104954576e+03,8.599331191246206e+06,9.899998883925925e-01,,,1.057000538785711e-04,1.593430949912575e-05,7.614909045748545e+00,3.284597041853162e-07,9.417100191453453e+05,REACHED_FORCE,REACHED_FORCE,,1,0,0,1,0,0,,,,8.882086850824537e-10,NaN,3.106137601657190e-14,NaN,,,5.039206082635708e-08,1.771376579423675e-12,,solution good enough for the tolerances given,solution good enough for the tolerances given,,5.039206082635708e-08,1.771376579423675e-12,,2.766250839307844e-17,8.882086850824537e-10,3.457813549134804e-17,3.106137601657190e-14,,,8.882086850824537e-10,3.106137601657190e-14,,3.906492996275563e-01,5.460683916677424e+01,2.028286370095037e-07,3.236397821870723e-07,3.437702276330921e+04,0.000000000000000e+00,7.548825104954576e+03,8.599331191246206e+06,1.751623647125015e-09,3.677675941560210e-10,10,9.999999996322324e-01,9.999999986616097e-01,9.999999967318189e-01,9.999999943702289e-01,9.999999918199700e-01,9.999999882373998e-01,9.999999681448193e-01,9.999998989964028e-01,9.999995810534800e-01,9.999995810534784e-01,2.193056622757312e-02,1.499795938976633e-02,3.200516930726395e-02,9.029574333637557e-03,7.196065426060172e-03,3.137738433069395e-02,6.620978386383487e-02,1.840519233922646e-04,3.570653551837687e-01,4.600040900140095e-01,NaN,NaN,NaN,NaN,0,NaN,NaN,NaN,NaN,NaN,NaN,NaN,NaN,NaN,NaN,NaN,NaN,NaN,NaN,NaN,NaN,NaN,NaN,NaN,NaN,7.548825096952712e+03,4.666809437222979e+06,5.304157517188900e-09,6.776696981347641e-10,10,9.999999993223303e-01,9.999999979007324e-01,9.999999962014132e-01,9.999999918043616e-01,9.999999882374064e-01,9.999999681448211e-01,9.999998992577425e-01,9.999998989964020e-01,9.999995810534786e-01,9.999995810534780e-01,1.454174525256601e-04,3.939001100787796e-04,3.860514590894258e-04,5.958331576005279e-03,1.237232788987334e-02,1.700409782159898e-03,5.373460202115538e-12,5.722275948097705e-01,6.279818472885841e-04,4.061879850678355e-01,NaN,NaN,NaN,NaN,0,NaN,NaN,NaN,NaN,NaN,NaN,NaN,NaN,NaN,NaN,NaN,NaN,NaN,NaN,NaN,NaN,NaN,NaN,NaN,NaN,true
7,1.000000000000000e+03,0,2,CONTINUE,4.918660917814249e-06,4.918677237654926e-08,1.000000000000000e-09,7.865184408270277e-08,2.220455190394831e-14,7.548826677944403e+03,8.536173215646442e+06,9.899999641032340e-01,,,1.057000478368356e-04,1.593430573988225e-05,7.614909045748498e+00,3.284597041853162e-07,9.417100191453453e+05,REACHED_FORCE,REACHED_FORCE,,1,0,0,1,0,0,,,,2.808516486409244e-10,NaN,9.737005813267652e-15,NaN,,,1.593397339299437e-08,5.548912143316708e-13,,solution good enough for the tolerances given,solution good enough for the tolerances given,,1.593397339299437e-08,5.548912143316708e-13,,2.766250839307844e-17,2.808516486409244e-10,1.383125419653922e-17,9.737005813267652e-15,,,2.808516486409244e-10,9.737005813267652e-15,,3.867851668442148e-01,3.074714443913111e+01,2.028286370095037e-07,3.236397821870723e-07,3.437702276330921e+04,0.000000000000000e+00,7.548826677944403e+03,8.536173215646442e+06,1.079179005084469e-09,1.171485131123973e-10,10,9.999999998828515e-01,9.999999995692710e-01,9.999999989618524e-01,9.999999982101417e-01,9.999999974114437e-01,9.999999962806554e-01,9.999999899273910e-01,9.999999680626588e-01,9.999998675291026e-01,9.999998675290995e-01,2.214874518595739e-02,1.501781488995959e-02,3.194295792088125e-02,8.903621045691378e-03,7.147238849204852e-03,3.137627267947721e-02,6.620980918335118e-02,1.840529651102570e-04,4.639451200231365e-01,3.531243672572307e-01,NaN,NaN,NaN,NaN,0,NaN,NaN,NaN,NaN,NaN,NaN,NaN,NaN,NaN,NaN,NaN,NaN,NaN,NaN,NaN,NaN,NaN,NaN,NaN,NaN,7.548826602025400e+03,4.665033096716993e+06,1.607471357885001e-09,2.143607513716006e-10,10,9.999999997856392e-01,9.999999993357529e-01,9.999999987980994e-01,9.999999974085418e-01,9.999999962806674e-01,9.999999899273924e-01,9.999999681377627e-01,9.999999680626581e-01,9.999998675290995e-01,9.999998675290982e-01,1.482789614747921e-04,4.015903424311045e-04,3.921339302237055e-04,6.066725639535126e-03,1.258778378264429e-02,1.705875325391949e-03,7.298660652141691e-12,5.831225677477594e-01,2.695137111093491e-04,3.953055305521319e-01,NaN,NaN,NaN,NaN,0,NaN,NaN,NaN,NaN,NaN,NaN,NaN,NaN,NaN,NaN,NaN,NaN,NaN,NaN,NaN,NaN,NaN,NaN,NaN,NaN,false
7,3.162000000000000e+03,0,2,CONTINUE,4.918660917814249e-06,4.918665963869966e-08,1.000000000000000e-09,7.865184408270277e-08,2.220455190394831e-14,7.548824664490089e+03,8.021041438230424e+06,9.899999880127770e-01,,,1.057000459363051e-04,1.593430455136302e-05,7.614909045748485e+00,3.284597041853162e-07,9.417100191453453e+05,REACHED_FORCE,REACHED_FORCE,,1,0,0,1,0,0,,,,8.882089449073258e-11,NaN,3.070923169664068e-15,NaN,,,5.039207647620831e-09,1.749705339775301e-13,,solution good enough for the tolerances given,solution good enough for the tolerances given,,5.039207647620831e-09,1.749705339775301e-13,,4.149376258961766e-17,8.882089449073258e-11,2.766250839307844e-17,3.070923169664068e-15,,,8.882089449073258e-11,3.070923169664068e-15,,3.754706429546409e-01,1.736194909727920e+01,2.028286370095037e-07,3.236397821870723e-07,3.437702276330921e+04,0.000000000000000e+00,7.548824664490089e+03,8.021041438230424e+06,1.062637280590191e-09,3.942823845193288e-11,10,9.999999999605718e-01,9.999999998375499e-01,9.999999996523403e-01,9.999999993871564e-01,9.999999991695356e-01,9.999999988236927e-01,9.999999968144839e-01,9.999999898996235e-01,9.999999581053307e-01,9.999999581053296e-01,2.401019732742188e-02,1.628279534369160e-02,3.090617889461643e-02,7.723483951092180e-03,6.256952540147388e-03,3.135702278165212e-02,6.620988574796631e-02,1.840531184247145e-04,3.978318680871956e-01,4.192375622077918e-01,NaN,NaN,NaN,NaN,0,NaN,NaN,NaN,NaN,NaN,NaN,NaN,NaN,NaN,NaN,NaN,NaN,NaN,NaN,NaN,NaN,NaN,NaN,NaN,NaN,7.548824784517949e+03,4.664582571959644e+06,1.716286285607275e-10,6.779932171241398e-11,10,9.999999999322007e-01,9.999999997898787e-01,9.999999996198059e-01,9.999999991804360e-01,9.999999988237387e-01,9.999999968144844e-01,9.999999898997005e-01,9.999999898996248e-01,9.999999581053307e-01,9.999999581053303e-01,1.491970065376330e-04,4.040530706085021e-04,3.940300219324893e-04,6.101309626997008e-03,1.265643642804571e-02,1.707528016160306e-03,2.293651853409301e-04,5.863697921987423e-01,4.304133310892117e-04,3.915578751145460e-01,NaN,NaN,NaN,NaN,0,NaN,NaN,NaN,NaN,NaN,NaN,NaN,NaN,NaN,NaN,NaN,NaN,NaN,NaN,NaN,NaN,NaN,NaN,NaN,NaN,false
7,1.000000000000000e+04,0,2,CONTINUE,4.918660917814249e-06,4.918662440418250e-08,1.000000000000000e-09,7.865184408270277e-08,2.220455190394831e-14,7.548815152554616e+03,7.241911023522718e+06,9.899999954934495e-01,,,1.057000453361738e-04,1.593430417374847e-05,7.614909045748482e+00,3.284597041853162e-07,9.417100191453453e+05,REACHED_FORCE,REACHED_FORCE,,1,0,0,1,0,0,,,,2.808516746034618e-11,NaN,9.701788209662841e-16,NaN,,,1.593397495598116e-09,5.527414244847901e-14,,solution good enough for the tolerances given,solution good enough for the tolerances given,,1.593397495598116e-09,5.527414244847901e-14,,3.457813549134804e-17,2.808516746034618e-11,2.766250839307844e-17,9.701788209662841e-16,,,2.808516746034618e-11,9.701788209662841e-16,,3.465242930553800e-01,9.880114771712563e+00,2.028286370095037e-07,3.236397821870723e-07,3.437702276330921e+04,0.000000000000000e+00,7.548815152554616e+03,7.241911023522718e+06,1.492698381139908e-09,1.380850989107785e-11,10,9.999999999861915e-01,9.999999999281912e-01,9.999999998669586e-01,9.999999997518598e-01,9.999999996281628e-01,9.999999989927391e-01,9.999999986999983e-01,9.999999968062590e-01,9.999999867528913e-01,9.999999867528881e-01,2.692173898629525e-02,2.538906680468061e-02,2.338024185433643e-02,9.361435177198625e-03,3.148405718820561e-02,6.621005753430814e-02,3.492431736453762e-11,1.841089385139749e-04,7.936540011226384e-01,2.341529235889840e-02,NaN,NaN,NaN,NaN,0,NaN,NaN,NaN,NaN,NaN,NaN,NaN,NaN,NaN,NaN,NaN,NaN,NaN,NaN,NaN,NaN,NaN,NaN,NaN,NaN,7.548815658679674e+03,4.651277694060079e+06,9.186769268287234e-11,2.149946887186616e-11,10,9.999999999785005e-01,9.999999999333771e-01,9.999999998796429e-01,9.999999997408522e-01,9.999999996280642e-01,9.999999989927395e-01,9.999999968063067e-01,9.999999968062598e-01,9.999999867528919e-01,9.999999867528890e-01,1.502409722778379e-04,4.058633364471127e-04,3.931301441354130e-04,6.111991459537716e-03,1.267833907654811e-02,1.708207009315261e-03,1.454685017775153e-05,5.876853584071814e-01,2.222287756470386e-01,1.686235470973406e-01,NaN,NaN,NaN,NaN,0,NaN,NaN,NaN,NaN,NaN,NaN,NaN,NaN,NaN,NaN,NaN,NaN,NaN,NaN,NaN,NaN,NaN,NaN,NaN,NaN,false
7,3.162000000000000e+04,0,2,CONTINUE,4.918660917814249e-06,4.918661766682101e-08,1.000000000000000e-09,7.865184408270277e-08,2.220455190394831e-14,7.548832630910848e+03,7.236134264060715e+06,9.899999970221507e-01,,,1.057000451465251e-04,1.593430405353935e-05,7.614909045748476e+00,3.284597041853162e-07,9.417100191453453e+05,REACHED_FORCE,REACHED_FORCE,,1,0,0,1,0,0,,,,8.882089708355512e-12,NaN,3.067392288563976e-16,NaN,,,5.039207803209729e-10,1.747560105648482e-14,,solution good enough for the tolerances given,solution good enough for the tolerances given,,5.039207803209729e-10,1.747560105648482e-14,,8.523357916299834e-17,8.882089708355512e-12,7.607189808096570e-17,3.067392288563976e-16,,,8.882089708355512e-12,3.067392288563976e-16,,2.902528743777671e-01,5.729400007475835e+00,2.028286370095037e-07,3.236397821870723e-07,3.437702276330921e+04,0.000000000000000e+00,7.548832630910848e+03,7.236134264060715e+06,8.093405516758327e-10,4.370503958739391e-12,10,9.999999999956295e-01,9.999999999772509e-01,9.999999999578775e-01,9.999999999215030e-01,9.999999998824043e-01,9.999999996814462e-01,9.999999996095064e-01,9.999999989899564e-01,9.999999958105381e-01,9.999999958105372e-01,2.693915495165630e-02,2.545308929841233e-02,2.331204364204104e-02,9.346879142469922e-03,3.148863970200565e-02,6.620751308862317e-02,9.926733023885902e-11,1.842075695110447e-04,7.540015204397140e-01,6.306695206629893e-02,NaN,NaN,NaN,NaN,0,NaN,NaN,NaN,NaN,NaN,NaN,NaN,NaN,NaN,NaN,NaN,NaN,NaN,NaN,NaN,NaN,NaN,NaN,NaN,NaN,7.548832230817192e+03,4.663834137305208e+06,1.713139968016941e-11,6.781020189805531e-12,10,9.999999999932190e-01,9.999999999789828e-01,9.999999999619744e-01,9.999999999180420e-01,9.999999998823743e-01,9.999999996814455e-01,9.999999989899613e-01,9.999999989899568e-01,9.999999958105386e-01,9.999999958105370e-01,1.496739082860848e-04,4.051693752909490e-04,3.947840252619947e-04,6.115212199300954e-03,1.268551740266135e-02,1.708425116046734e-03,6.389625455920991e-04,5.874070428635462e-01,3.892506332720758e-01,1.244579291938153e-03,NaN,NaN,NaN,NaN,0,NaN,NaN,NaN,NaN,NaN,NaN,NaN,NaN,NaN,NaN,NaN,NaN,NaN,NaN,NaN,NaN,NaN,NaN,NaN,NaN,false
7,1.000000000000000e+05,0,2,CONTINUE,4.918660917814249e-06,4.918661720155536e-08,1.000000000000000e-09,7.865184408270277e-08,2.220455190394831e-14,7.549150312192479e+03,6.915847093617911e+06,9.899999971268016e-01,,,1.057000450865528e-04,1.593430400659585e-05,7.614909045748472e+00,3.284597041853162e-07,9.417100191453453e+05,REACHED_FORCE,REACHED_FORCE,,1,0,0,1,0,0,,,,2.808516771779332e-12,NaN,1.936375587515491e-16,NaN,,,1.593397510146393e-10,5.525291363796769e-15,,solution good enough for the tolerances given,solution good enough for the tolerances given,,1.593397510146393e-10,5.525291363796769e-15,,2.309172034117419e-16,2.808516771779332e-12,1.936375587515491e-16,9.698295924215524e-17,,,2.808516771779332e-12,1.936375587515491e-16,,2.144477420657212e-01,3.430757207477420e+00,2.028286370095037e-07,3.236397821870723e-07,3.437702276330921e+04,0.000000000000000e+00,7.549150312192479e+03,6.915847093617911e+06,4.965322599404372e-10,1.445954467271804e-12,10,9.999999999985540e-01,9.999999999919849e-01,9.999999999853151e-01,9.999999999744842e-01,9.999999999628026e-01,9.999999998992772e-01,9.999999996806341e-01,9.999999993026620e-01,9.999999986753487e-01,9.999999986753476e-01,2.808327518077889e-02,3.026448130624354e-02,1.850626595096979e-02,8.315458999677158e-03,3.136801808235139e-02,6.620512803758884e-02,1.846827941794626e-04,4.513645285029391e-38,4.526095310316010e-01,3.644631586166097e-01,NaN,NaN,NaN,NaN,0,NaN,NaN,NaN,NaN,NaN,NaN,NaN,NaN,NaN,NaN,NaN,NaN,NaN,NaN,NaN,NaN,NaN,NaN,NaN,NaN,7.549140188806942e+03,3.346410779727328e+06,2.458334389084107e-10,2.988276293081071e-12,10,9.999999999970117e-01,9.999999999902689e-01,9.999999999741604e-01,9.999999999628162e-01,9.999999999442630e-01,9.999999998992766e-01,9.999999996806355e-01,9.999999996805902e-01,9.999999986753478e-01,9.999999986753458e-01,2.683036905473864e-04,6.443721196580437e-04,6.124234645963785e-03,1.271814674480375e-02,2.267315574547256e-07,1.710358921845987e-03,5.881330962534089e-01,9.431265077429736e-06,3.839532483066400e-01,6.438581320497465e-03,NaN,NaN,NaN,NaN,0,NaN,NaN,NaN,NaN,NaN,NaN,NaN,NaN,NaN,NaN,NaN,NaN,NaN,NaN,NaN,NaN,NaN,NaN,NaN,NaN,false
7,3.162000000000000e+05,0,2,CONTINUE,4.918660917814249e-06,4.918668022744895e-08,1.000000000000000e-09,7.865184408270277e-08,2.220455190394831e-14,7.549073923571633e+03,-9.999999999994897e-01,9.899999839903996e-01,,,1.057000450675904e-04,1.593430403811862e-05,7.614909045748446e+00,3.284597041853162e-07,9.417100191453453e+05,REACHED_FORCE,REACHED_FORCE,,1,0,0,1,0,0,,,,8.882089764771134e-13,NaN,7.364960698687921e-16,NaN,,,5.039207830454989e-11,1.747339662419977e-15,,solution good enough for the tolerances given,solution good enough for the tolerances given,,5.039207830454989e-11,1.747339662419977e-15,,5.213376963230019e-16,8.882089764771134e-13,7.364960698687921e-16,3.067069301636214e-17,,,8.882089764771134e-13,7.364960698687921e-16,,1.410146397391454e-01,2.872135245062119e+00,2.028286370095037e-07,3.236397821870723e-07,3.437702276330921e+04,0.000000000000000e+00,7.549073923571633e+03,-9.999999999994897e-01,1.678552641787483e-10,5.102585021177219e-13,10,9.999999999994897e-01,9.999999999969251e-01,9.999999999931155e-01,9.999999999882678e-01,9.999999999681422e-01,9.999999999677374e-01,9.999999998989801e-01,9.999999998143654e-01,9.999999995810696e-01,9.999999995810671e-01,3.084118919231951e-02,3.950881196011950e-02,1.388646158081917e-02,3.229636141184546e-02,6.618078940592759e-02,3.675929756734767e-05,1.847724483907860e-04,6.188458122553847e-37,5.104903461889637e-01,3.065745085140471e-01,NaN,NaN,NaN,NaN,0,NaN,NaN,NaN,NaN,NaN,NaN,NaN,NaN,NaN,NaN,NaN,NaN,NaN,NaN,NaN,NaN,NaN,NaN,NaN,NaN,7.549109934476055e+03,-9.999999999990574e-01,7.518532378143035e-11,9.425793479067579e-13,10,9.999999999990574e-01,9.999999999969258e-01,9.999999999918288e-01,9.999999999882379e-01,9.999999999833331e-01,9.999999999681419e-01,9.999999998989859e-01,9.999999998989841e-01,9.999999995810704e-01,9.999999995810691e-01,2.674810340020440e-04,6.445426932374165e-04,6.117040465297902e-03,1.273447351053206e-02,4.402650523869909e-07,1.714343705875638e-03,1.874785543357177e-02,5.694256975684630e-01,3.623111868500625e-04,3.899858141371174e-01,NaN,NaN,NaN,NaN,0,NaN,NaN,NaN,NaN,NaN,NaN,NaN,NaN,NaN,NaN,NaN,NaN,NaN,NaN,NaN,NaN,NaN,NaN,NaN,NaN,false
7,1.000000000000000e+06,0,2,CONTINUE,4.918660917814249e-06,4.918670790676517e-08,1.000000000000000e-09,7.865184408270277e-08,2.220455190394831e-14,7.550218490918496e+03,-9.999999999998381e-01,9.899999777102627e-01,,,1.057000450615921e-04,1.593430393073647e-05,7.614909045748350e+00,3.284597041853162e-07,9.417100191453453e+05,REACHED_FORCE,REACHED_FORCE,,1,0,0,1,0,0,,,,2.808516758033111e-13,NaN,2.729313316954566e-15,NaN,,,1.593397505508013e-11,5.525124388946976e-16,,solution good enough for the tolerances given,solution good enough for the tolerances given,,1.593397505508013e-11,5.525124388946976e-16,,3.110451232228125e-15,2.808516758033111e-13,2.729313316954566e-15,9.697969510370756e-18,,,2.808516758033111e-13,2.729313316954566e-15,,8.527933661315185e-02,2.872135245061637e+00,2.028286370095037e-07,3.236397821870723e-07,3.437702276330921e+04,0.000000000000000e+00,7.550218490918496e+03,-9.999999999998381e-01,2.932318171455292e-11,1.618705169903478e-13,10,9.999999999998381e-01,9.999999999990297e-01,9.999999999978266e-01,9.999999999962914e-01,9.999999999908902e-01,9.999999999899312e-01,9.999999999680760e-01,9.999999998743614e-01,9.999999998675539e-01,9.999999998675535e-01,3.078477438529734e-02,3.908576195436334e-02,1.431356018710130e-02,3.233246823541158e-02,1.577279952925229e-06,6.623052970954954e-02,1.899859198904630e-04,8.834517991075062e-35,6.912760598421840e-01,1.257852824862495e-01,NaN,NaN,NaN,NaN,0,NaN,NaN,NaN,NaN,NaN,NaN,NaN,NaN,NaN,NaN,NaN,NaN,NaN,NaN,NaN,NaN,NaN,NaN,NaN,NaN,7.550205833109538e+03,-9.999999999996909e-01,9.849860602793556e-12,3.090860900556436e-13,10,9.999999999996909e-01,9.999999999990095e-01,9.999999999974147e-01,9.999999999962812e-01,9.999999999899296e-01,9.999999999681939e-01,9.999999999680738e-01,9.999999998682663e-01,9.999999998675542e-01,9.999999998675533e-01,2.798608560628694e-04,6.435946371932917e-04,6.143738612766267e-03,1.271852043071713e-02,1.730294016328654e-03,1.602836116059629e-08,5.880437709319306e-01,5.543213002451696e-14,3.060475436693061e-01,8.439266081727893e-02,NaN,NaN,NaN,NaN,0,NaN,NaN,NaN,NaN,NaN,NaN,NaN,NaN,NaN,NaN,NaN,NaN,NaN,NaN,NaN,NaN,NaN,NaN,NaN,NaN,false
7,3.162000000000000e+06,0,2,CONTINUE,4.918660917814249e-06,4.918814735571775e-08,1.000000000000000e-09,7.865184408270277e-08,2.220455190394831e-14,7.542941083451144e+03,-9.999999999999480e-01,9.899996811949413e-01,,,1.057000450596905e-04,1.593430439759734e-05,7.614909045747682e+00,3.284597041853162e-07,9.417100191453453e+05,REACHED_FORCE,REACHED_FORCE,,1,0,0,1,0,0,,,,8.882090075249814e-14,NaN,7.876899264929085e-15,NaN,,,5.039207952825740e-12,1.747180072177021e-16,,solution good enough for the tolerances given,solution good enough for the tolerances given,,5.039207952825740e-12,1.747180072177021e-16,,6.957120860859227e-15,8.882090075249814e-14,7.876899264929085e-15,3.067347738642906e-18,,,8.882090075249814e-14,7.876899264929085e-15,,4.931366668483039e-02,2.872135245061485e+00,2.028286370095037e-07,3.236397821870723e-07,3.437702276330921e+04,0.000000000000000e+00,7.542941083451144e+03,-9.999999999999480e-01,4.532774817917030e-12,5.195843755245733e-14,10,9.999999999999480e-01,9.999999999996900e-01,9.999999999993023e-01,9.999999999988258e-01,9.999999999968112e-01,9.999999999935831e-01,9.999999999898852e-01,9.999999999580755e-01,9.999999999580740e-01,9.999999999580726e-01,3.096447651310571e-02,3.956623073635827e-02,1.319282322892553e-02,3.284617577288341e-02,6.645789746574646e-02,1.821189080165149e-11,1.888722110476537e-04,4.734339377122495e-03,8.046384774233470e-01,7.410707253251428e-03,NaN,NaN,NaN,NaN,0,NaN,NaN,NaN,NaN,NaN,NaN,NaN,NaN,NaN,NaN,NaN,NaN,NaN,NaN,NaN,NaN,NaN,NaN,NaN,NaN,7.543420477202628e+03,-9.999999999999032e-01,5.547572928111027e-13,9.681144774731365e-14,10,9.999999999999032e-01,9.999999999996860e-01,9.999999999991804e-01,9.999999999988216e-01,9.999999999968119e-01,9.999999999898861e-01,9.999999999898856e-01,9.999999999580840e-01,9.999999999580758e-01,9.999999999580753e-01,2.771359625436133e-04,6.660599275028533e-04,6.075011062026238e-03,1.279645676735998e-02,1.742148023374114e-03,4.027953614150768e-01,1.850818932187185e-01,2.730296929216955e-09,2.424924033357479e-01,1.480735275573545e-01,NaN,NaN,NaN,NaN,0,NaN,NaN,NaN,NaN,NaN,NaN,NaN,NaN,NaN,NaN,NaN,NaN,NaN,NaN,NaN,NaN,NaN,NaN,NaN,NaN,false
7,1.000000000000000e+07,0,2,CONTINUE,4.918660917814249e-06,4.919127869957361e-08,1.000000000000000e-09,7.865184408270277e-08,2.220455190394831e-14,7.542075640665823e+03,-9.999999999999818e-01,9.899990217479441e-01,,,1.057000450591356e-04,1.593430486764118e-05,7.614909045745693e+00,3.284597041853162e-07,9.417100191453453e+05,REACHED_FORCE,REACHED_FORCE,,1,0,0,1,0,0,,,,2.808517047693271e-14,NaN,2.654326718363371e-14,NaN,,,1.593397575859632e-12,5.527902774596842e-17,,solution good enough for the tolerances given,solution good enough for the tolerances given,,1.593397575859632e-12,5.527902774596842e-17,,2.393498538711112e-14,2.808517047693271e-14,2.654326718363371e-14,9.714367308241779e-19,,,2.808517047693271e-14,2.654326718363371e-14,,2.799464054071911e-02,2.872135245061436e+00,2.028286370095037e-07,3.236397821870723e-07,3.437702276330921e+04,0.000000000000000e+00,7.542075640665823e+03,-9.999999999999818e-01,2.394015257974300e-13,1.820765760385257e-14,10,9.999999999999818e-01,9.999999999999016e-01,9.999999999997775e-01,9.999999999996285e-01,9.999999999989899e-01,9.999999999968197e-01,9.999999999968028e-01,9.999999999867457e-01,9.999999999867413e-01,9.999999999867411e-01,3.065112847362858e-02,4.020584261171984e-02,1.096071362122274e-02,3.481558912778387e-02,6.660390605389926e-02,4.807943723988888e-12,2.074236355558646e-04,1.005341887905691e-03,2.435378962845126e-03,8.131146756206312e-01,NaN,NaN,NaN,NaN,0,NaN,NaN,NaN,NaN,NaN,NaN,NaN,NaN,NaN,NaN,NaN,NaN,NaN,NaN,NaN,NaN,NaN,NaN,NaN,NaN,7.539171734482992e+03,-9.999999999999660e-01,6.272985515517003e-14,3.397282455352979e-14,10,9.999999999999660e-01,9.999999999998992e-01,9.999999999997393e-01,9.999999999996272e-01,9.999999999989906e-01,9.999999999968032e-01,9.999999999968026e-01,9.999999999867406e-01,9.999999999867402e-01,9.999999999867359e-01,3.183350052142275e-04,6.787220629967450e-04,6.860722215723572e-03,1.195748948769827e-02,1.803167222160164e-03,2.944832081732780e-04,5.872565836024554e-01,3.865171439721206e-01,4.256909615250235e-03,5.644360820786875e-05,NaN,NaN,NaN,NaN,0,NaN,NaN,NaN,NaN,NaN,NaN,NaN,NaN,NaN,NaN,NaN,NaN,NaN,NaN,NaN,NaN,NaN,NaN,NaN,NaN,false
7,3.162000000000000e+07,0,2,CONTINUE,4.918660917814249e-06,4.920035940197737e-08,1.000000000000000e-09,7.865184408270277e-08,2.220455190394831e-14,7.518413783758996e+03,-9.999999999999911e-01,9.899971725248177e-01,,,1.057000450588516e-04,1.593430241053258e-05,7.614909045740093e+00,3.284597041853162e-07,9.417100191453453e+05,REACHED_FORCE,REACHED_FORCE,,1,0,0,1,0,0,,,,6.853578470315593e-14,NaN,6.625100756611748e-14,NaN,,,5.039207445796270e-13,1.744921989972452e-17,,solution good enough for the tolerances given,solution good enough for the tolerances given,,5.039207445796270e-13,1.744921989972452e-17,,6.853578470315593e-14,8.882090604708491e-15,6.625100756611748e-14,3.062293036059884e-19,,,6.853578470315593e-14,6.625100756611748e-14,,1.579183759560883e-02,2.872135245061421e+00,2.028286370095037e-07,3.236397821870723e-07,3.437702276330921e+04,0.000000000000000e+00,7.518413783758996e+03,-9.999999999999911e-01,6.621988254406470e-14,8.881784197001252e-15,10,9.999999999999911e-01,9.999999999999711e-01,9.999999999999272e-01,9.999999999998817e-01,9.999999999996807e-01,9.999999999989910e-01,9.999999999989875e-01,9.999999999957951e-01,9.999999999957949e-01,9.999999999957936e-01,7.305159011827407e-03,6.182627743614435e-02,1.101076213852877e-02,3.678291391658757e-02,6.727777547881068e-02,2.369431000903074e-58,3.716848485413577e-04,8.397742404841037e-02,5.491952293328278e-01,1.822527737883219e-01,NaN,NaN,NaN,NaN,0,NaN,NaN,NaN,NaN,NaN,NaN,NaN,NaN,NaN,NaN,NaN,NaN,NaN,NaN,NaN,NaN,NaN,NaN,NaN,NaN,7.516429928731345e+03,-9.999999999999845e-01,9.492715734257204e-14,1.554312234475219e-14,10,9.999999999999845e-01,9.999999999999445e-01,9.999999999999107e-01,9.999999999998808e-01,9.999999999996803e-01,9.999999999989873e-01,9.999999999989866e-01,9.999999999957940e-01,9.999999999957927e-01,9.999999999957925e-01,7.157330698456522e-04,1.353268038436108e-03,6.257776711348239e-03,1.211737661435536e-02,2.396677272967003e-03,9.941001567027161e-03,5.733425204741286e-01,4.205326219407305e-04,6.216992508743933e-03,3.872381211212072e-01,NaN,NaN,NaN,NaN,0,NaN,NaN,NaN,NaN,NaN,NaN,NaN,NaN,NaN,NaN,NaN,NaN,NaN,NaN,NaN,NaN,NaN,NaN,NaN,NaN,false
7,1.000000000000000e+08,0,2,CONTINUE,4.918660917814249e-06,4.920118584019508e-08,1.000000000000000e-09,7.865184408270277e-08,2.220455190394831e-14,7.630633052125710e+03,-9.999999999999947e-01,9.899970112073669e-01,,,1.057000450584503e-04,1.593430008755257e-05,7.614909045738767e+00,3.284597041853162e-07,9.417100191453453e+05,REACHED_FORCE,REACHED_FORCE,,1,0,0,1,0,0,,,,1.818001436446708e-13,NaN,2.542391990136856e-13,NaN,,,1.593397052502628e-13,5.529663367466970e-18,,solution good enough for the tolerances given,solution good enough for the tolerances given,,1.593397052502628e-13,5.529663367466970e-18,,1.818001436446708e-13,2.808517062257668e-15,2.542391990136856e-13,9.722163544429152e-20,,,1.818001436446708e-13,2.542391990136856e-13,,8.888747265924764e-03,2.872135245061416e+00,2.028286370095037e-07,3.236397821870723e-07,3.437702276330921e+04,0.000000000000000e+00,7.630633052125710e+03,-9.999999999999947e-01,5.317919238105127e-13,5.329070518200751e-15,10,9.999999999999947e-01,9.999999999999898e-01,9.999999999999647e-01,9.999999999999190e-01,9.999999999998952e-01,9.999999999996765e-01,9.999999999995044e-01,9.999999999986922e-01,9.999999999986913e-01,9.999999999986895e-01,6.703712677167817e-02,1.195605003532772e-84,5.010147168668243e-02,1.127989158100211e-85,6.702793745357082e-02,1.161320670510697e-03,1.933370726792998e-87,2.280751054695383e-01,1.421240512205782e-03,5.851757974358136e-01,NaN,NaN,NaN,NaN,0,NaN,NaN,NaN,NaN,NaN,NaN,NaN,NaN,NaN,NaN,NaN,NaN,NaN,NaN,NaN,NaN,NaN,NaN,NaN,NaN,7.635808116928786e+03,-9.999999999999944e-01,2.914482183359220e-13,5.551115123125783e-15,10,9.999999999999944e-01,9.999999999999727e-01,9.999999999999649e-01,9.999999999999079e-01,9.999999999998967e-01,9.999999999996756e-01,9.999999999996743e-01,9.999999999986933e-01,9.999999999986913e-01,9.999999999986904e-01,2.165028821836384e-05,3.317395407233978e-05,2.184767620787849e-02,2.513301490179394e-234,3.251575330283937e-03,5.778922996663015e-01,2.797410985130920e-04,7.916786581940992e-04,2.866993384479049e-04,3.955955054580906e-01,NaN,NaN,NaN,NaN,0,NaN,NaN,NaN,NaN,NaN,NaN,NaN,NaN,NaN,NaN,NaN,NaN,NaN,NaN,NaN,NaN,NaN,NaN,NaN,NaN,false
7,3.162000000000000e+08,0,2,CONTINUE,4.918660917814249e-06,4.925405936628951e-08,1.000000000000000e-09,7.865184408270277e-08,2.220455190394831e-14,8.467825845426656e+03,-9.999999999999971e-01,9.899848810184509e-01,,,1.057000450585956e-04,1.593424537277003e-05,7.614909045693532e+00,3.284597041853162e-07,9.417100191453453e+05,REACHED_FORCE,REACHED_FORCE,,1,0,0,1,0,0,,,,1.414178178422417e-12,NaN,1.844450558369868e-12,NaN,,,5.039189314147844e-14,1.751672885807431e-18,,solution good enough for the tolerances given,solution good enough for the tolerances given,,5.039189314147844e-14,1.751672885807431e-18,,1.414178178422417e-12,8.882068462540990e-16,1.844450558369868e-12,3.076514741632454e-20,,,1.414178178422417e-12,1.844450558369868e-12,,5.000287525191082e-03,2.872135245061414e+00,2.028286370095037e-07,3.236397821870723e-07,3.437702276330921e+04,0.000000000000000e+00,8.467825845426656e+03,-9.999999999999971e-01,1.742122971381513e-13,2.886579864025407e-15,10,9.999999999999971e-01,9.999999999999967e-01,9.999999999999909e-01,9.999999999999747e-01,9.999999999999019e-01,9.999999999998952e-01,9.999999999997460e-01,9.999999999996296e-01,9.999999999996290e-01,9.999999999996265e-01,1.325428408386626e-161,9.956572307194332e-02,2.371736353179506e-83,7.819061482854600e-02,2.943435863749782e-162,1.062993388652018e-02,7.908167011893845e-164,7.417664980472664e-01,6.531770996610525e-02,4.529520199618947e-03,NaN,NaN,NaN,NaN,0,NaN,NaN,NaN,NaN,NaN,NaN,NaN,NaN,NaN,NaN,NaN,NaN,NaN,NaN,NaN,NaN,NaN,NaN,NaN,NaN,8.422757582500062e+03,-9.999999999999996e-01,4.829077684909836e-14,4.440892098500626e-16,10,9.999999999999996e-01,9.999999999999920e-01,9.999999999999893e-01,9.999999999999796e-01,9.999999999998952e-01,9.999999999998936e-01,9.999999999996356e-01,9.999999999996263e-01,9.999999999996259e-01,9.999999999996245e-01,2.463242234851665e-07,3.578915573152910e-02,3.206586754797310e-05,5.474942640659100e-06,5.107278042634877e-01,1.547711563970325e-06,5.357180629965584e-05,3.628368453293541e-02,3.105733510056857e-01,1.065330978140862e-01,NaN,NaN,NaN,NaN,0,NaN,NaN,NaN,NaN,NaN,NaN,NaN,NaN,NaN,NaN,NaN,NaN,NaN,NaN,NaN,NaN,NaN,NaN,NaN,NaN,false
7,1.000000000000000e+09,0,2,CONTINUE,4.918660917814249e-06,4.940257383103839e-08,1.000000000000000e-09,7.865184408270277e-08,2.220455190394831e-14,7.711643197551220e+03,-9.999999999999982e-01,9.899550643581450e-01,,,1.057000450517469e-04,1.593428712219624e-05,7.614909045604627e+00,3.284597041853162e-07,9.417100191453453e+05,REACHED_FORCE,REACHED_FORCE,,1,0,0,1,0,0,,,,2.013616226576064e-12,NaN,2.571755742796109e-12,NaN,,,1.593396776939956e-14,5.376420369469460e-19,,solution good enough for the tolerances given,solution good enough for the tolerances given,,1.593396776939956e-14,5.376420369469460e-19,,2.013616226576064e-12,2.808522977973149e-16,2.571755742796109e-12,9.698175125391083e-21,,,2.013616226576064e-12,2.571755742796109e-12,,2.812022272077907e-03,2.872135245061414e+00,2.028286370095037e-07,3.236397821870723e-07,3.437702276330921e+04,0.000000000000000e+00,7.711643197551220e+03,-9.999999999999982e-01,1.085256150016558e-14,1.776356839400250e-15,10,9.999999999999982e-01,9.999999999999967e-01,9.999999999999949e-01,9.999999999999942e-01,9.999999999999702e-01,9.999999999999689e-01,9.999999999998785e-01,9.999999999998737e-01,9.999999999998723e-01,9.999999999998703e-01,1.560993941759301e-140,2.038795443922172e-01,8.797072977325480e-138,3.293672456982065e-83,8.221567031652337e-02,4.134184299478851e-140,2.900259783687638e-139,4.268251452035730e-02,1.155736422158898e-138,6.712222707709022e-01,NaN,NaN,NaN,NaN,0,NaN,NaN,NaN,NaN,NaN,NaN,NaN,NaN,NaN,NaN,NaN,NaN,NaN,NaN,NaN,NaN,NaN,NaN,NaN,NaN,7.659183039744741e+03,-9.999999999999993e-01,4.574592849692456e-14,6.661338147750939e-16,10,9.999999999999993e-01,9.999999999999991e-01,9.999999999999958e-01,9.999999999999933e-01,9.999999999999678e-01,9.999999999999671e-01,9.999999999998914e-01,9.999999999998710e-01,9.999999999998701e-01,9.999999999998694e-01,8.866748945506723e-138,1.385133398115047e-01,4.618294335507899e-83,3.144891113043874e-219,2.393377784587073e-137,3.653892666086209e-01,1.488468191070772e-220,3.395376581275580e-83,2.808359435446992e-139,4.960973935798745e-01,NaN,NaN,NaN,NaN,0,NaN,NaN,NaN,NaN,NaN,NaN,NaN,NaN,NaN,NaN,NaN,NaN,NaN,NaN,NaN,NaN,NaN,NaN,NaN,NaN,false
7,3.162000000000000e+09,0,2,CONTINUE,4.918660917814249e-06,4.954771416153617e-08,1.000000000000000e-09,7.865184408270277e-08,2.220455190394831e-14,3.516761252348561e+03,-1.000000000000009e+00,9.899218993142325e-01,,,1.057000450381218e-04,1.593393709618260e-05,7.614909045528715e+00,3.284597041853162e-07,9.417100191453453e+05,REACHED_FORCE,REACHED_FORCE,,1,0,0,1,0,0,,,,7.222867815335618e-12,NaN,7.572010013047672e-12,NaN,,,5.039102893093967e-15,1.818893493005257e-19,,solution good enough for the tolerances given,solution good enough for the tolerances given,,5.039102893093967e-15,1.818893493005257e-19,,7.222867815335618e-12,8.882098533737712e-17,7.572010013047672e-12,3.701070365873629e-21,,,7.222867815335618e-12,7.572010013047672e-12,,1.581435100003513e-03,2.872135245061414e+00,2.028286370095037e-07,3.236397821870723e-07,3.437702276330921e+04,0.000000000000000e+00,3.516761252348561e+03,-1.000000000000009e+00,4.241214841140980e-14,-9.325873406851315e-15,10,1.000000000000009e+00,1.000000000000001e+00,9.999999999999969e-01,9.999999999999947e-01,9.999999999999931e-01,9.999999999999902e-01,9.999999999999698e-01,9.999999999999118e-01,9.999999999999103e-01,9.999999999999101e-01,2.016564528090375e-167,1.376043729953817e-138,3.028862488871013e-01,2.427094936873086e-167,4.509085772917817e-56,7.914439324198295e-58,1.488510110459135e-249,3.641064671863439e-57,1.791067424633165e-167,6.971137511128984e-01,NaN,NaN,NaN,NaN,0,NaN,NaN,NaN,NaN,NaN,NaN,NaN,NaN,NaN,NaN,NaN,NaN,NaN,NaN,NaN,NaN,NaN,NaN,NaN,NaN,3.415559489691040e+03,-9.999999999999989e-01,2.080320208774586e-14,1.110223024625157e-15,10,9.999999999999989e-01,9.999999999999969e-01,9.999999999999962e-01,9.999999999999953e-01,9.999999999999829e-01,9.999999999999802e-01,9.999999999999098e-01,9.999999999999090e-01,9.999999999999085e-01,9.999999999999074e-01,1.879344257263014e-01,8.498423584499316e-222,4.630164015676137e-167,3.380720212027928e-84,9.496645308035105e-139,4.638063944233681e-01,4.643439906736822e-84,8.348858547751856e-223,3.482591798503304e-01,2.664508645209186e-167,NaN,NaN,NaN,NaN,0,NaN,NaN,NaN,NaN,NaN,NaN,NaN,NaN,NaN,NaN,NaN,NaN,NaN,NaN,NaN,NaN,NaN,NaN,NaN,NaN,false
7,1.000000000000000e+10,0,2,CONTINUE,4.918660917814249e-06,5.426543652930110e-08,1.000000000000000e-09,7.865184408270277e-08,2.220455190394831e-14,8.497357787491403e+03,-1.000000000000027e+00,9.889536796008539e-01,,,1.057000450500255e-04,1.593672692589262e-05,7.614909042790958e+00,3.284597041853162e-07,9.417100191453453e+05,REACHED_FORCE,REACHED_FORCE,,1,0,0,1,0,0,,,,1.986075087819106e-11,NaN,2.454625561241443e-11,NaN,,,1.593641827259427e-15,7.390077212335343e-20,,solution good enough for the tolerances given,solution good enough for the tolerances given,,1.593641827259427e-15,7.390077212335343e-20,,1.986075087819106e-11,2.808988610321263e-17,2.454625561241443e-11,1.490708897365767e-21,,,1.986075087819106e-11,2.454625561241443e-11,,8.892760423034793e-04,2.872135245061414e+00,2.028286370095037e-07,3.236397821870723e-07,3.437702276330921e+04,0.000000000000000e+00,8.497357787491403e+03,-1.000000000000027e+00,1.431645718751386e-14,-2.664535259100376e-14,10,1.000000000000027e+00,1.000000000000024e+00,1.000000000000022e+00,1.000000000000002e+00,1.000000000000000e+00,9.999999999999987e-01,9.999999999999960e-01,9.999999999999907e-01,9.999999999999907e-01,9.999999999999882e-01,2.002139361122027e-170,4.693719069681127e-58,1.000000000000000e+00,1.190151279552155e-28,4.162422929763928e-113,1.740803543866501e-254,6.282632755390913e-226,2.924986346858234e-170,7.084601812239771e-142,2.564933486480300e-57,NaN,NaN,NaN,NaN,0,NaN,NaN,NaN,NaN,NaN,NaN,NaN,NaN,NaN,NaN,NaN,NaN,NaN,NaN,NaN,NaN,NaN,NaN,NaN,NaN,8.042142191732929e+03,-1.000000000000028e+00,7.700539359222621e-15,-2.753353101070388e-14,10,1.000000000000028e+00,1.000000000000026e+00,1.000000000000026e+00,1.000000000000000e+00,9.999999999999996e-01,9.999999999999980e-01,9.999999999999969e-01,9.999999999999942e-01,9.999999999999878e-01,9.999999999999876e-01,1.053207499525350e-226,1.076487238857621e-114,2.127913130100167e-01,4.080041505351054e-01,6.508033368420829e-198,6.393756145607081e-85,3.484897562051144e-114,8.718632815753054e-227,3.792045364548783e-01,3.371862293845618e-114,NaN,NaN,NaN,NaN,0,NaN,NaN,NaN,NaN,NaN,NaN,NaN,NaN,NaN,NaN,NaN,NaN,NaN,NaN,NaN,NaN,NaN,NaN,NaN,NaN,false
7,3.162000000000000e+10,0,2,CONTINUE,4.918660917814249e-06,5.352196877432125e-08,1.000000000000000e-09,7.865184408270277e-08,2.220455190394831e-14,2.739015975387075e+03,-1.000000000000025e+00,9.891486163423326e-01,,,1.057000448393121e-04,1.593702278593724e-05,7.614909043461220e+00,3.284597041853162e-07,9.417100191453453e+05,REACHED_FORCE,REACHED_FORCE,,1,0,0,1,0,0,,,,7.380701637502820e-11,NaN,6.943660975837865e-11,NaN,,,5.040224334401610e-16,4.707068146821906e-20,,solution good enough for the tolerances given,solution good enough for the tolerances given,,5.040224334401610e-16,4.707068146821906e-20,,7.380701637502820e-11,8.885087662095707e-18,6.943660975837865e-11,7.196525711420945e-22,,,7.380701637502820e-11,6.943660975837865e-11,,5.001001837762772e-04,2.872135245061414e+00,2.028286370095037e-07,3.236397821870723e-07,3.437702276330921e+04,0.000000000000000e+00,2.739015975387075e+03,-1.000000000000025e+00,8.142984166146375e-15,-2.486899575160351e-14,10,1.000000000000025e+00,1.000000000000025e+00,1.000000000000020e+00,1.000000000000002e+00,1.000000000000000e+00,9.999999999999949e-01,9.999999999999918e-01,9.999999999999898e-01,9.999999999999887e-01,9.999999999999885e-01,5.389769488504589e-58,2.468275105818951e-170,1.000000000000000e+00,1.112569525084895e-28,1.718509745023618e-57,2.194496461046366e-141,8.214340922222248e-170,1.738864670969732e-253,3.053975082940713e-57,2.071382454575040e-171,NaN,NaN,NaN,NaN,0,NaN,NaN,NaN,NaN,NaN,NaN,NaN,NaN,NaN,NaN,NaN,NaN,NaN,NaN,NaN,NaN,NaN,NaN,NaN,NaN,2.543371977145139e+03,-1.000000000000027e+00,1.412463168382474e-14,-2.664535259100376e-14,10,1.000000000000027e+00,1.000000000000025e+00,1.000000000000025e+00,9.999999999999989e-01,9.999999999999978e-01,9.999999999999973e-01,9.999999999999971e-01,9.999999999999960e-01,9.999999999999953e-01,9.999999999999876e-01,6.760125675293961e-227,1.769283772168897e-29,2.209480415064738e-170,1.000000000000000e+00,1.012848004124513e-113,1.772504621757031e-226,4.663739861471104e-85,1.568682461028293e-170,3.336645325641565e-142,1.648350679308063e-29,NaN,NaN,NaN,NaN,0,NaN,NaN,NaN,NaN,NaN,NaN,NaN,NaN,NaN,NaN,NaN,NaN,NaN,NaN,NaN,NaN,NaN,NaN,NaN,NaN,false
7,1.000000000000000e+11,0,2,CONTINUE,4.918660917814249e-06,7.274181423908167e-08,1.000000000000000e-09,7.865184408270277e-08,2.220455190394831e-14,6.721790488612580e+02,-1.000000000000032e+00,9.851968158042543e-01,,,1.056999861212009e-04,1.593714777506987e-05,7.614909033389828e+00,3.284597041853162e-07,9.417100191453453e+05,REACHED_FORCE,REACHED_FORCE,,1,0,0,1,0,0,,,,3.053883734650542e-10,NaN,2.876264842655930e-10,NaN,,,1.593652632273740e-16,6.231288063472525e-20,,solution good enough for the tolerances given,solution good enough for the tolerances given,,1.593652632273740e-16,6.231288063472525e-20,,3.053883734650542e-10,2.810560280132882e-18,2.876264842655930e-10,1.405035972229804e-21,,,3.053883734650542e-10,2.876264842655930e-10,,2.812149294747245e-04,2.872135245061414e+00,2.028286370095037e-07,3.236397821870723e-07,3.437702276330921e+04,0.000000000000000e+00,6.721790488612580e+02,-1.000000000000032e+00,2.016101743514763e-14,-3.153033389935445e-14,10,1.000000000000032e+00,1.000000000000030e+00,1.000000000000028e+00,1.000000000000017e+00,1.000000000000000e+00,9.999999999999969e-01,9.999999999999942e-01,9.999999999999929e-01,9.999999999999869e-01,9.999999999999851e-01,3.482973582729865e-169,1.903827269009093e-85,7.702995923713035e-01,2.960942199660285e-224,6.440042707459792e-85,2.297004076286966e-01,1.499824833940892e-168,1.276304916758441e-56,1.993258516584821e-85,9.160766120404235e-169,NaN,NaN,NaN,NaN,0,NaN,NaN,NaN,NaN,NaN,NaN,NaN,NaN,NaN,NaN,NaN,NaN,NaN,NaN,NaN,NaN,NaN,NaN,NaN,NaN,6.928614811339124e+02,-1.000000000000028e+00,3.789678033196965e-15,-2.753353101070388e-14,10,1.000000000000028e+00,1.000000000000027e+00,1.000000000000005e+00,1.000000000000002e+00,9.999999999999996e-01,9.999999999999993e-01,9.999999999999982e-01,9.999999999999960e-01,9.999999999999958e-01,9.999999999999856e-01,2.289159176333809e-30,6.577163437524610e-142,1.519378760537761e-113,4.547594871855074e-30,1.000000000000000e+00,8.983530946053631e-255,1.636341017521103e-142,1.675054145630170e-226,2.446503055542376e-198,8.460666758835894e-30,NaN,NaN,NaN,NaN,0,NaN,NaN,NaN,NaN,NaN,NaN,NaN,NaN,NaN,NaN,NaN,NaN,NaN,NaN,NaN,NaN,NaN,NaN,NaN,NaN,false
7,3.162000000000000e+11,0,2,CONTINUE,4.918660917814249e-06,7.769508477568370e-08,1.000000000000000e-09,7.865184408270277e-08,2.220455190394831e-14,3.096278928698437e+02,-1.000000000000043e+00,9.840724267196629e-01,,,1.056988537152744e-04,1.599090560130626e-05,7.614909028637959e+00,3.284597041853162e-07,9.417100191453453e+05,REACHED_FORCE,REACHED_FORCE,,1,0,0,1,0,0,,,,1.165429454863456e-09,NaN,5.231287439522766e-10,NaN,,,5.057422318098292e-17,6.191661254193648e-20,,solution good enough for the tolerances given,solution good enough for the tolerances given,,5.057422318098292e-17,6.191661254193648e-20,,1.165429454863456e-09,8.922920825835747e-19,5.231287439522766e-10,1.370766802175418e-21,,,1.165429454863456e-09,5.231287439522766e-10,,1.581457698687441e-04,2.872135245061414e+00,2.028286370095037e-07,3.236397821870723e-07,3.437702276330921e+04,0.000000000000000e+00,3.096278928698437e+02,-1.000000000000043e+00,1.293949857679219e-14,-4.263256414560601e-14,10,1.000000000000043e+00,1.000000000000041e+00,1.000000000000040e+00,1.000000000000038e+00,9.999999999999996e-01,9.999999999999978e-01,9.999999999999960e-01,9.999999999999947e-01,9.999999999999940e-01,9.999999999999898e-01,5.852886204608596e-142,8.785696975979771e-01,5.023090353765076e-58,9.235858580798066e-225,1.840636782703516e-57,1.214303024020228e-01,5.686762880657308e-141,1.901899384114423e-224,8.394079989781174e-144,1.205676457889683e-57,NaN,NaN,NaN,NaN,0,NaN,NaN,NaN,NaN,NaN,NaN,NaN,NaN,NaN,NaN,NaN,NaN,NaN,NaN,NaN,NaN,NaN,NaN,NaN,NaN,5.086743954290309e+02,-1.000000000000040e+00,8.414189313724814e-15,-3.996802888650564e-14,10,1.000000000000040e+00,1.000000000000040e+00,1.000000000000039e+00,9.999999999999998e-01,9.999999999999976e-01,9.999999999999967e-01,9.999999999999960e-01,9.999999999999960e-01,9.999999999999947e-01,9.999999999999938e-01,1.160190233379842e-225,2.159733271959376e-30,1.878240889160199e-114,1.000000000000000e+00,3.644540957173545e-169,3.398675696386534e-85,2.078389921787165e-197,5.994861751898312e-30,1.052930391513954e-113,6.936612011658764e-226,NaN,NaN,NaN,NaN,0,NaN,NaN,NaN,NaN,NaN,NaN,NaN,NaN,NaN,NaN,NaN,NaN,NaN,NaN,NaN,NaN,NaN,NaN,NaN,NaN,false
7,1.000000000000000e+12,0,2,CONTINUE,4.918660917814249e-06,1.670330332115752e-07,1.000000000000000e-09,7.865184408270277e-08,2.220455190394831e-14,3.216856876693201e+02,-1.000000000000038e+00,9.665451582706946e-01,,,1.056992211172650e-04,1.596441249712795e-05,7.614908974421144e+00,3.284597041853162e-07,9.417100191453453e+05,REACHED_FORCE,REACHED_FORCE,,1,0,0,1,0,0,,,,2.827001912440320e-09,NaN,2.511366320140047e-09,NaN,,,1.600587851691462e-17,6.887770091540192e-20,,solution good enough for the tolerances given,solution good enough for the tolerances given,,1.600587851691462e-17,6.887770091540192e-20,,2.827001912440320e-09,2.830676282954806e-19,2.511366320140047e-09,1.302228462066647e-21,,,2.827001912440320e-09,2.511366320140047e-09,,8.892799832465187e-05,2.872135245061414e+00,2.028286370095037e-07,3.236397821870723e-07,3.437702276330921e+04,0.000000000000000e+00,3.216856876693201e+02,-1.000000000000038e+00,2.005604945353460e-14,-3.774758283725532e-14,10,1.000000000000038e+00,1.000000000000037e+00,1.000000000000013e+00,1.000000000000002e+00,9.999999999999993e-01,9.999999999999991e-01,9.999999999999982e-01,9.999999999999973e-01,9.999999999999973e-01,9.999999999999969e-01,8.089129730940592e-01,5.915233943048968e-142,9.317427216319896e-255,8.416617378990253e-198,1.170034291028631e-113,1.661697836660891e-142,1.910870269059407e-01,3.490222634734916e-85,5.931957932497101e-57,2.514337905743150e-226,NaN,NaN,NaN,NaN,0,NaN,NaN,NaN,NaN,NaN,NaN,NaN,NaN,NaN,NaN,NaN,NaN,NaN,NaN,NaN,NaN,NaN,NaN,NaN,NaN,1.185157796676436e+02,-1.000000000000040e+00,2.009249119900263e-14,-4.041211809635570e-14,10,1.000000000000040e+00,1.000000000000040e+00,1.000000000000038e+00,1.000000000000011e+00,1.000000000000000e+00,9.999999999999991e-01,9.999999999999982e-01,9.999999999999971e-01,9.999999999999949e-01,9.999999999999916e-01,1.883208729725049e-113,8.270921199419328e-170,3.076905852913278e-01,1.678785695064123e-252,6.923094147086722e-01,1.422578046028485e-113,5.057511483607690e-169,7.305393700376761e-85,1.181276804966119e-56,2.623723291104821e-170,NaN,NaN,NaN,NaN,0,NaN,NaN,NaN,NaN,NaN,NaN,NaN,NaN,NaN,NaN,NaN,NaN,NaN,NaN,NaN,NaN,NaN,NaN,NaN,NaN,false
7,3.162000000000000e+12,0,2,CONTINUE,4.918660917814249e-06,9.542975775818448e-07,1.000000000000000e-09,7.865184408270277e-08,2.220455190394831e-14,1.238511571479356e+01,-1.000000000000002e+00,8.029715815691626e-01,,,1.050717051986505e-04,1.613018524895809e-05,7.614908635833971e+00,3.284597041853162e-07,9.417100191453453e+05,REACHED_FORCE,REACHED_FORCE,,1,0,0,1,0,0,,,,8.947576104697869e-09,NaN,9.667881176077016e-09,NaN,,,5.124577877158031e-18,7.274803229692184e-20,,solution good enough for the tolerances given,solution good enough for the tolerances given,,5.124577877158031e-18,7.274803229692184e-20,,8.947576104697869e-09,9.250962456181352e-20,9.667881176077016e-09,1.250824706985069e-21,,,8.947576104697869e-09,9.667881176077016e-09,,5.001010907127869e-05,2.872135245061414e+00,2.028286370095037e-07,3.236397821870723e-07,3.437702276330921e+04,0.000000000000000e+00,1.238511571479356e+01,-1.000000000000002e+00,1.240883413225590e-14,-1.776356839400250e-15,10,1.000000000000002e+00,1.000000000000002e+00,9.999999999999958e-01,9.999999999999907e-01,9.999999999999905e-01,9.999999999999893e-01,9.999999999999878e-01,9.999999999999836e-01,9.999999999999800e-01,9.999999999999745e-01,2.347348729469474e-113,5.302850756688563e-01,3.141761700729146e-225,1.364044727223368e-84,4.541928929296368e-169,4.820456843269335e-197,2.928041514187970e-253,1.172374818242408e-56,4.697149243311438e-01,8.994625130181818e-114,NaN,NaN,NaN,NaN,0,NaN,NaN,NaN,NaN,NaN,NaN,NaN,NaN,NaN,NaN,NaN,NaN,NaN,NaN,NaN,NaN,NaN,NaN,NaN,NaN,1.271685988572554e+01,-1.000000000000006e+00,1.115200235633487e-14,-6.217248937900877e-15,10,1.000000000000006e+00,1.000000000000003e+00,1.000000000000000e+00,9.999999999999984e-01,9.999999999999967e-01,9.999999999999949e-01,9.999999999999860e-01,9.999999999999782e-01,9.999999999999758e-01,9.999999999999751e-01,1.514526540519737e-169,1.192264294051990e-113,4.459070070641573e-01,2.843213636127249e-225,6.105278978372980e-85,1.651661340052546e-253,7.853106169889731e-57,3.944787136710376e-170,1.834523576576560e-113,5.540929929358429e-01,NaN,NaN,NaN,NaN,0,NaN,NaN,NaN,NaN,NaN,NaN,NaN,NaN,NaN,NaN,NaN,NaN,NaN,NaN,NaN,NaN,NaN,NaN,NaN,NaN,false
7,1.000000000000000e+13,0,2,CONTINUE,4.918660917814249e-06,1.060636020455696e-06,1.000000000000000e-09,7.865184408270277e-08,2.220455190394831e-14,1.407374883553270e+01,-1.000000000000019e+00,8.226508720944339e-01,,,9.994079359329796e-05,1.609233099230337e-05,7.614908257399057e+00,3.284597041853162e-07,9.417100191453453e+05,REACHED_FORCE,REACHED_FORCE,,1,0,0,1,0,0,,,,1.881220477793054e-08,NaN,1.812016292791777e-08,NaN,,,1.656153945162845e-18,1.858553225466250e-19,,solution good enough for the tolerances given,solution good enough for the tolerances given,,1.656153945162845e-18,1.858553225466250e-19,,1.881220477793054e-08,2.978847606977456e-20,1.812016292791777e-08,3.675368488332840e-21,,,1.881220477793054e-08,1.812016292791777e-08,,2.812147673666635e-05,2.872135245061414e+00,2.028286370095037e-07,3.236397821870723e-07,3.437702276330921e+04,0.000000000000000e+00,1.407374883553270e+01,-1.000000000000019e+00,1.084132351086834e-14,-1.909583602355269e-14,10,1.000000000000019e+00,1.000000000000012e+00,1.000000000000012e+00,1.000000000000007e+00,1.000000000000007e+00,9.999999999999987e-01,9.999999999999982e-01,9.999999999999953e-01,9.999999999999953e-01,9.999999999999929e-01,6.803005218259812e-01,1.333542395569299e-113,2.635575959970858e-198,2.752942659251314e-85,3.149811057100746e-226,7.871783622951108e-142,9.953322311134522e-57,5.341344906991377e-170,2.849052197357948e-254,3.196994781740186e-01,NaN,NaN,NaN,NaN,0,NaN,NaN,NaN,NaN,NaN,NaN,NaN,NaN,NaN,NaN,NaN,NaN,NaN,NaN,NaN,NaN,NaN,NaN,NaN,NaN,1.876499844737697e+01,-1.000000000000019e+00,8.826141440374186e-15,-1.909583602355269e-14,10,1.000000000000019e+00,1.000000000000019e+00,1.000000000000014e+00,1.000000000000012e+00,1.000000000000009e+00,1.000000000000002e+00,1.000000000000001e+00,1.000000000000000e+00,9.999999999999951e-01,9.999999999999947e-01,6.575225702788247e-170,4.717299828672665e-01,5.360223788064477e-254,5.340699326527470e-85,5.408354128973223e-113,7.149427724210925e-226,1.863027108066595e-141,1.114496856724791e-56,5.282700171327331e-01,4.089843057902037e-170,NaN,NaN,NaN,NaN,0,NaN,NaN,NaN,NaN,NaN,NaN,NaN,NaN,NaN,NaN,NaN,NaN,NaN,NaN,NaN,NaN,NaN,NaN,NaN,NaN,false
7,3.162000000000000e+13,0,2,CONTINUE,4.918660917814249e-06,2.994432398155176e-06,1.000000000000000e-09,7.865184408270277e-08,2.220455190394831e-14,1.780360384001588e+00,-1.000000000000027e+00,4.329894843060872e-01,,,9.423150391333037e-05,1.861420388210415e-05,7.614907296988813e+00,3.284597041853162e-07,9.417100191453453e+05,REACHED_FORCE,REACHED_FORCE,,1,0,0,1,0,0,,,,7.666084078920880e-08,NaN,7.125967541093203e-08,NaN,,,6.367056230273599e-19,1.347882725771751e-19,,solution good enough for the tolerances given,solution good enough for the tolerances given,,6.367056230273599e-19,1.347882725771751e-19,,7.666084078920880e-08,1.240115591343074e-20,7.125967541093203e-08,2.518783998997331e-21,,,7.666084078920880e-08,7.125967541093203e-08,,1.581458095945309e-05,2.872135245061414e+00,2.028286370095037e-07,3.236397821870723e-07,3.437702276330921e+04,0.000000000000000e+00,1.780360384001588e+00,-1.000000000000027e+00,1.839371016810184e-14,-2.708944180085382e-14,10,1.000000000000027e+00,1.000000000000024e+00,1.000000000000023e+00,1.000000000000012e+00,9.999999999999982e-01,9.999999999999947e-01,9.999999999999929e-01,9.999999999999918e-01,9.999999999999829e-01,9.999999999999822e-01,1.098440230366896e-141,8.043918051367144e-01,3.506585863184613e-85,5.820061681719107e-225,1.199877178229576e-141,1.956081948632856e-01,2.229104023038959e-85,5.167847600415358e-57,1.571406169261483e-141,9.535854696201693e-225,NaN,NaN,NaN,NaN,0,NaN,NaN,NaN,NaN,NaN,NaN,NaN,NaN,NaN,NaN,NaN,NaN,NaN,NaN,NaN,NaN,NaN,NaN,NaN,NaN,2.094541628237168e+00,-1.000000000000025e+00,1.420563942338952e-14,-2.486899575160351e-14,10,1.000000000000025e+00,1.000000000000024e+00,1.000000000000020e+00,1.000000000000002e+00,1.000000000000000e+00,1.000000000000000e+00,9.999999999999918e-01,9.999999999999916e-01,9.999999999999916e-01,9.999999999999849e-01,1.024565593853353e-01,3.014802267794553e-142,1.784420918191276e-226,1.123434412457687e-197,4.552017183526075e-01,6.225934094462213e-85,1.267499291297270e-113,5.347090529785747e-142,2.156269036916221e-226,4.423417222620569e-01,NaN,NaN,NaN,NaN,0,NaN,NaN,NaN,NaN,NaN,NaN,NaN,NaN,NaN,NaN,NaN,NaN,NaN,NaN,NaN,NaN,NaN,NaN,NaN,NaN,false
7,1.000000000000000e+14,0,4,CONTINUE,4.918660917814249e-06,5.008226567478553e-08,1.000000000000000e-09,7.865184408270277e-08,2.220455190394831e-14,4.691249611844167e-01,-1.000000000000028e+00,9.898162613110187e-01,,,1.057000450592599e-04,1.593409898182717e-05,7.614909045289459e+00,3.284597041853162e-07,9.417100191453453e+05,REACHED_FORCE,REACHED_FORCE,,1,1,1,1,1,1,,,,2.268124906415950e-07,5.886559231785369e-12,2.041355877041023e-07,5.799345538092153e-12,,,2.151812071015157e-19,1.742587697884387e-19,,solution good enough for the tolerances given,solution good enough for the tolerances given,,2.151812071015157e-19,1.742587697884387e-19,,2.268124906415950e-07,4.442141168299714e-21,2.041355877041023e-07,3.923819971227134e-21,,,5.886559231785369e-12,5.799345538092153e-12,,8.892744198545925e-06,2.872135245061414e+00,2.028286370095037e-07,3.236397821870723e-07,3.437702276330921e+04,0.000000000000000e+00,4.691249611844167e-01,-1.000000000000028e+00,2.027790358241023e-14,-2.753353101070388e-14,10,1.000000000000028e+00,1.000000000000028e+00,1.000000000000009e+00,1.000000000000001e+00,9.999999999999960e-01,9.999999999999936e-01,9.999999999999920e-01,9.999999999999842e-01,9.999999999999816e-01,9.999999999999787e-01,9.294704123028937e-86,5.847776310266624e-01,7.380910428904083e-225,1.086455695908015e-168,6.628856068435179e-85,2.783208124461014e-03,4.124391608488768e-01,2.393356888954155e-86,8.265668802971519e-225,8.919417110032678e-169,NaN,NaN,NaN,NaN,0,NaN,NaN,NaN,NaN,NaN,NaN,NaN,NaN,NaN,NaN,NaN,NaN,NaN,NaN,NaN,NaN,NaN,NaN,NaN,NaN,7.505999378950726e-01,-1.000000000000032e+00,8.555684849317785e-15,-3.153033389935445e-14,10,1.000000000000032e+00,1.000000000000028e+00,1.000000000000028e+00,1.000000000000004e+00,9.999999999999996e-01,9.999999999999989e-01,9.999999999999987e-01,9.999999999999942e-01,9.999999999999933e-01,9.999999999999867e-01,4.208745240533819e-226,3.744109107116615e-142,2.392522845923666e-58,9.660005921958137e-198,3.008728932228932e-226,4.870155566083341e-29,7.298211382846074e-58,1.024407137260508e-113,5.394777173444417e-142,1.000000000000000e+00,NaN,NaN,NaN,NaN,0,NaN,NaN,NaN,NaN,NaN,NaN,NaN,NaN,NaN,NaN,NaN,NaN,NaN,NaN,NaN,NaN,NaN,NaN,NaN,NaN,false
7,3.162000000000000e+14,0,4,CONTINUE,4.918660917814249e-06,5.758560415085702e-08,1.000000000000000e-09,7.865184408270277e-08,2.220455190394831e-14,1.849725074287365e-01,-1.000000000000009e+00,9.882584225842675e-01,,,1.057000445523437e-04,1.593132423296942e-05,7.614909041319328e+00,3.284597041853162e-07,9.417100191453453e+05,REACHED_FORCE,REACHED_FORCE,,1,1,1,1,1,1,,,,8.738746039496415e-07,7.362632141239107e-11,7.238315497464471e-07,9.636317094691343e-11,,,2.183444868559400e-19,1.760507289905451e-19,,solution good enough for the tolerances given,solution good enough for the tolerances given,,2.183444868559400e-19,1.760507289905451e-19,,8.738746039496415e-07,4.043762066417483e-21,7.238315497464471e-07,2.912879454622763e-21,,,7.362632141239107e-11,9.636317094691343e-11,,5.001017464584694e-06,2.872135245061414e+00,2.028286370095037e-07,3.236397821870723e-07,3.437702276330921e+04,0.000000000000000e+00,1.849725074287365e-01,-1.000000000000009e+00,9.654243455271266e-15,-9.325873406851315e-15,10,1.000000000000009e+00,1.000000000000007e+00,1.000000000000002e+00,9.999999999999996e-01,9.999999999999936e-01,9.999999999999929e-01,9.999999999999929e-01,9.999999999999871e-01,9.999999999999860e-01,9.999999999999829e-01,6.577985880191595e-01,5.536780656096107e-114,1.083830718189683e-254,2.477472585561503e-85,2.258316821301513e-198,6.692526547554659e-170,1.282786912006273e-56,1.626837940660041e-226,3.422014119808401e-01,2.309927976974651e-114,NaN,NaN,NaN,NaN,0,NaN,NaN,NaN,NaN,NaN,NaN,NaN,NaN,NaN,NaN,NaN,NaN,NaN,NaN,NaN,NaN,NaN,NaN,NaN,NaN,1.177097774546493e-01,-1.000000000000012e+00,1.557618052478821e-14,-1.199040866595169e-14,10,1.000000000000012e+00,1.000000000000006e+00,1.000000000000005e+00,1.000000000000004e+00,9.999999999999951e-01,9.999999999999893e-01,9.999999999999838e-01,9.999999999999762e-01,9.999999999999747e-01,9.999999999999731e-01,4.557821073825780e-01,2.077755033816521e-85,6.516376083173927e-141,5.234777539283605e-197,3.117259011163125e-252,4.443465648875965e-02,4.997832361286622e-01,3.874772127833640e-85,4.056069482518231e-141,5.308003116457781e-197,NaN,NaN,NaN,NaN,0,NaN,NaN,NaN,NaN,NaN,NaN,NaN,NaN,NaN,NaN,NaN,NaN,NaN,NaN,NaN,NaN,NaN,NaN,NaN,NaN,false
7,1.000000000000000e+15,0,4,CONTINUE,4.918660917814249e-06,1.118691527290866e-07,1.000000000000000e-09,7.865184408270277e-08,2.220455190394831e-14,7.263870366726506e-02,-1.000000000000045e+00,9.772120551180036e-01,,,1.056993231377779e-04,1.585659060109257e-05,7.614909010486342e+00,3.284597041853162e-07,9.417100191453453e+05,REACHED_FORCE,REACHED_FORCE,,1,1,1,1,1,1,,,,2.263547570860094e-06,8.547091436071451e-10,2.311756544175586e-06,1.059358940094972e-09,,,2.304214736713632e-19,2.278411368861746e-19,,solution good enough for the tolerances given,solution good enough for the tolerances given,,2.304214736713632e-19,2.278411368861746e-19,,2.263547570860094e-06,3.786743291009592e-21,2.311756544175586e-06,3.855281631118363e-21,,,8.547091436071451e-10,1.059358940094972e-09,,2.812120656533411e-06,2.872135245061414e+00,2.028286370095037e-07,3.236397821870723e-07,3.437702276330921e+04,0.000000000000000e+00,7.263870366726506e-02,-1.000000000000045e+00,1.560510457060842e-14,-4.485301019485632e-14,10,1.000000000000045e+00,1.000000000000040e+00,1.000000000000040e+00,1.000000000000038e+00,1.000000000000005e+00,1.000000000000000e+00,9.999999999999987e-01,9.999999999999944e-01,9.999999999999911e-01,9.999999999999862e-01,3.009132096908478e-196,1.779721015508338e-84,1.327338042801812e-140,2.579338568391982e-01,7.215781909257916e-196,2.896738685980776e-56,3.305652449867277e-85,3.718546014096998e-196,1.106003919709708e-140,7.420661431608018e-01,NaN,NaN,NaN,NaN,0,NaN,NaN,NaN,NaN,NaN,NaN,NaN,NaN,NaN,NaN,NaN,NaN,NaN,NaN,NaN,NaN,NaN,NaN,NaN,NaN,6.928614811339125e-02,-1.000000000000036e+00,1.050590996014714e-14,-3.641531520770513e-14,10,1.000000000000036e+00,1.000000000000036e+00,1.000000000000035e+00,9.999999999999991e-01,9.999999999999989e-01,9.999999999999956e-01,9.999999999999938e-01,9.999999999999907e-01,9.999999999999876e-01,9.999999999999856e-01,1.471526660457367e-01,1.770369777408867e-113,5.763118420960498e-226,1.039829764221668e-168,3.324002223861120e-56,3.818678969167111e-85,1.779110707111763e-197,2.035892926713065e-113,8.467356992861249e-226,8.528473339542635e-01,NaN,NaN,NaN,NaN,0,NaN,NaN,NaN,NaN,NaN,NaN,NaN,NaN,NaN,NaN,NaN,NaN,NaN,NaN,NaN,NaN,NaN,NaN,NaN,NaN,false
7,3.162000000000000e+15,0,4,CONTINUE,4.918660917814249e-06,1.259151381832885e-06,1.000000000000000e-09,7.865184408270277e-08,2.220455190394831e-14,2.334898864264387e-02,-1.000000000000042e+00,7.465833537863011e-01,,,1.055544486497397e-04,1.436359743150355e-05,7.614908217266914e+00,3.284597041853162e-07,9.417100191453453e+05,REACHED_FORCE,REACHED_FORCE,,1,1,1,1,1,1,,,,6.577012658112176e-06,1.165422157624619e-08,1.231992971704314e-05,1.636034194050741e-08,,,2.641263189424608e-19,2.696714621999578e-19,,solution good enough for the tolerances given,solution good enough for the tolerances given,,2.641263189424608e-19,2.696714621999578e-19,,6.577012658112176e-06,4.502112215894888e-21,1.231992971704314e-05,4.352184596906952e-21,,,1.165422157624619e-08,1.636034194050741e-08,,1.581353526219354e-06,2.872135245061414e+00,2.028286370095037e-07,3.236397821870723e-07,3.437702276330921e+04,0.000000000000000e+00,2.334898864264387e-02,-1.000000000000042e+00,2.157085030154571e-14,-4.218847493575595e-14,10,1.000000000000042e+00,1.000000000000041e+00,1.000000000000040e+00,1.000000000000031e+00,9.999999999999958e-01,9.999999999999944e-01,9.999999999999940e-01,9.999999999999889e-01,9.999999999999865e-01,9.999999999999865e-01,6.588874668106909e-141,6.317007695720339e-01,1.457084882951347e-57,2.495733569093524e-224,2.256047095817104e-140,4.137267669265829e-58,2.411584249966454e-56,3.682992304279662e-01,1.595769953402630e-223,6.721531844499182e-141,NaN,NaN,NaN,NaN,0,NaN,NaN,NaN,NaN,NaN,NaN,NaN,NaN,NaN,NaN,NaN,NaN,NaN,NaN,NaN,NaN,NaN,NaN,NaN,NaN,3.391162636193529e-02,-1.000000000000050e+00,2.777066360893637e-14,-5.018208071305708e-14,10,1.000000000000050e+00,1.000000000000048e+00,1.000000000000046e+00,1.000000000000044e+00,1.000000000000024e+00,9.999999999999980e-01,9.999999999999973e-01,9.999999999999969e-01,9.999999999999929e-01,9.999999999999907e-01,1.250540565863191e-195,3.972465810649081e-140,1.214599528670093e-84,5.504129301026373e-01,1.606070785152487e-250,2.824455122920803e-56,3.637136350056448e-85,1.062265987689434e-140,9.300468977293581e-196,4.495870698973628e-01,NaN,NaN,NaN,NaN,0,NaN,NaN,NaN,NaN,NaN,NaN,NaN,NaN,NaN,NaN,NaN,NaN,NaN,NaN,NaN,NaN,NaN,NaN,NaN,NaN,false
7,1.000000000000000e+16,0,4,CONTINUE,4.918660917814249e-06,2.317444445757375e-06,1.000000000000000e-09,7.865184408270277e-08,2.220455190394831e-14,4.372426822689702e-03,-1.000000000000022e+00,6.023841458610337e-01,,,9.425006102066594e-05,1.248951984157931e-05,7.614906926020349e+00,3.284597041853162e-07,9.417100191453453e+05,REACHED_FORCE,REACHED_FORCE,,1,1,1,1,1,1,,,,2.406111580037897e-05,6.776047532354510e-08,1.426221865718911e-05,5.329517295457810e-08,,,1.763501980910402e-19,1.478245935920554e-19,,solution good enough for the tolerances given,solution good enough for the tolerances given,,1.763501980910402e-19,1.478245935920554e-19,,2.406111580037897e-05,3.739623182184813e-21,1.426221865718911e-05,2.964283209704342e-21,,,6.776047532354510e-08,5.329517295457810e-08,,8.885126724274456e-07,2.872135245061414e+00,2.028286370095037e-07,3.236397821870723e-07,3.437702276330921e+04,0.000000000000000e+00,4.372426822689702e-03,-1.000000000000022e+00,9.731633575417923e-15,-2.176037128265307e-14,10,1.000000000000022e+00,1.000000000000020e+00,1.000000000000013e+00,1.000000000000007e+00,1.000000000000002e+00,9.999999999999978e-01,9.999999999999964e-01,9.999999999999822e-01,9.999999999999785e-01,9.999999999999771e-01,6.836791114142016e-01,1.721837605697392e-197,9.975404205988346e-113,3.530054522587170e-57,6.605573954398415e-141,3.163208885857988e-01,3.395237122911459e-197,3.939596473097709e-57,1.672629039999786e-197,3.531320060467457e-141,NaN,NaN,NaN,NaN,0,NaN,NaN,NaN,NaN,NaN,NaN,NaN,NaN,NaN,NaN,NaN,NaN,NaN,NaN,NaN,NaN,NaN,NaN,NaN,NaN,6.433713753386323e-03,-1.000000000000024e+00,1.123160134467591e-14,-2.442490654175344e-14,10,1.000000000000024e+00,1.000000000000024e+00,1.000000000000021e+00,1.000000000000016e+00,1.000000000000002e+00,1.000000000000000e+00,9.999999999999987e-01,9.999999999999982e-01,9.999999999999898e-01,9.999999999999845e-01,2.320585479233676e-86,8.028257636386109e-170,5.947194557674318e-01,4.000816206002833e-253,4.515649376442070e-57,5.105933572559770e-86,3.344649281940835e-225,4.052805442325683e-01,3.718153109400338e-170,2.228513535136894e-85,NaN,NaN,NaN,NaN,0,NaN,NaN,NaN,NaN,NaN,NaN,NaN,NaN,NaN,NaN,NaN,NaN,NaN,NaN,NaN,NaN,NaN,NaN,NaN,NaN,false
7,3.162000000000000e+16,0,6,CONTINUE,4.918660917814249e-06,6.328625507445905e-07,1.000000000000000e-09,7.865184408270277e-08,2.220455190394831e-14,1.780360384001588e-03,-1.000000000000028e+00,8.857911397271084e-01,,,1.046376901972083e-04,1.727720434289672e-05,7.614908846048325e+00,3.284597041853162e-07,9.417100191453453e+05,REACHED_FORCE,REACHED_FORCE,,1,2,2,1,2,2,,,,8.021669751847402e-05,7.905276191061336e-07,5.543813963187310e-05,9.993125719675434e-07,,,2.448740242082805e-19,2.303594372065908e-19,,solution good enough for the tolerances given,solution good enough for the tolerances given,,2.448740242082805e-19,2.303594372065908e-19,,8.021669751847402e-05,4.266511671770989e-21,5.543813963187310e-05,3.769608705982399e-21,,,1.393303837619664e-08,1.312961310943981e-08,,4.994762273076182e-07,2.872135245061414e+00,2.028286370095037e-07,3.236397821870723e-07,3.437702276330921e+04,0.000000000000000e+00,1.780360384001588e-03,-1.000000000000028e+00,1.385424411916623e-14,-2.753353101070388e-14,10,1.000000000000028e+00,1.000000000000027e+00,1.000000000000025e+00,1.000000000000020e+00,1.000000000000004e+00,9.999999999999960e-01,9.999999999999920e-01,9.999999999999911e-01,9.999999999999885e-01,9.999999999999822e-01,5.725678507461742e-141,2.151245606685265e-84,5.666096288291546e-01,2.664539392797945e-224,7.870872522169184e-141,2.372744638680229e-56,3.623179964832733e-140,4.997455961754214e-85,4.333903711708457e-01,4.387563115390695e-141,NaN,NaN,NaN,NaN,0,NaN,NaN,NaN,NaN,NaN,NaN,NaN,NaN,NaN,NaN,NaN,NaN,NaN,NaN,NaN,NaN,NaN,NaN,NaN,NaN,1.260432130266601e-03,-1.000000000000024e+00,7.443862365182013e-15,-2.353672812205332e-14,10,1.000000000000024e+00,1.000000000000022e+00,1.000000000000022e+00,1.000000000000000e+00,9.999999999999967e-01,9.999999999999951e-01,9.999999999999885e-01,9.999999999999856e-01,9.999999999999816e-01,9.999999999999749e-01,6.586825040063077e-01,1.921547990198363e-169,4.865071031477986e-85,2.469283342749376e-168,1.983246854501143e-56,1.494781292745851e-85,3.413174959936921e-01,6.147849133132507e-85,2.650302940961152e-168,2.056660945527900e-169,NaN,NaN,NaN,NaN,0,NaN,NaN,NaN,NaN,NaN,NaN,NaN,NaN,NaN,NaN,NaN,NaN,NaN,NaN,NaN,NaN,NaN,NaN,NaN,NaN,false
7,1.000000000000000e+17,0,8,CONTINUE,4.918660917814249e-06,1.895497428804326e-06,1.000000000000000e-09,7.865184408270277e-08,2.220455190394831e-14,4.895216986272178e-04,-1.000000000000036e+00,9.030482792793904e-01,,,7.179884175343770e-05,1.107107163431345e-05,7.614906524556671e+00,3.284597041853162e-07,9.417100191453453e+05,REACHED_FORCE,REACHED_FORCE,,1,3,3,1,3,3,,,,1.695517923387962e-04,8.401887447783449e-06,1.224630238035499e-04,6.080227018005025e-06,,,2.572637677300876e-19,1.768136960760501e-19,,solution good enough for the tolerances given,solution good enough for the tolerances given,,2.572637677300876e-19,1.768136960760501e-19,,1.695517923387962e-04,4.472126692097302e-21,1.224630238035499e-04,2.981417794731534e-21,,,6.277208532486169e-08,2.862215407151614e-08,,2.825026028253293e-07,2.872135245061414e+00,2.028286370095037e-07,3.236397821870723e-07,3.437702276330921e+04,0.000000000000000e+00,4.895216986272178e-04,-1.000000000000036e+00,9.171055150612317e-15,-3.552713678800501e-14,10,1.000000000000036e+00,1.000000000000036e+00,1.000000000000036e+00,1.000000000000000e+00,9.999999999999989e-01,9.999999999999940e-01,9.999999999999940e-01,9.999999999999856e-01,9.999999999999847e-01,9.999999999999796e-01,4.913884670166869e-170,1.874212659047599e-84,4.202074167271356e-01,1.012866571576335e-251,4.325614294100684e-56,3.399781624615853e-169,9.856353497969025e-140,1.282071574214691e-168,4.483246243699015e-85,5.797925832728643e-01,NaN,NaN,NaN,NaN,0,NaN,NaN,NaN,NaN,NaN,NaN,NaN,NaN,NaN,NaN,NaN,NaN,NaN,NaN,NaN,NaN,NaN,NaN,NaN,NaN,4.691249611844167e-04,-1.000000000000037e+00,2.559466306201572e-14,-3.730349362740526e-14,10,1.000000000000037e+00,1.000000000000036e+00,1.000000000000034e+00,1.000000000000023e+00,9.999999999999991e-01,9.999999999999971e-01,9.999999999999931e-01,9.999999999999851e-01,9.999999999999809e-01,9.999999999999787e-01,1.046864277257449e-168,1.905602400181143e-85,3.834507376995938e-01,5.892760238211688e-224,1.411353507012175e-168,4.166390908956693e-56,4.074379764054587e-86,3.166923929397848e-85,6.165492623004060e-01,7.729698387569163e-169,NaN,NaN,NaN,NaN,0,NaN,NaN,NaN,NaN,NaN,NaN,NaN,NaN,NaN,NaN,NaN,NaN,NaN,NaN,NaN,NaN,NaN,NaN,NaN,NaN,false
7,3.162000000000000e+17,0,12,CONTINUE,4.918660917814249e-06,1.364223841928212e-06,1.000000000000000e-09,7.865184408270277e-08,2.220455190394831e-14,1.899051076268362e-04,-1.000000000000018e+00,7.485861398169348e-01,,,1.039670504109630e-04,1.384132521675992e-05,7.614908174002907e+00,3.284597041853162e-07,9.417100191453453e+05,REACHED_FORCE,REACHED_FORCE,,1,5,5,1,5,5,,,,1.394319895285075e-03,1.214124402227945e-04,5.345867946919210e-04,1.591730826431409e-04,,,2.908618341993016e-19,2.888306256591677e-19,,solution good enough for the tolerances given,solution good enough for the tolerances given,,2.908618341993016e-19,2.888306256591677e-19,,1.394319895285075e-03,6.434036677710869e-21,5.345867946919210e-04,5.894297249354298e-21,,,2.320199101826761e-08,3.626849430804930e-08,,1.587827287564836e-07,2.872135245061414e+00,2.028286370095037e-07,3.236397821870723e-07,3.437702276330921e+04,0.000000000000000e+00,1.899051076268362e-04,-1.000000000000018e+00,1.133867809942999e-14,-1.776356839400250e-14,10,1.000000000000018e+00,1.000000000000018e+00,1.000000000000012e+00,1.000000000000000e+00,9.999999999999978e-01,9.999999999999956e-01,9.999999999999938e-01,9.999999999999936e-01,9.999999999999933e-01,9.999999999999833e-01,1.657493228336265e-86,6.729330798190275e-01,3.378289095286018e-171,1.164546831217815e-57,2.273713345900009e-226,1.997638404603338e-142,1.145200005405218e-86,1.334586543878116e-254,3.270669201809724e-01,1.386627773328304e-170,NaN,NaN,NaN,NaN,0,NaN,NaN,NaN,NaN,NaN,NaN,NaN,NaN,NaN,NaN,NaN,NaN,NaN,NaN,NaN,NaN,NaN,NaN,NaN,NaN,1.582542563556963e-04,-1.000000000000020e+00,1.192753909216180e-14,-1.953992523340276e-14,10,1.000000000000020e+00,1.000000000000019e+00,1.000000000000018e+00,1.000000000000016e+00,9.999999999999987e-01,9.999999999999973e-01,9.999999999999942e-01,9.999999999999867e-01,9.999999999999818e-01,9.999999999999800e-01,4.293299726329276e-58,7.254844489693994e-142,6.806359080094887e-01,1.401857938683744e-225,5.827082668835729e-58,3.580725644644330e-197,3.193640919905110e-01,4.480527296945733e-226,3.426409635435770e-142,2.126400793060590e-58,NaN,NaN,NaN,NaN,0,NaN,NaN,NaN,NaN,NaN,NaN,NaN,NaN,NaN,NaN,NaN,NaN,NaN,NaN,NaN,NaN,NaN,NaN,NaN,NaN,false
7,1.000000000000000e+18,1,7,CONTINUE,4.918660917814249e-06,4.796683348240380e-06,1.000000000000000e-09,7.865184408270277e-08,2.220455190394831e-14,5.236743752756291e-05,-1.000000000000027e+00,2.249855240365110e-03,,,2.904866479665510e-05,2.737942242590758e-03,7.614907323524302e+00,3.284597041853162e-07,9.417100191453453e+05,REFINE_STALLED,REFINE_STALLED,,1,2,2,1,3,3,,,,1.653692003151154e-03,3.252009290129961e-04,6.295561971421519e-04,1.511274763222434e-04,,,1.931113760107070e-19,3.047321880519608e-20,,solution good enough for the tolerances given,solution good enough for the tolerances given,,1.931113760107070e-19,3.047321880519608e-20,,1.653692003151154e-03,3.478320760520123e-21,6.295561971421519e-04,5.825758909245526e-22,,,2.246501764774016e-04,2.186817261015984e-05,,9.059274693965911e-08,2.872135245061414e+00,2.028286370095037e-07,3.236397821870723e-07,3.437702276330921e+04,0.000000000000000e+00,5.236743752756291e-05,-1.000000000000027e+00,1.277186551311422e-14,-2.708944180085382e-14,10,1.000000000000027e+00,1.000000000000025e+00,1.000000000000024e+00,1.000000000000004e+00,9.999999999999973e-01,9.999999999999944e-01,9.999999999999931e-01,9.999999999999916e-01,9.999999999999891e-01,9.999999999999809e-01,5.012951554456996e-170,6.819453792945634e-29,1.382254379305138e-113,7.413739308170255e-169,3.717727822559955e-29,5.449374610400797e-85,3.126985568930759e-169,4.502399351241952e-113,1.000000000000000e+00,7.665186197065840e-170,NaN,NaN,NaN,NaN,0,NaN,NaN,NaN,NaN,NaN,NaN,NaN,NaN,NaN,NaN,NaN,NaN,NaN,NaN,NaN,NaN,NaN,NaN,NaN,NaN,9.382499223688433e-05,-1.000000000000021e+00,1.195774600617305e-14,-2.131628207280301e-14,10,1.000000000000021e+00,1.000000000000021e+00,1.000000000000017e+00,1.000000000000004e+00,9.999999999999991e-01,9.999999999999976e-01,9.999999999999973e-01,9.999999999999925e-01,9.999999999999896e-01,9.999999999999893e-01,9.812109108680861e-170,5.722612357906187e-29,1.139672849556547e-112,1.083858225958028e-84,6.584203059505004e-141,1.000000000000000e+00,6.257470853437241e-225,1.733544850513997e-253,2.213665627394216e-169,4.204080761590153e-29,NaN,NaN,NaN,NaN,0,NaN,NaN,NaN,NaN,NaN,NaN,NaN,NaN,NaN,NaN,NaN,NaN,NaN,NaN,NaN,NaN,NaN,NaN,NaN,NaN,false
8,1.000000000000000e+00,0,3,CONTINUE,4.918712938062071e-08,4.918712931944995e-10,1.000000000000000e-09,7.865267591244044e-10,2.220446140662777e-14,7.548739011492771e+05,8.613875888991597e+08,9.899999999999098e-01,,,1.057003696285727e-06,1.593393270979705e-07,7.614909074216270e+00,3.284588711818199e-09,9.417056025074737e+07,REACHED_FORCE,REACHED_FORCE,,2,0,0,1,0,0,,,,1.814340628477536e-15,NaN,9.696760931786339e-16,NaN,,,1.593391203740686e-07,5.524370275605818e-14,,solution good enough for the tolerances given,solution good enough for the tolerances given,,7.874423614291567e-14,5.524370275605818e-14,,4.149376258961766e-17,1.814340628477536e-15,4.149376258961766e-17,9.696760931786339e-16,,,1.814340628477536e-15,9.696760931786339e-16,,3.924875145450070e-01,9.704151892717986e+03,2.028328433446042e-09,3.236433933466179e-09,3.437693314877448e+06,0.000000000000000e+00,7.548739011492771e+05,8.613875888991597e+08,3.730507193518401e-09,1.160917584286381e-09,10,9.999999988390824e-01,9.999999957847308e-01,9.999999896763736e-01,9.999999822195483e-01,9.999999741388710e-01,9.999999628063191e-01,9.999998992730635e-01,9.999996806241400e-01,9.999986752771941e-01,9.999986752771903e-01,2.188102330061619e-02,1.499644460474430e-02,3.201956954989404e-02,9.057961787096518e-03,7.206842124655863e-03,3.138026920264889e-02,6.621224162400817e-02,1.833456218891610e-04,7.754756625025695e-01,4.158663968187743e-02,9.165533852081824e+05,9.165533852081824e+05,4.941924676476290e-07,1.091042731493630e-06,1,9.999989089572685e-01,NaN,NaN,NaN,NaN,NaN,NaN,NaN,NaN,NaN,1.000000000000000e+00,NaN,NaN,NaN,NaN,NaN,NaN,NaN,NaN,NaN,7.548739036798577e+05,4.667869410882422e+08,9.477253137661587e-08,2.142305000063516e-09,10,9.999999978576950e-01,9.999999933604700e-01,9.999999879808463e-01,9.999999740852539e-01,9.999999628063249e-01,9.999998992730620e-01,9.999997133133610e-01,9.999996806241394e-01,9.999986752771950e-01,9.999986752771948e-01,1.494509079999938e-04,4.050017766179596e-04,3.954918688877503e-04,6.118839190258784e-03,1.269241251801070e-02,1.708074329394714e-03,3.337866465273635e-16,5.883498867678837e-01,4.621995811437924e-05,3.901346226828320e-01,NaN,NaN,NaN,NaN,0,NaN,NaN,NaN,NaN,NaN,NaN,NaN,NaN,NaN,NaN,NaN,NaN,NaN,NaN,NaN,NaN,NaN,NaN,NaN,NaN,false
8,3.162000000000000e+00,0,3,CONTINUE,4.918712938062071e-08,4.918712931991431e-10,1.000000000000000e-09,7.865267591244044e-10,2.220446140662777e-14,7.548739766037443e+05,8.611669392608637e+08,9.899999999998069e-01,,,1.057003506704035e-06,1.593393270979602e-07,7.614909074216270e+00,3.284588711818199e-09,9.417056025074737e+07,REACHED_FORCE,REACHED_FORCE,,2,0,0,1,0,0,,,,1.814659586635993e-16,NaN,3.066652976733795e-16,NaN,,,5.039191626827389e-08,1.747111905440987e-14,,solution good enough for the tolerances given,solution good enough for the tolerances given,,7.875808820152814e-15,1.747111905440987e-14,,2.766250839307844e-17,1.814659586635993e-16,2.766250839307844e-17,3.066652976733795e-16,,,1.814659586635993e-16,3.066652976733795e-16,,3.924873453771823e-01,5.457285457973407e+03,2.028328433446042e-09,3.236433933466179e-09,3.437693314877448e+06,0.000000000000000e+00,7.548739766037443e+05,8.611669392608637e+08,1.281189968060054e-09,3.672406823085339e-10,10,9.999999996327593e-01,9.999999986661059e-01,9.999999967346045e-01,9.999999943758429e-01,9.999999918210705e-01,9.999999882372930e-01,9.999999681445519e-01,9.999998989955924e-01,9.999995810487433e-01,9.999995810487422e-01,2.188850755195913e-02,1.499666983611175e-02,3.201754303818541e-02,9.053738437757114e-03,7.205299421901956e-03,3.138018407692815e-02,6.621214744731008e-02,1.833472894693584e-04,2.700287051100301e-01,5.470338577903469e-01,9.165530545382783e+05,9.165530545382783e+05,1.562910886302636e-07,3.450486840694822e-07,1,9.999996549513159e-01,NaN,NaN,NaN,NaN,NaN,NaN,NaN,NaN,NaN,1.000000000000000e+00,NaN,NaN,NaN,NaN,NaN,NaN,NaN,NaN,NaN,7.548739730029870e+05,4.713991784770928e+08,4.721880458095508e-08,6.708869015881191e-10,10,9.999999993291131e-01,9.999999979201062e-01,9.999999962139670e-01,9.999999918044506e-01,9.999999882373016e-01,9.999999681445513e-01,9.999999584663704e-01,9.999998989955926e-01,9.999995810487422e-01,9.999995810487402e-01,1.468584268254963e-04,4.014793483424989e-04,4.012643104985785e-04,6.119105958043254e-03,1.269251543232326e-02,1.708095740023206e-03,2.057370411328600e-13,5.883505515606847e-01,3.900444856263123e-01,1.356435967416264e-04,NaN,NaN,NaN,NaN,0,NaN,NaN,NaN,NaN,NaN,NaN,NaN,NaN,NaN,NaN,NaN,NaN,NaN,NaN,NaN,NaN,NaN,NaN,NaN,NaN,false
8,1.000000000000000e+01,0,3,CONTINUE,4.918712938062071e-08,4.918712932371862e-10,1.000000000000000e-09,7.865267591244044e-10,2.220446140662777e-14,7.548740384330227e+05,8.407053343677821e+08,9.899999999990228e-01,,,1.057003446742924e-06,1.593393270979842e-07,7.614909074216270e+00,3.284588711818199e-09,9.417056025074737e+07,REACHED_FORCE,REACHED_FORCE,,2,0,0,1,0,0,,,,3.457813549134804e-17,NaN,9.696758095209334e-17,NaN,,,1.593392768354951e-08,5.524368279724836e-15,,solution good enough for the tolerances given,solution good enough for the tolerances given,,7.874426196704088e-16,5.524368279724836e-15,,3.457813549134804e-17,1.814341183209726e-17,2.766250839307844e-17,9.696758095209334e-17,,,3.457813549134804e-17,9.696758095209334e-17,,3.924869308252425e-01,3.068722817601281e+03,2.028328433446042e-09,3.236433933466179e-09,3.437693314877448e+06,0.000000000000000e+00,7.548740384330227e+05,8.407053343677821e+08,1.692399008571587e-09,1.189477405461048e-10,10,9.999999998810523e-01,9.999999995523448e-01,9.999999989507311e-01,9.999999981864771e-01,9.999999974063152e-01,9.999999962805983e-01,9.999999899273022e-01,9.999999680624005e-01,9.999998675275872e-01,9.999998675275852e-01,2.260263864003210e-02,1.512567738138270e-02,3.178781373280905e-02,8.624921719461991e-03,7.024882075943236e-03,3.137595012941449e-02,6.621214750167700e-02,1.833490043819728e-04,1.428742250139939e-02,8.027751973134982e-01,9.165530193939913e+05,9.165530193939913e+05,4.941924003141385e-08,1.091044238288319e-07,1,9.999998908955762e-01,NaN,NaN,NaN,NaN,NaN,NaN,NaN,NaN,NaN,1.000000000000000e+00,NaN,NaN,NaN,NaN,NaN,NaN,NaN,NaN,NaN,7.548740333718716e+05,4.664062016003484e+08,1.135779838779161e-09,2.144053823371905e-10,10,9.999999997855946e-01,9.999999993355257e-01,9.999999987976933e-01,9.999999974085223e-01,9.999999962806314e-01,9.999999899273038e-01,9.999999680951386e-01,9.999999680624021e-01,9.999998675275856e-01,9.999998675275843e-01,1.496674488714498e-04,4.052952669126655e-04,3.950132890724891e-04,6.118817468575201e-03,1.269245301084374e-02,1.708099881397141e-03,8.766531826209433e-11,5.883504412148761e-01,3.635992495667054e-03,3.865442198361194e-01,NaN,NaN,NaN,NaN,0,NaN,NaN,NaN,NaN,NaN,NaN,NaN,NaN,NaN,NaN,NaN,NaN,NaN,NaN,NaN,NaN,NaN,NaN,NaN,NaN,false
8,3.162000000000000e+01,0,3,CONTINUE,4.918712938062071e-08,4.918712932500407e-10,1.000000000000000e-09,7.865267591244044e-10,2.220446140662777e-14,7.548739965781431e+05,8.538540391881287e+08,9.899999999988036e-01,,,1.057003427784760e-06,1.593393270979418e-07,7.614909074216270e+00,3.284588711818199e-09,9.417056025074737e+07,REACHED_FORCE,REACHED_FORCE,,2,0,0,1,0,0,,,,2.766250839307844e-17,NaN,3.066652355605087e-17,NaN,,,5.039193191716729e-09,1.747112155704468e-15,,solution good enough for the tolerances given,solution good enough for the tolerances given,,7.875800526154900e-17,1.747112155704468e-15,,2.766250839307844e-17,1.814660582583748e-18,2.074688129480883e-17,3.066652355605087e-17,,,2.766250839307844e-17,3.066652355605087e-17,,3.924856582257372e-01,1.725746155304126e+03,2.028328433446042e-09,3.236433933466179e-09,3.437693314877448e+06,0.000000000000000e+00,7.548739965781431e+05,8.538540391881287e+08,3.228214353879241e-10,3.703859441372970e-11,10,9.999999999629614e-01,9.999999998638700e-01,9.999999996717366e-01,9.999999994340600e-01,9.999999991813737e-01,9.999999988237234e-01,9.999999968144544e-01,9.999999898995537e-01,9.999999581048611e-01,9.999999581048595e-01,2.214090561417656e-02,1.501726844557032e-02,3.194677003487744e-02,8.908625013967960e-03,7.149385123001547e-03,3.137892172603825e-02,6.621211328742244e-02,1.833680222614316e-04,8.157689515958308e-01,1.293691136853570e-03,9.165529675834234e+05,9.165529675834234e+05,1.562910819709125e-08,3.450488239575833e-08,1,9.999999654951176e-01,NaN,NaN,NaN,NaN,NaN,NaN,NaN,NaN,NaN,1.000000000000000e+00,NaN,NaN,NaN,NaN,NaN,NaN,NaN,NaN,NaN,7.548740285848551e+05,4.663925769210948e+08,4.452052298624868e-10,6.780886963042576e-11,10,9.999999999321911e-01,9.999999997898521e-01,9.999999996197597e-01,9.999999991804318e-01,9.999999988237267e-01,9.999999968144544e-01,9.999999899170504e-01,9.999999898995555e-01,9.999999581048620e-01,9.999999581048613e-01,1.496780170269512e-04,4.053290543800388e-04,3.950459011956225e-04,6.118742588502040e-03,1.269252140943134e-02,1.708133370610706e-03,1.832244561840875e-11,5.883495380287812e-01,8.192918591913326e-03,3.819880930198371e-01,NaN,NaN,NaN,NaN,0,NaN,NaN,NaN,NaN,NaN,NaN,NaN,NaN,NaN,NaN,NaN,NaN,NaN,NaN,NaN,NaN,NaN,NaN,NaN,NaN,false
8,1.000000000000000e+02,0,3,CONTINUE,4.918712938062071e-08,4.918712934828074e-10,1.000000000000000e-09,7.865267591244044e-10,2.220446140662777e-14,7.548768083220895e+05,8.572406782621365e+08,9.899999999942888e-01,,,1.057003421788649e-06,1.593393270979738e-07,7.614909074216270e+00,3.284588711818199e-09,9.417056025074737e+07,REACHED_FORCE,REACHED_FORCE,,2,0,0,1,0,0,,,,2.766250839307844e-17,NaN,3.457813549134804e-17,NaN,,,1.593392924816601e-09,5.524367423215387e-16,,solution good enough for the tolerances given,solution good enough for the tolerances given,,7.874297674825661e-18,5.524367423215387e-16,,2.766250839307844e-17,1.814318292475041e-19,3.457813549134804e-17,9.696747332548114e-18,,,2.766250839307844e-17,3.457813549134804e-17,,3.924816453863886e-01,9.704170797511243e+02,2.028328433446042e-09,3.236433933466179e-09,3.437693314877448e+06,0.000000000000000e+00,7.548768083220895e+05,8.572406782621365e+08,1.217164375627970e-10,1.166533536434144e-11,10,9.999999999883347e-01,9.999999999573828e-01,9.999999998964761e-01,9.999999998216171e-01,9.999999997412696e-01,9.999999996280600e-01,9.999999989927322e-01,9.999999968062461e-01,9.999999867528062e-01,9.999999867528055e-01,2.201746510678369e-02,1.500494459585472e-02,3.198281952892557e-02,8.981081492403155e-03,7.179628805771702e-03,3.137589685908809e-02,6.621217799893400e-02,1.833964850083662e-04,6.182592095925794e-01,1.988033795346512e-01,9.165563597417715e+05,9.165563597417715e+05,4.941905077091735e-09,1.091040369161078e-08,1,9.999999890895963e-01,NaN,NaN,NaN,NaN,NaN,NaN,NaN,NaN,NaN,1.000000000000000e+00,NaN,NaN,NaN,NaN,NaN,NaN,NaN,NaN,NaN,7.548766944453964e+05,4.663221706279879e+08,5.955034524534941e-11,2.144440180984475e-11,10,9.999999999785556e-01,9.999999999335418e-01,9.999999998797604e-01,9.999999997408529e-01,9.999999996280617e-01,9.999999989927315e-01,9.999999968064213e-01,9.999999968062463e-01,9.999999867528040e-01,9.999999867528035e-01,1.497139272781635e-04,4.054187258357741e-04,3.950240216208870e-04,6.118448064660864e-03,1.269272100452387e-02,1.708298842783945e-03,5.699608097674858e-07,5.883485678052064e-01,3.090286446215482e-01,8.115259302573181e-02,NaN,NaN,NaN,NaN,0,NaN,NaN,NaN,NaN,NaN,NaN,NaN,NaN,NaN,NaN,NaN,NaN,NaN,NaN,NaN,NaN,NaN,NaN,NaN,NaN,false
8,3.162000000000000e+02,0,2,CONTINUE,4.918712938062071e-08,4.918713453856015e-10,1.000000000000000e-09,7.865267591244044e-10,2.220446140662777e-14,7.548670996526378e+05,7.374764703542627e+08,9.899999988932733e-01,,,1.057003419897823e-06,1.593393276478378e-07,7.614909074216270e+00,3.284588711818199e-09,9.417056025074737e+07,REACHED_FORCE,REACHED_FORCE,,1,0,0,1,0,0,,,,8.881988311781776e-12,NaN,2.766250839307844e-17,NaN,,,5.039193348216503e-10,1.771157886050989e-16,,solution good enough for the tolerances given,solution good enough for the tolerances given,,5.039193348216503e-10,1.771157886050989e-16,,4.149376258961766e-17,8.881988311781776e-12,2.766250839307844e-17,3.105767226464347e-18,,,8.881988311781776e-12,2.766250839307844e-17,,3.924689626741342e-01,5.457319073840487e+02,2.028328433446042e-09,3.236433933466179e-09,3.437693314877448e+06,0.000000000000000e+00,7.548670996526378e+05,7.374764703542627e+08,4.849782956356595e-10,4.288347454917130e-12,10,9.999999999957117e-01,9.999999999784437e-01,9.999999999594382e-01,9.999999999226772e-01,9.999999998824614e-01,9.999999998588094e-01,9.999999996814450e-01,9.999999989899480e-01,9.999999958104488e-01,9.999999958104475e-01,2.643025304172050e-02,2.340134247374493e-02,2.534701433471221e-02,9.754214019647649e-03,3.159897185556743e-02,1.258157446520367e-05,6.621059447752969e-02,1.834413555285349e-04,5.144263153980377e-01,3.026352714690461e-01,NaN,NaN,NaN,NaN,0,NaN,NaN,NaN,NaN,NaN,NaN,NaN,NaN,NaN,NaN,NaN,NaN,NaN,NaN,NaN,NaN,NaN,NaN,NaN,NaN,7.548670996526378e+05,4.643610808527632e+08,3.292029900031649e-11,6.810552122260560e-12,10,9.999999999931894e-01,9.999999999789106e-01,9.999999999619402e-01,9.999999999180409e-01,9.999999998823712e-01,9.999999996814435e-01,9.999999989899502e-01,9.999999989899486e-01,9.999999958104482e-01,9.999999958104475e-01,1.466882796698002e-04,3.957196287613913e-04,3.834488397898737e-04,5.958890538278850e-03,1.237720435830759e-02,1.700591687027416e-03,4.783272535349881e-01,9.403545704616181e-02,1.535282869034052e-01,2.531464591836098e-01,NaN,NaN,NaN,NaN,0,NaN,NaN,NaN,NaN,NaN,NaN,NaN,NaN,NaN,NaN,NaN,NaN,NaN,NaN,NaN,NaN,NaN,NaN,NaN,NaN,true
8,1.000000000000000e+03,0,2,CONTINUE,4.918712938062071e-08,4.918713088488253e-10,1.000000000000000e-09,7.865267591244044e-10,2.220446140662777e-14,7.548955441789996e+05,7.203454298407300e+08,9.899999996646895e-01,,,1.057003419293721e-06,1.593393272728372e-07,7.614909074216270e+00,3.284588711818199e-09,9.417056025074737e+07,REACHED_FORCE,REACHED_FORCE,,1,0,0,1,0,0,,,,2.808484710435497e-12,NaN,2.766250839307844e-17,NaN,,,1.593392940470192e-10,5.548256214283199e-17,,solution good enough for the tolerances given,solution good enough for the tolerances given,,1.593392940470192e-10,5.548256214283199e-17,,4.149376258961766e-17,2.808484710435497e-12,2.766250839307844e-17,9.736034526464448e-19,,,2.808484710435497e-12,2.766250839307844e-17,,3.924288612968707e-01,3.068782594909412e+02,2.028328433446042e-09,3.236433933466179e-09,3.437693314877448e+06,0.000000000000000e+00,7.548955441789996e+05,7.203454298407300e+08,6.078326276915700e-11,1.388222869991296e-12,10,9.999999999986118e-01,9.999999999927240e-01,9.999999999865719e-01,9.999999999751208e-01,9.999999999628135e-01,9.999999998992708e-01,9.999999996877003e-01,9.999999996806161e-01,9.999999986753141e-01,9.999999986753134e-01,2.705111313230121e-02,2.590689483332221e-02,2.284182835647021e-02,9.262156353099963e-03,3.148193695559220e-02,6.621114268342894e-02,3.019105477939355e-16,1.836741459934233e-04,1.463910794371686e-01,6.706701741026232e-01,NaN,NaN,NaN,NaN,0,NaN,NaN,NaN,NaN,NaN,NaN,NaN,NaN,NaN,NaN,NaN,NaN,NaN,NaN,NaN,NaN,NaN,NaN,NaN,NaN,7.548957972509963e+05,4.580552916355435e+08,1.716399004421166e-11,2.183142555622908e-12,10,9.999999999978169e-01,9.999999999932379e-01,9.999999999878866e-01,9.999999999740845e-01,9.999999999628046e-01,9.999999998992715e-01,9.999999996806164e-01,9.999999996806139e-01,9.999999986753150e-01,9.999999986753139e-01,1.531850392261023e-04,4.088639593710259e-04,3.815530155350327e-04,6.069625890065271e-03,1.259309605451054e-02,1.707549345491152e-03,5.826685229550439e-01,5.766136110445442e-04,3.328630917436971e-02,3.621546809553426e-01,NaN,NaN,NaN,NaN,0,NaN,NaN,NaN,NaN,NaN,NaN,NaN,NaN,NaN,NaN,NaN,NaN,NaN,NaN,NaN,NaN,NaN,NaN,NaN,NaN,false
8,3.162000000000000e+03,0,2,CONTINUE,4.918712938062071e-08,4.918713108013214e-10,1.000000000000000e-09,7.865267591244044e-10,2.220446140662777e-14,7.548745840044500e+05,-9.999999999994897e-01,9.899999996321419e-01,,,1.057003419103691e-06,1.593393271551527e-07,7.614909074216270e+00,3.284588711818199e-09,9.417056025074737e+07,REACHED_FORCE,REACHED_FORCE,,1,0,0,1,0,0,,,,8.881988337896222e-13,NaN,4.149376258961766e-17,NaN,,,5.039193363907609e-11,1.749515025335861e-17,,solution good enough for the tolerances given,solution good enough for the tolerances given,,5.039193363907609e-11,1.749515025335861e-17,,2.766250839307844e-17,8.881988337896222e-13,4.149376258961766e-17,3.070663548573559e-19,,,8.881988337896222e-13,4.149376258961766e-17,,3.923021758341379e-01,1.725852430483916e+02,2.028328433446042e-09,3.236433933466179e-09,3.437693314877448e+06,0.000000000000000e+00,7.548745840044500e+05,-9.999999999994897e-01,1.673138497076230e-10,5.102585021177219e-13,10,9.999999999994897e-01,9.999999999969353e-01,9.999999999931413e-01,9.999999999882714e-01,9.999999999732436e-01,9.999999999681437e-01,9.999999998989901e-01,9.999999996999591e-01,9.999999995810498e-01,9.999999995810489e-01,3.079095064678770e-02,3.942456621928062e-02,1.398651459069290e-02,3.233380354831403e-02,1.089412417674341e-06,6.622431315447172e-02,1.842501722644002e-04,9.613431853480958e-57,4.563634882205902e-03,8.124908773735648e-01,NaN,NaN,NaN,NaN,0,NaN,NaN,NaN,NaN,NaN,NaN,NaN,NaN,NaN,NaN,NaN,NaN,NaN,NaN,NaN,NaN,NaN,NaN,NaN,NaN,7.548749840891360e+05,-9.999999999990279e-01,1.381283706068561e-10,9.721112803617871e-13,10,9.999999999990279e-01,9.999999999968689e-01,9.999999999918192e-01,9.999999999882370e-01,9.999999999681433e-01,9.999999998991123e-01,9.999999998989937e-01,9.999999996334472e-01,9.999999995810500e-01,9.999999995810491e-01,2.801695084418186e-04,6.366019343025723e-04,6.114495111829019e-03,1.268366924396038e-02,1.712654305293687e-03,3.362606948530110e-07,5.866981487557614e-01,6.703753709580618e-20,6.633260773847213e-11,3.918739248133842e-01,NaN,NaN,NaN,NaN,0,NaN,NaN,NaN,NaN,NaN,NaN,NaN,NaN,NaN,NaN,NaN,NaN,NaN,NaN,NaN,NaN,NaN,NaN,NaN,NaN,false
8,1.000000000000000e+04,0,2,CONTINUE,4.918712938062071e-08,4.918713150071216e-10,1.000000000000000e-09,7.865267591244044e-10,2.220446140662777e-14,7.551459162112765e+05,-9.999999999998352e-01,9.899999995578436e-01,,,1.057003419043685e-06,1.593393271292057e-07,7.614909074216270e+00,3.284588711818199e-09,9.417056025074737e+07,REACHED_FORCE,REACHED_FORCE,,1,0,0,1,0,0,,,,2.808484713116256e-13,NaN,1.383125419653922e-17,NaN,,,1.593392942132341e-11,5.527055803431167e-18,,solution good enough for the tolerances given,solution good enough for the tolerances given,,1.593392942132341e-11,5.527055803431167e-18,,4.149376258961766e-17,2.808484713116256e-13,1.383125419653922e-17,9.702927295457218e-20,,,2.808484713116256e-13,1.383125419653922e-17,,3.919025345589488e-01,9.706059575658564e+01,2.028328433446042e-09,3.236433933466179e-09,3.437693314877448e+06,0.000000000000000e+00,7.551459162112765e+05,-9.999999999998352e-01,1.827312895314638e-11,1.647570968543732e-13,10,9.999999999998352e-01,9.999999999990201e-01,9.999999999978024e-01,9.999999999962894e-01,9.999999999899272e-01,9.999999999830345e-01,9.999999999680822e-01,9.999999998684428e-01,9.999999998675779e-01,9.999999998675753e-01,3.101562887120127e-02,3.933893881455872e-02,1.352098488080735e-02,3.266198094128083e-02,6.623638163053772e-02,3.736071914419642e-10,1.862420281624692e-04,7.905728729871964e-13,7.735391741233165e-01,4.350066833573745e-02,NaN,NaN,NaN,NaN,0,NaN,NaN,NaN,NaN,NaN,NaN,NaN,NaN,NaN,NaN,NaN,NaN,NaN,NaN,NaN,NaN,NaN,NaN,NaN,NaN,7.551433838216781e+05,-9.999999999996905e-01,1.974825323640835e-11,3.095301792654936e-13,10,9.999999999996905e-01,9.999999999990101e-01,9.999999999974130e-01,9.999999999962794e-01,9.999999999899265e-01,9.999999999680824e-01,9.999999999680811e-01,9.999999998706091e-01,9.999999998675750e-01,9.999999998675748e-01,2.778720973179181e-04,6.444442728404128e-04,6.121366478273776e-03,1.267967907935960e-02,1.728389237439370e-03,7.066159265720253e-03,5.806375396686499e-01,5.776424698017670e-17,3.908445489276364e-01,9.727622984843150e-10,NaN,NaN,NaN,NaN,0,NaN,NaN,NaN,NaN,NaN,NaN,NaN,NaN,NaN,NaN,NaN,NaN,NaN,NaN,NaN,NaN,NaN,NaN,NaN,NaN,false
8,3.162000000000000e+04,0,2,CONTINUE,4.918712938062071e-08,4.918713698022337e-10,1.000000000000000e-09,7.865267591244044e-10,2.220446140662777e-14,7.557269253561342e+05,-9.999999999999474e-01,9.899999984095428e-01,,,1.057003419024721e-06,1.593393271460895e-07,7.614909074216270e+00,3.284588711818199e-09,9.417056025074737e+07,REACHED_FORCE,REACHED_FORCE,,1,0,0,1,0,0,,,,8.881988342580121e-14,NaN,2.074688129480883e-17,NaN,,,5.039193366515128e-12,1.747543950609365e-18,,solution good enough for the tolerances given,solution good enough for the tolerances given,,5.039193366515128e-12,1.747543950609365e-18,,2.766250839307844e-17,8.881988342580121e-14,2.074688129480883e-17,3.067719880411465e-20,,,8.881988342580121e-14,2.074688129480883e-17,,3.906492698069840e-01,5.460671127050137e+01,2.028328433446042e-09,3.236433933466179e-09,3.437693314877448e+06,0.000000000000000e+00,7.557269253561342e+05,-9.999999999999474e-01,1.064630831261924e-12,5.262457136723242e-14,10,9.999999999999474e-01,9.999999999996902e-01,9.999999999993043e-01,9.999999999988258e-01,9.999999999968154e-01,9.999999999899922e-01,9.999999999899010e-01,9.999999999581572e-01,9.999999999581521e-01,9.999999999581521e-01,3.105155485900044e-02,3.992865845667792e-02,1.358273425487985e-02,3.195739476310679e-02,6.640340414232727e-02,3.568385496431909e-11,1.952071580749141e-04,1.582110186672548e-03,8.294026678533164e-04,8.144695334757233e-01,NaN,NaN,NaN,NaN,0,NaN,NaN,NaN,NaN,NaN,NaN,NaN,NaN,NaN,NaN,NaN,NaN,NaN,NaN,NaN,NaN,NaN,NaN,NaN,NaN,7.556748004508130e+05,-9.999999999999016e-01,1.372580677409418e-13,9.836575998178887e-14,10,9.999999999999016e-01,9.999999999996874e-01,9.999999999991838e-01,9.999999999988243e-01,9.999999999968159e-01,9.999999999899021e-01,9.999999999899010e-01,9.999999999581541e-01,9.999999999581515e-01,9.999999999581493e-01,2.846563553576295e-04,6.361684950539704e-04,6.084501744710465e-03,1.279535441167011e-02,1.787017537907380e-03,5.447741718374890e-01,4.295373864545244e-02,2.144759674321788e-01,1.708242744059746e-01,5.384149134205184e-03,NaN,NaN,NaN,NaN,0,NaN,NaN,NaN,NaN,NaN,NaN,NaN,NaN,NaN,NaN,NaN,NaN,NaN,NaN,NaN,NaN,NaN,NaN,NaN,NaN,false
8,1.000000000000000e+05,0,2,CONTINUE,4.918712938062071e-08,4.918715323256479e-10,1.000000000000000e-09,7.865267591244044e-10,2.220446140662777e-14,7.561576969577960e+05,-9.999999999999836e-01,9.899999949950956e-01,,,1.057003419018725e-06,1.593393272384768e-07,7.614909074216271e+00,3.284588711818199e-09,9.417056025074737e+07,REACHED_FORCE,REACHED_FORCE,,1,0,0,1,0,0,,,,2.808484717047171e-14,NaN,2.074688129480883e-17,NaN,,,1.593392943457242e-12,5.526139435370945e-19,,solution good enough for the tolerances given,solution good enough for the tolerances given,,1.593392943457242e-12,5.526139435370945e-19,,2.074688129480883e-17,2.808484717047171e-14,2.074688129480883e-17,9.696301030153733e-21,,,2.808484717047171e-14,2.074688129480883e-17,,3.867851296677328e-01,3.074707261002611e+01,2.028328433446042e-09,3.236433933466179e-09,3.437693314877448e+06,0.000000000000000e+00,7.561576969577960e+05,-9.999999999999836e-01,1.033464794659888e-12,1.643130076445232e-14,10,9.999999999999836e-01,9.999999999999032e-01,9.999999999997840e-01,9.999999999996310e-01,9.999999999989932e-01,9.999999999989577e-01,9.999999999968030e-01,9.999999999867792e-01,9.999999999867788e-01,9.999999999867752e-01,3.076560814861035e-02,4.028054045545868e-02,1.385182819251485e-02,3.185919496607931e-02,6.633305863693335e-02,8.088115767484171e-06,2.002221955516851e-04,7.898106736296820e-01,2.560755495717352e-02,1.283230702228723e-03,NaN,NaN,NaN,NaN,0,NaN,NaN,NaN,NaN,NaN,NaN,NaN,NaN,NaN,NaN,NaN,NaN,NaN,NaN,NaN,NaN,NaN,NaN,NaN,NaN,7.563735896192526e+05,-9.999999999999665e-01,8.340324603606847e-14,3.352873534367973e-14,10,9.999999999999665e-01,9.999999999998963e-01,9.999999999997407e-01,9.999999999996283e-01,9.999999999989921e-01,9.999999999968037e-01,9.999999999968032e-01,9.999999999867828e-01,9.999999999867804e-01,9.999999999867790e-01,3.196157928966848e-04,6.892947487576928e-04,6.755833649317231e-03,1.198082805603693e-02,1.876763893869438e-03,5.069987293886905e-01,8.043085497372765e-02,2.569273455359934e-02,2.092994742781640e-01,1.559558706649399e-01,NaN,NaN,NaN,NaN,0,NaN,NaN,NaN,NaN,NaN,NaN,NaN,NaN,NaN,NaN,NaN,NaN,NaN,NaN,NaN,NaN,NaN,NaN,NaN,NaN,false
8,3.162000000000000e+05,0,2,CONTINUE,4.918712938062071e-08,4.918728125920254e-10,1.000000000000000e-09,7.865267591244044e-10,2.220446140662777e-14,7.549498076939092e+05,-9.999999999999933e-01,9.899999685555377e-01,,,1.057003419016828e-06,1.593393274043784e-07,7.614909074216270e+00,3.284588711818199e-09,9.417056025074737e+07,REACHED_FORCE,REACHED_FORCE,,1,0,0,1,0,0,,,,8.881988364647594e-15,NaN,3.457813549134804e-17,NaN,,,5.039193372335990e-13,1.747027908047274e-19,,solution good enough for the tolerances given,solution good enough for the tolerances given,,5.039193372335990e-13,1.747027908047274e-19,,2.766250839307844e-17,8.881988364647594e-15,3.457813549134804e-17,3.065350488575674e-21,,,8.881988364647594e-15,3.457813549134804e-17,,3.754705535177262e-01,1.736190883378512e+01,2.028328433446042e-09,3.236433933466179e-09,3.437693314877448e+06,0.000000000000000e+00,7.549498076939092e+05,-9.999999999999933e-01,3.574271932421440e-13,6.661338147750939e-15,10,9.999999999999933e-01,9.999999999999662e-01,9.999999999999014e-01,9.999999999998785e-01,9.999999999996827e-01,9.999999999992069e-01,9.999999999989908e-01,9.999999999958158e-01,9.999999999958151e-01,9.999999999958109e-01,1.978582469296497e-02,5.563230006675787e-02,1.869179886166520e-02,2.149682559392251e-02,6.806104522312120e-02,2.960376233807419e-35,2.891168728635201e-04,7.730405514033628e-01,1.293915130111090e-02,3.006338598423065e-02,NaN,NaN,NaN,NaN,0,NaN,NaN,NaN,NaN,NaN,NaN,NaN,NaN,NaN,NaN,NaN,NaN,NaN,NaN,NaN,NaN,NaN,NaN,NaN,NaN,7.556307004060345e+05,-9.999999999999920e-01,3.148966077368562e-14,7.993605777301127e-15,10,9.999999999999920e-01,9.999999999999680e-01,9.999999999999185e-01,9.999999999998821e-01,9.999999999996816e-01,9.999999999989897e-01,9.999999999989886e-01,9.999999999958167e-01,9.999999999958151e-01,9.999999999958147e-01,2.809468818110029e-04,7.238603015716676e-04,6.094700990431799e-03,1.288702011363358e-02,2.469648938100185e-03,5.401116189274456e-01,4.358801323552754e-02,1.039789882385420e-04,2.512137293069524e-01,1.425264823162876e-01,NaN,NaN,NaN,NaN,0,NaN,NaN,NaN,NaN,NaN,NaN,NaN,NaN,NaN,NaN,NaN,NaN,NaN,NaN,NaN,NaN,NaN,NaN,NaN,NaN,false
8,1.000000000000000e+06,0,2,CONTINUE,4.918712938062071e-08,4.918733813974637e-10,1.000000000000000e-09,7.865267591244044e-10,2.220446140662777e-14,7.437819368066789e+05,-9.999999999999931e-01,9.899999571278080e-01,,,1.057003419016228e-06,1.593393284437168e-07,7.614909074216269e+00,3.284588711818199e-09,9.417056025074737e+07,REACHED_FORCE,REACHED_FORCE,,1,0,0,1,0,0,,,,2.808484748705994e-15,NaN,4.149376258961766e-17,NaN,,,1.593392956867550e-13,5.520664638448900e-20,,solution good enough for the tolerances given,solution good enough for the tolerances given,,1.593392956867550e-13,5.520664638448900e-20,,4.840938968788727e-17,2.808484748705994e-15,4.149376258961766e-17,9.644897275072155e-22,,,2.808484748705994e-15,4.149376258961766e-17,,3.465240870799265e-01,9.880092235178710e+00,2.028328433446042e-09,3.236433933466179e-09,3.437693314877448e+06,0.000000000000000e+00,7.437819368066789e+05,-9.999999999999931e-01,3.357549479138490e-13,6.883382752675971e-15,10,9.999999999999931e-01,9.999999999999907e-01,9.999999999999649e-01,9.999999999999418e-01,9.999999999999012e-01,9.999999999996734e-01,9.999999999995961e-01,9.999999999986586e-01,9.999999999986571e-01,9.999999999986555e-01,6.325898643423954e-02,7.263350346249098e-32,3.754001071814222e-02,7.583878637463641e-32,8.683120621500634e-02,2.634003816804816e-04,1.850233115385586e-35,5.152610669241360e-01,2.401306791063387e-01,5.671465022045656e-02,NaN,NaN,NaN,NaN,0,NaN,NaN,NaN,NaN,NaN,NaN,NaN,NaN,NaN,NaN,NaN,NaN,NaN,NaN,NaN,NaN,NaN,NaN,NaN,NaN,7.448891212974611e+05,-9.999999999999922e-01,5.809725459067265e-13,7.771561172376096e-15,10,9.999999999999922e-01,9.999999999999740e-01,9.999999999999680e-01,9.999999999999012e-01,9.999999999996747e-01,9.999999999996743e-01,9.999999999992071e-01,9.999999999986606e-01,9.999999999986589e-01,9.999999999986575e-01,1.340518973716688e-03,1.656191819444288e-03,2.071521147440777e-02,1.289713094553720e-03,1.273280942076550e-01,4.578412021260211e-01,1.061365455381935e-13,1.575941134602189e-03,9.282637981664288e-02,2.954267473528516e-01,NaN,NaN,NaN,NaN,0,NaN,NaN,NaN,NaN,NaN,NaN,NaN,NaN,NaN,NaN,NaN,NaN,NaN,NaN,NaN,NaN,NaN,NaN,NaN,NaN,false
8,3.162000000000000e+06,0,2,CONTINUE,4.918712938062071e-08,4.918776743556190e-10,1.000000000000000e-09,7.865267591244044e-10,2.220446140662777e-14,7.307790185739759e+05,-9.999999999999969e-01,9.899998664453329e-01,,,1.057003419016041e-06,1.593393267679400e-07,7.614909074216264e+00,3.284588711818199e-09,9.417056025074737e+07,REACHED_FORCE,REACHED_FORCE,,1,0,0,1,0,0,,,,8.881988446036873e-16,NaN,8.755238994933424e-17,NaN,,,5.039193374021031e-14,1.745965134171066e-20,,solution good enough for the tolerances given,solution good enough for the tolerances given,,5.039193374021031e-14,1.745965134171066e-20,,1.994868743492367e-16,8.881988446036873e-16,8.755238994933424e-17,2.922249930809509e-22,,,8.881988446036873e-16,8.755238994933424e-17,,2.902525302927814e-01,5.729387095293913e+00,2.028328433446042e-09,3.236433933466179e-09,3.437693314877448e+06,0.000000000000000e+00,7.307790185739759e+05,-9.999999999999969e-01,3.638750207256938e-14,3.108624468950438e-15,10,9.999999999999969e-01,9.999999999999953e-01,9.999999999999889e-01,9.999999999999680e-01,9.999999999998990e-01,9.999999999998945e-01,9.999999999995743e-01,9.999999999995730e-01,9.999999999995710e-01,9.999999999995672e-01,1.030836841296388e-01,1.712294104660950e-161,1.174876740391352e-58,9.474205792780178e-02,3.839636418640353e-162,1.211725393800052e-03,2.087403153248569e-02,3.299474427955230e-01,3.679921299938786e-01,8.214892822687200e-02,NaN,NaN,NaN,NaN,0,NaN,NaN,NaN,NaN,NaN,NaN,NaN,NaN,NaN,NaN,NaN,NaN,NaN,NaN,NaN,NaN,NaN,NaN,NaN,NaN,7.364469013447176e+05,-9.999999999999918e-01,2.000374953557119e-13,8.215650382226158e-15,10,9.999999999999918e-01,9.999999999999909e-01,9.999999999999900e-01,9.999999999999800e-01,9.999999999998932e-01,9.999999999998930e-01,9.999999999997784e-01,9.999999999995739e-01,9.999999999995728e-01,9.999999999995706e-01,3.163000328212841e-83,4.608197191365716e-81,4.644355581712150e-02,7.975633075636228e-82,5.580344611336076e-01,1.564532239010715e-82,1.047278200200606e-240,2.097872994291434e-83,3.955219830492709e-01,4.659562433192101e-83,NaN,NaN,NaN,NaN,0,NaN,NaN,NaN,NaN,NaN,NaN,NaN,NaN,NaN,NaN,NaN,NaN,NaN,NaN,NaN,NaN,NaN,NaN,NaN,NaN,false
8,1.000000000000000e+07,0,2,CONTINUE,4.918712938062071e-08,4.918816488349425e-10,1.000000000000000e-09,7.865267591244044e-10,2.220446140662777e-14,9.402086904739075e+05,-1.000000000000000e+00,9.899997842892811e-01,,,1.057003419015981e-06,1.593393325556031e-07,7.614909074216264e+00,3.284588711818199e-09,9.417056025074737e+07,REACHED_FORCE,REACHED_FORCE,,1,0,0,1,0,0,,,,3.300320879625478e-16,NaN,2.254453021599404e-16,NaN,,,1.593393002238920e-14,5.503862186941460e-21,,solution good enough for the tolerances given,solution good enough for the tolerances given,,1.593393002238920e-14,5.503862186941460e-21,,3.300320879625478e-16,2.808484892342007e-16,2.254453021599404e-16,1.009334149258072e-22,,,3.300320879625478e-16,2.254453021599404e-16,,2.144473426944881e-01,3.430748896770218e+00,2.028328433446042e-09,3.236433933466179e-09,3.437693314877448e+06,0.000000000000000e+00,9.402086904739075e+05,-1.000000000000000e+00,3.647139440549105e-14,0.000000000000000e+00,10,1.000000000000000e+00,9.999999999999998e-01,9.999999999999993e-01,9.999999999999982e-01,9.999999999999956e-01,9.999999999999636e-01,9.999999999999454e-01,9.999999999998939e-01,9.999999999998939e-01,9.999999999998936e-01,3.018160166295937e-166,1.152854135031882e-220,5.677868759130989e-56,1.530568439825271e-137,2.321916723568322e-01,1.219218288521908e-55,1.491266701934493e-221,6.453887960853093e-166,9.047331274591630e-57,7.678083276431681e-01,NaN,NaN,NaN,NaN,0,NaN,NaN,NaN,NaN,NaN,NaN,NaN,NaN,NaN,NaN,NaN,NaN,NaN,NaN,NaN,NaN,NaN,NaN,NaN,NaN,9.153657779207325e+05,-9.999999999999996e-01,4.012536152130397e-15,4.440892098500626e-16,10,9.999999999999996e-01,9.999999999999982e-01,9.999999999999980e-01,9.999999999999969e-01,9.999999999999969e-01,9.999999999999647e-01,9.999999999999623e-01,9.999999999998919e-01,9.999999999998914e-01,9.999999999998908e-01,1.572785783542071e-89,5.687140625667077e-88,1.069735880310900e-01,3.959067657820669e-86,2.148913972844912e-83,2.541582185721202e-87,5.069895572914930e-01,5.325383765543183e-88,3.860368546774171e-01,2.561483997229720e-85,NaN,NaN,NaN,NaN,0,NaN,NaN,NaN,NaN,NaN,NaN,NaN,NaN,NaN,NaN,NaN,NaN,NaN,NaN,NaN,NaN,NaN,NaN,NaN,NaN,false
8,3.162000000000000e+07,0,2,CONTINUE,4.918712938062071e-08,4.919226608374553e-10,1.000000000000000e-09,7.865267591244044e-10,2.220446140662777e-14,1.121486856063980e+06,-1.000000000000001e+00,9.899989632394699e-01,,,1.057003419015950e-06,1.593393737972809e-07,7.614909074216236e+00,3.284588711818199e-09,9.417056025074737e+07,REACHED_FORCE,REACHED_FORCE,,1,0,0,1,0,0,,,,7.745502350061963e-16,NaN,6.673580149830173e-16,NaN,,,5.039194992711013e-15,1.706044835812171e-21,,solution good enough for the tolerances given,solution good enough for the tolerances given,,5.039194992711013e-15,1.706044835812171e-21,,7.745502350061963e-16,8.881990813420748e-17,6.673580149830173e-16,3.145802719836165e-23,,,7.745502350061963e-16,6.673580149830173e-16,,1.410142820001554e-01,2.872135245061414e+00,2.028328433446042e-09,3.236433933466179e-09,3.437693314877448e+06,0.000000000000000e+00,1.121486856063980e+06,-1.000000000000001e+00,1.253139997347318e-14,-8.881784197001252e-16,10,1.000000000000001e+00,9.999999999999989e-01,9.999999999999971e-01,9.999999999999898e-01,9.999999999999893e-01,9.999999999999809e-01,9.999999999999798e-01,9.999999999999751e-01,9.999999999999725e-01,9.999999999999718e-01,4.830472350833363e-01,2.854665209366978e-141,2.956213570515317e-197,1.000093655009825e-56,1.101569524563159e-112,9.002965009546021e-253,1.079908246373099e-84,5.169527649166639e-01,5.988570306715953e-141,6.973406156507967e-197,NaN,NaN,NaN,NaN,0,NaN,NaN,NaN,NaN,NaN,NaN,NaN,NaN,NaN,NaN,NaN,NaN,NaN,NaN,NaN,NaN,NaN,NaN,NaN,NaN,1.271685988572553e+06,-9.999999999999984e-01,1.085368809018184e-14,1.554312234475219e-15,10,9.999999999999984e-01,9.999999999999956e-01,9.999999999999940e-01,9.999999999999936e-01,9.999999999999916e-01,9.999999999999902e-01,9.999999999999889e-01,9.999999999999882e-01,9.999999999999847e-01,9.999999999999751e-01,1.778709289836955e-170,4.232770926997166e-57,8.553015818858370e-142,1.994787951448065e-226,1.466400692291301e-85,1.000000000000000e+00,1.116138209146426e-254,1.158833778923440e-28,1.096630772190339e-113,1.502583583936642e-170,NaN,NaN,NaN,NaN,0,NaN,NaN,NaN,NaN,NaN,NaN,NaN,NaN,NaN,NaN,NaN,NaN,NaN,NaN,NaN,NaN,NaN,NaN,NaN,NaN,false
8,1.000000000000000e+08,0,2,CONTINUE,4.918712938062071e-08,4.919447636476622e-10,1.000000000000000e-09,7.865267591244044e-10,2.220446140662777e-14,8.339999309945263e+05,-1.000000000000018e+00,9.899984947830474e-01,,,1.057003419015944e-06,1.593392731689490e-07,7.614909074216226e+00,3.284588711818199e-09,9.417056025074737e+07,REACHED_FORCE,REACHED_FORCE,,1,0,0,1,0,0,,,,2.109266264972231e-15,NaN,1.991700604301647e-15,NaN,,,1.593392393721255e-15,6.748312700861275e-22,,solution good enough for the tolerances given,solution good enough for the tolerances given,,1.593392393721255e-15,6.748312700861275e-22,,2.109266264972231e-15,2.808484773203096e-17,1.991700604301647e-15,1.164616326067006e-23,,,2.109266264972231e-15,1.991700604301647e-15,,8.527907521747813e-02,2.872135245061414e+00,2.028328433446042e-09,3.236433933466179e-09,3.437693314877448e+06,0.000000000000000e+00,8.339999309945263e+05,-1.000000000000018e+00,9.511772985670378e-15,-1.776356839400250e-14,10,1.000000000000018e+00,1.000000000000017e+00,1.000000000000016e+00,1.000000000000009e+00,9.999999999999962e-01,9.999999999999962e-01,9.999999999999953e-01,9.999999999999920e-01,9.999999999999907e-01,9.999999999999880e-01,1.768694652504921e-85,7.378961513576791e-226,7.071683699434060e-01,2.208839401481122e-169,2.611059063053448e-197,1.959058148379929e-141,5.726586813367509e-57,8.000261793381314e-86,2.928316300565936e-01,1.140951262043912e-225,NaN,NaN,NaN,NaN,0,NaN,NaN,NaN,NaN,NaN,NaN,NaN,NaN,NaN,NaN,NaN,NaN,NaN,NaN,NaN,NaN,NaN,NaN,NaN,NaN,9.007199254740892e+05,-1.000000000000016e+00,4.832076913099787e-15,-1.554312234475219e-14,10,1.000000000000016e+00,1.000000000000015e+00,1.000000000000014e+00,1.000000000000001e+00,1.000000000000000e+00,9.999999999999996e-01,9.999999999999942e-01,9.999999999999920e-01,9.999999999999907e-01,9.999999999999889e-01,3.632750659089559e-29,7.151398096763754e-114,1.117570443732382e-226,2.074124117263117e-198,1.047326139574562e-169,2.980236550448647e-85,1.000000000000000e+00,4.732285313113401e-29,7.535604384370179e-227,7.656760098269257e-114,NaN,NaN,NaN,NaN,0,NaN,NaN,NaN,NaN,NaN,NaN,NaN,NaN,NaN,NaN,NaN,NaN,NaN,NaN,NaN,NaN,NaN,NaN,NaN,NaN,false
8,3.162000000000000e+08,0,2,CONTINUE,4.918712938062071e-08,4.921260758601989e-10,1.000000000000000e-09,7.865267591244044e-10,2.220446140662777e-14,1.483633653334651e+05,-1.000000000000043e+00,9.899949433072720e-01,,,1.057003419015896e-06,1.593388182817896e-07,7.614909074216116e+00,3.284588711818199e-09,9.417056025074737e+07,REACHED_FORCE,REACHED_FORCE,,1,0,0,1,0,0,,,,6.957120860859227e-15,NaN,4.937757748164501e-15,NaN,,,5.039177606892479e-16,5.258651749865405e-22,,solution good enough for the tolerances given,solution good enough for the tolerances given,,5.039177606892479e-16,5.258651749865405e-22,,6.957120860859227e-15,8.881964348518719e-18,4.937757748164501e-15,1.003979591437074e-23,,,6.957120860859227e-15,4.937757748164501e-15,,4.931350219360026e-02,2.872135245061414e+00,2.028328433446042e-09,3.236433933466179e-09,3.437693314877448e+06,0.000000000000000e+00,1.483633653334651e+05,-1.000000000000043e+00,1.115227926861305e-14,-4.307665335545607e-14,10,1.000000000000043e+00,1.000000000000042e+00,1.000000000000041e+00,1.000000000000004e+00,1.000000000000003e+00,1.000000000000001e+00,9.999999999999960e-01,9.999999999999818e-01,9.999999999999800e-01,9.999999999999787e-01,6.582497889128125e-141,1.486933078729458e-03,6.744882202608219e-01,3.447044049210949e-223,5.385852597409440e-02,5.438800245468175e-140,1.323421917117075e-01,1.378241289746469e-01,4.142626093824701e-140,4.299898434944711e-223,NaN,NaN,NaN,NaN,0,NaN,NaN,NaN,NaN,NaN,NaN,NaN,NaN,NaN,NaN,NaN,NaN,NaN,NaN,NaN,NaN,NaN,NaN,NaN,NaN,1.468338461032232e+05,-1.000000000000044e+00,9.113277540325901e-15,-4.352074256530614e-14,10,1.000000000000044e+00,1.000000000000044e+00,1.000000000000044e+00,1.000000000000000e+00,9.999999999999996e-01,9.999999999999993e-01,9.999999999999978e-01,9.999999999999831e-01,9.999999999999820e-01,9.999999999999785e-01,1.440759915928667e-198,1.284453235572831e-29,2.180010455897022e-114,4.578694198802730e-114,1.527062614273978e-84,1.000000000000000e+00,1.669741048408548e-197,1.284453235572947e-29,6.702686234136228e-115,2.297140757449453e-198,NaN,NaN,NaN,NaN,0,NaN,NaN,NaN,NaN,NaN,NaN,NaN,NaN,NaN,NaN,NaN,NaN,NaN,NaN,NaN,NaN,NaN,NaN,NaN,NaN,false
8,1.000000000000000e+09,0,2,CONTINUE,4.918712938062071e-08,4.939272327430524e-10,1.000000000000000e-09,7.865267591244044e-10,2.220446140662777e-14,8.497357787491402e+04,-1.000000000000038e+00,9.899576391070997e-01,,,1.057003419015819e-06,1.593387637471848e-07,7.614909074215138e+00,3.284588711818199e-09,9.417056025074737e+07,REACHED_FORCE,REACHED_FORCE,,1,0,0,1,0,0,,,,2.305023161705096e-14,NaN,3.275240993740487e-14,NaN,,,1.593386292355195e-16,6.221954561152513e-22,,solution good enough for the tolerances given,solution good enough for the tolerances given,,1.593386292355195e-16,6.221954561152513e-22,,2.305023161705096e-14,2.808475884637113e-18,3.275240993740487e-14,9.504340132270966e-24,,,2.305023161705096e-14,3.275240993740487e-14,,2.799454426408363e-02,2.872135245061414e+00,2.028328433446042e-09,3.236433933466179e-09,3.437693314877448e+06,0.000000000000000e+00,8.497357787491402e+04,-1.000000000000038e+00,6.459848485144770e-15,-3.774758283725532e-14,10,1.000000000000038e+00,1.000000000000037e+00,1.000000000000036e+00,1.000000000000003e+00,9.999999999999987e-01,9.999999999999982e-01,9.999999999999925e-01,9.999999999999922e-01,9.999999999999913e-01,9.999999999999882e-01,7.748249619739289e-01,1.611566475911351e-197,4.989763114892742e-85,1.249045816881280e-197,4.233812326598767e-85,1.406324143736612e-168,2.251750380260710e-01,3.052271469345783e-56,2.451821661803495e-140,1.037170607919281e-197,NaN,NaN,NaN,NaN,0,NaN,NaN,NaN,NaN,NaN,NaN,NaN,NaN,NaN,NaN,NaN,NaN,NaN,NaN,NaN,NaN,NaN,NaN,NaN,NaN,4.595509823847345e+04,-1.000000000000041e+00,8.065225373016827e-15,-4.085620730620576e-14,10,1.000000000000041e+00,1.000000000000040e+00,1.000000000000039e+00,1.000000000000000e+00,9.999999999999998e-01,9.999999999999991e-01,9.999999999999978e-01,9.999999999999840e-01,9.999999999999791e-01,9.999999999999782e-01,2.264094670932860e-197,6.254832687362027e-114,1.112690465227398e-29,1.537336892498838e-84,1.000000000000000e+00,1.886482281526932e-113,1.335835053565373e-196,1.397934055609129e-29,2.106344320249124e-196,1.739381035213322e-113,NaN,NaN,NaN,NaN,0,NaN,NaN,NaN,NaN,NaN,NaN,NaN,NaN,NaN,NaN,NaN,NaN,NaN,NaN,NaN,NaN,NaN,NaN,NaN,NaN,false
8,3.162000000000000e+09,0,2,CONTINUE,4.918712938062071e-08,4.983338661888973e-10,1.000000000000000e-09,7.865267591244044e-10,2.220446140662777e-14,3.165085127113958e+04,-1.000000000000009e+00,9.898683096332380e-01,,,1.057003418997660e-06,1.593395517320007e-07,7.614909074212487e+00,3.284588711818199e-09,9.417056025074737e+07,REACHED_FORCE,REACHED_FORCE,,1,0,0,1,0,0,,,,1.061800619844980e-13,NaN,5.793220820220452e-14,NaN,,,5.039204911959509e-17,6.000789596412480e-22,,solution good enough for the tolerances given,solution good enough for the tolerances given,,5.039204911959509e-17,6.000789596412480e-22,,1.061800619844980e-13,8.882160593062858e-19,5.793220820220452e-14,1.566208162641835e-23,,,1.061800619844980e-13,5.793220820220452e-14,,1.579178273404960e-02,2.872135245061414e+00,2.028328433446042e-09,3.236433933466179e-09,3.437693314877448e+06,0.000000000000000e+00,3.165085127113958e+04,-1.000000000000009e+00,9.619644819829344e-15,-8.881784197001252e-15,10,1.000000000000009e+00,1.000000000000002e+00,9.999999999999991e-01,9.999999999999991e-01,9.999999999999991e-01,9.999999999999969e-01,9.999999999999967e-01,9.999999999999958e-01,9.999999999999942e-01,9.999999999999900e-01,5.762430693822301e-29,9.611153446311250e-114,1.816836278909667e-85,5.705191494482098e-170,9.557746107355274e-255,1.332209794443407e-226,1.013987241287794e-141,1.000000000000000e+00,3.778436065090098e-29,2.098364895556401e-198,NaN,NaN,NaN,NaN,0,NaN,NaN,NaN,NaN,NaN,NaN,NaN,NaN,NaN,NaN,NaN,NaN,NaN,NaN,NaN,NaN,NaN,NaN,NaN,NaN,5.275141878523285e+04,-1.000000000000009e+00,7.709324890691177e-15,-9.325873406851315e-15,10,1.000000000000009e+00,1.000000000000004e+00,1.000000000000002e+00,9.999999999999991e-01,9.999999999999989e-01,9.999999999999982e-01,9.999999999999978e-01,9.999999999999964e-01,9.999999999999962e-01,9.999999999999940e-01,7.366080892736129e-59,1.535723431524955e-257,2.340108703511394e-144,1.000000000000000e+00,1.859595049336381e-229,2.870442100301196e-30,1.870053452359026e-172,8.092307533918537e-116,6.982015186616938e-201,2.932911502576858e-59,NaN,NaN,NaN,NaN,0,NaN,NaN,NaN,NaN,NaN,NaN,NaN,NaN,NaN,NaN,NaN,NaN,NaN,NaN,NaN,NaN,NaN,NaN,NaN,NaN,false
8,1.000000000000000e+10,0,2,CONTINUE,4.918712938062071e-08,5.027499427043927e-10,1.000000000000000e-09,7.865267591244044e-10,2.220446140662777e-14,2.905548146690543e+03,-1.000000000000001e+00,9.897816946191784e-01,,,1.057003418962340e-06,1.593475109742748e-07,7.614909074209321e+00,3.284588711818199e-09,9.417056025074737e+07,REACHED_FORCE,REACHED_FORCE,,1,0,0,1,0,0,,,,2.747337232748789e-13,NaN,2.182649175801656e-13,NaN,,,1.593475019491473e-17,5.593387474054307e-22,,solution good enough for the tolerances given,solution good enough for the tolerances given,,1.593475019491473e-17,5.593387474054307e-22,,2.747337232748789e-13,2.808661687793502e-19,2.182649175801656e-13,1.070911564199545e-23,,,2.747337232748789e-13,2.182649175801656e-13,,8.888716285869465e-03,2.872135245061414e+00,2.028328433446042e-09,3.236433933466179e-09,3.437693314877448e+06,0.000000000000000e+00,2.905548146690543e+03,-1.000000000000001e+00,1.591846407316964e-14,-1.332267629550188e-15,10,1.000000000000001e+00,1.000000000000000e+00,1.000000000000000e+00,9.999999999999996e-01,9.999999999999969e-01,9.999999999999938e-01,9.999999999999807e-01,9.999999999999698e-01,9.999999999999682e-01,9.999999999999656e-01,4.093852126170909e-01,8.364445128969937e-86,6.762327894303663e-170,8.044344753919429e-57,2.030802669093575e-225,1.746035454964878e-141,1.546206315837693e-253,2.383398585275384e-86,4.698487309695146e-170,5.906147873829091e-01,NaN,NaN,NaN,NaN,0,NaN,NaN,NaN,NaN,NaN,NaN,NaN,NaN,NaN,NaN,NaN,NaN,NaN,NaN,NaN,NaN,NaN,NaN,NaN,NaN,2.814749767106460e+03,-1.000000000000000e+00,6.427462776491439e-15,-4.440892098500626e-16,10,1.000000000000000e+00,1.000000000000000e+00,9.999999999999998e-01,9.999999999999998e-01,9.999999999999956e-01,9.999999999999949e-01,9.999999999999929e-01,9.999999999999649e-01,9.999999999999649e-01,9.999999999999645e-01,2.708007509967028e-115,2.754500924261203e-199,6.817278654170841e-255,1.000000000000000e+00,5.799207060398382e-86,2.046322640457630e-30,9.557876313523939e-171,3.077925737669609e-199,9.271055843256530e-30,1.071085859652831e-114,NaN,NaN,NaN,NaN,0,NaN,NaN,NaN,NaN,NaN,NaN,NaN,NaN,NaN,NaN,NaN,NaN,NaN,NaN,NaN,NaN,NaN,NaN,NaN,NaN,false
8,3.162000000000000e+10,0,2,CONTINUE,4.918712938062071e-08,5.573466964059642e-10,1.000000000000000e-09,7.865267591244044e-10,2.220446140662777e-14,2.064185952465614e+03,-1.000000000000049e+00,9.886460403128381e-01,,,1.057003412524448e-06,1.593493946094037e-07,7.614909074183887e+00,3.284588711818199e-09,9.417056025074737e+07,REACHED_FORCE,REACHED_FORCE,,1,0,0,1,0,0,,,,8.936580805196938e-13,NaN,7.416525122537654e-13,NaN,,,5.039604791631995e-18,7.654463093832934e-22,,solution good enough for the tolerances given,solution good enough for the tolerances given,,5.039604791631995e-18,7.654463093832934e-22,,8.936580805196938e-13,8.884764246803319e-20,7.416525122537654e-13,1.833936053691722e-23,,,8.936580805196938e-13,7.416525122537654e-13,,5.000270079643909e-03,2.872135245061414e+00,2.028328433446042e-09,3.236433933466179e-09,3.437693314877448e+06,0.000000000000000e+00,2.064185952465614e+03,-1.000000000000049e+00,3.100115155719698e-14,-4.884981308350689e-14,10,1.000000000000049e+00,1.000000000000047e+00,1.000000000000045e+00,1.000000000000044e+00,1.000000000000017e+00,1.000000000000001e+00,9.999999999999982e-01,9.999999999999969e-01,9.999999999999898e-01,9.999999999999847e-01,1.040794288738047e-195,4.538629803027242e-140,1.966261739787675e-57,8.178935114031793e-01,7.481637045420081e-197,6.522607083769027e-57,1.023782710875733e-140,1.821064885968209e-01,5.094859412521158e-57,6.481907267125821e-196,NaN,NaN,NaN,NaN,0,NaN,NaN,NaN,NaN,NaN,NaN,NaN,NaN,NaN,NaN,NaN,NaN,NaN,NaN,NaN,NaN,NaN,NaN,NaN,NaN,1.802896591394013e+03,-1.000000000000046e+00,1.457651140236501e-14,-4.574118861455645e-14,10,1.000000000000046e+00,1.000000000000044e+00,1.000000000000044e+00,1.000000000000003e+00,9.999999999999964e-01,9.999999999999951e-01,9.999999999999925e-01,9.999999999999916e-01,9.999999999999880e-01,9.999999999999825e-01,1.845190741491169e-145,1.068094549660571e-57,5.011136064173362e-141,8.771733835608394e-142,1.000000000000000e+00,3.918602491734544e-58,7.012284106601304e-113,4.348568169450723e-142,4.530002692611323e-29,1.710483489094357e-142,NaN,NaN,NaN,NaN,0,NaN,NaN,NaN,NaN,NaN,NaN,NaN,NaN,NaN,NaN,NaN,NaN,NaN,NaN,NaN,NaN,NaN,NaN,NaN,NaN,false
8,1.000000000000000e+11,0,2,CONTINUE,4.918712938062071e-08,6.658667533123157e-10,1.000000000000000e-09,7.865267591244044e-10,2.220446140662777e-14,4.131742777404025e+02,-1.000000000000038e+00,9.863212560811505e-01,,,1.057003406658081e-06,1.592952755871598e-07,7.614909074137579e+00,3.284588711818199e-09,9.417056025074737e+07,REACHED_FORCE,REACHED_FORCE,,1,0,0,1,0,0,,,,2.031945676062644e-12,NaN,1.744469922016939e-12,NaN,,,1.592986401026855e-18,5.515090676699706e-22,,solution good enough for the tolerances given,solution good enough for the tolerances given,,1.592986401026855e-18,5.515090676699706e-22,,2.031945676062644e-12,2.809951466908635e-20,1.744469922016939e-12,1.345332652525679e-23,,,2.031945676062644e-12,1.744469922016939e-12,,2.812012458266589e-03,2.872135245061414e+00,2.028328433446042e-09,3.236433933466179e-09,3.437693314877448e+06,0.000000000000000e+00,4.131742777404025e+02,-1.000000000000038e+00,1.873322901940780e-14,-3.774758283725532e-14,10,1.000000000000038e+00,1.000000000000036e+00,1.000000000000033e+00,1.000000000000031e+00,1.000000000000001e+00,1.000000000000000e+00,9.999999999999996e-01,9.999999999999960e-01,9.999999999999776e-01,9.999999999999758e-01,4.402912220670197e-142,7.011054853642638e-141,1.422640852086406e-84,7.998451431739926e-01,9.515881560270887e-142,1.393011783018779e-01,4.168504623487755e-85,2.827402573895396e-141,3.938368605796122e-141,6.085367852412968e-02,NaN,NaN,NaN,NaN,0,NaN,NaN,NaN,NaN,NaN,NaN,NaN,NaN,NaN,NaN,NaN,NaN,NaN,NaN,NaN,NaN,NaN,NaN,NaN,NaN,3.950525988921387e+02,-1.000000000000031e+00,1.497788427601610e-14,-3.064215547965432e-14,10,1.000000000000031e+00,1.000000000000030e+00,1.000000000000009e+00,9.999999999999998e-01,9.999999999999996e-01,9.999999999999987e-01,9.999999999999978e-01,9.999999999999800e-01,9.999999999999749e-01,9.999999999999747e-01,6.639530645292600e-115,1.240426749251022e-30,1.858483429383112e-253,1.000000000000000e+00,1.070932787124460e-30,2.276980965254319e-114,2.243747969680596e-197,2.084661481174887e-225,5.717974809458587e-30,1.289102239481248e-113,NaN,NaN,NaN,NaN,0,NaN,NaN,NaN,NaN,NaN,NaN,NaN,NaN,NaN,NaN,NaN,NaN,NaN,NaN,NaN,NaN,NaN,NaN,NaN,NaN,false
8,3.162000000000000e+11,0,2,CONTINUE,4.918712938062071e-08,1.035483098022093e-09,1.000000000000000e-09,7.865267591244044e-10,2.220446140662777e-14,2.125803443583991e+02,-1.000000000000016e+00,9.785359146789888e-01,,,1.056999475486902e-06,1.598260989732956e-07,7.614909073901321e+00,3.284588711818199e-09,9.417056025074737e+07,REACHED_FORCE,REACHED_FORCE,,1,0,0,1,0,0,,,,1.160326846121084e-11,NaN,7.561829620474811e-12,NaN,,,5.054618641475774e-19,5.378747896074117e-22,,solution good enough for the tolerances given,solution good enough for the tolerances given,,5.054618641475774e-19,5.378747896074117e-22,,1.160326846121084e-11,8.933410404607082e-21,7.561829620474811e-12,1.057525169647051e-23,,,1.160326846121084e-11,7.561829620474811e-12,,1.581429580058366e-03,2.872135245061414e+00,2.028328433446042e-09,3.236433933466179e-09,3.437693314877448e+06,0.000000000000000e+00,2.125803443583991e+02,-1.000000000000016e+00,6.412567211752912e-15,-1.643130076445232e-14,10,1.000000000000016e+00,1.000000000000014e+00,1.000000000000012e+00,1.000000000000000e+00,9.999999999999987e-01,9.999999999999973e-01,9.999999999999949e-01,9.999999999999913e-01,9.999999999999893e-01,9.999999999999851e-01,1.827341231161975e-170,9.721884126820723e-86,1.000000000000000e+00,2.139189712088788e-141,3.763288360680707e-254,1.034808087372359e-28,8.729121593423231e-171,4.658053672797447e-57,2.010701186496441e-85,2.174717591764571e-170,NaN,NaN,NaN,NaN,0,NaN,NaN,NaN,NaN,NaN,NaN,NaN,NaN,NaN,NaN,NaN,NaN,NaN,NaN,NaN,NaN,NaN,NaN,NaN,NaN,1.924713928650368e+02,-1.000000000000018e+00,1.514351479522568e-14,-1.820765760385257e-14,10,1.000000000000018e+00,1.000000000000017e+00,1.000000000000002e+00,9.999999999999993e-01,9.999999999999991e-01,9.999999999999982e-01,9.999999999999964e-01,9.999999999999922e-01,9.999999999999845e-01,9.999999999999836e-01,1.203397279167684e-30,2.034299039127138e-142,4.308008995185140e-255,1.000000000000000e+00,4.931409711647070e-114,6.488259564104095e-227,3.729358564269263e-198,4.749187493073455e-30,5.114078815746716e-31,8.287985954996862e-143,NaN,NaN,NaN,NaN,0,NaN,NaN,NaN,NaN,NaN,NaN,NaN,NaN,NaN,NaN,NaN,NaN,NaN,NaN,NaN,NaN,NaN,NaN,NaN,NaN,false
8,1.000000000000000e+12,0,2,CONTINUE,4.918712938062071e-08,3.102468542489137e-09,1.000000000000000e-09,7.865267591244044e-10,2.220446140662777e-14,3.084657279020788e+01,-1.000000000000031e+00,9.370442333264593e-01,,,1.056977161668085e-06,1.583360756848890e-07,7.614909072991773e+00,3.284588711818199e-09,9.417056025074737e+07,REACHED_FORCE,REACHED_FORCE,,1,0,0,1,0,0,,,,1.700232509929847e-11,NaN,2.237446576081994e-11,NaN,,,1.583948322068299e-19,5.969631682395004e-22,,solution good enough for the tolerances given,solution good enough for the tolerances given,,1.583948322068299e-19,5.969631682395004e-22,,1.700232509929847e-11,2.804650454665847e-21,2.237446576081994e-11,1.566208162641835e-23,,,1.700232509929847e-11,2.237446576081994e-11,,8.892729380265322e-04,2.872135245061414e+00,2.028328433446042e-09,3.236433933466179e-09,3.437693314877448e+06,0.000000000000000e+00,3.084657279020788e+01,-1.000000000000031e+00,1.644651117322135e-14,-3.064215547965432e-14,10,1.000000000000031e+00,1.000000000000028e+00,1.000000000000025e+00,1.000000000000004e+00,1.000000000000002e+00,1.000000000000001e+00,1.000000000000000e+00,9.999999999999718e-01,9.999999999999714e-01,9.999999999999676e-01,1.460725048678059e-168,1.954757503898082e-85,6.935647464808992e-01,7.487210340695029e-02,7.717521022688788e-251,3.911075702840527e-168,8.931067352987741e-85,2.315631501121507e-01,4.018234336068317e-85,1.120637894316124e-168,NaN,NaN,NaN,NaN,0,NaN,NaN,NaN,NaN,NaN,NaN,NaN,NaN,NaN,NaN,NaN,NaN,NaN,NaN,NaN,NaN,NaN,NaN,NaN,NaN,2.729454319618382e+01,-1.000000000000027e+00,8.085995514445290e-15,-2.708944180085382e-14,10,1.000000000000027e+00,1.000000000000027e+00,1.000000000000001e+00,9.999999999999996e-01,9.999999999999978e-01,9.999999999999960e-01,9.999999999999725e-01,9.999999999999689e-01,9.999999999999662e-01,9.999999999999634e-01,3.660156690918047e-169,1.763417563216172e-02,2.126288039133316e-84,3.406605130904321e-169,3.274727067640588e-140,9.587739213415359e-01,2.359190302630217e-02,6.158713931800769e-85,4.366938711551991e-169,1.435584737820885e-168,NaN,NaN,NaN,NaN,0,NaN,NaN,NaN,NaN,NaN,NaN,NaN,NaN,NaN,NaN,NaN,NaN,NaN,NaN,NaN,NaN,NaN,NaN,NaN,NaN,false
8,3.162000000000000e+12,0,2,CONTINUE,4.918712938062071e-08,1.265079919725768e-08,1.000000000000000e-09,7.865267591244044e-10,2.220446140662777e-14,5.934534613338699e+01,-1.000000000000041e+00,7.425054196115143e-01,,,1.056791744031840e-06,1.597870053344776e-07,7.614909067181481e+00,3.284588711818199e-09,9.417056025074737e+07,REACHED_FORCE,REACHED_FORCE,,1,0,0,1,0,0,,,,7.090087197409028e-11,NaN,9.371665498405412e-11,NaN,,,5.052489576315229e-20,4.446156898818061e-22,,solution good enough for the tolerances given,solution good enough for the tolerances given,,5.052489576315229e-20,4.446156898818061e-22,,7.090087197409028e-11,8.998334418186680e-22,9.371665498405412e-11,8.299564622546477e-24,,,7.090087197409028e-11,9.371665498405412e-11,,5.000984372302036e-04,2.872135245061414e+00,2.028328433446042e-09,3.236433933466179e-09,3.437693314877448e+06,0.000000000000000e+00,5.934534613338699e+01,-1.000000000000041e+00,8.795315926120524e-15,-4.130029651605582e-14,10,1.000000000000041e+00,1.000000000000039e+00,1.000000000000036e+00,1.000000000000035e+00,9.999999999999996e-01,9.999999999999991e-01,9.999999999999976e-01,9.999999999999960e-01,9.999999999999947e-01,9.999999999999947e-01,4.734547827103745e-226,2.588476819153012e-170,7.456730902221532e-01,8.085641547993746e-114,2.543269097778468e-01,1.409245937440796e-114,1.093128588182598e-85,6.987098315850934e-57,1.037031003836358e-225,1.459469854989330e-170,NaN,NaN,NaN,NaN,0,NaN,NaN,NaN,NaN,NaN,NaN,NaN,NaN,NaN,NaN,NaN,NaN,NaN,NaN,NaN,NaN,NaN,NaN,NaN,NaN,2.125803443583991e+01,-1.000000000000035e+00,1.105513398433521e-14,-3.508304757815495e-14,10,1.000000000000035e+00,1.000000000000035e+00,1.000000000000035e+00,1.000000000000001e+00,9.999999999999993e-01,9.999999999999982e-01,9.999999999999951e-01,9.999999999999929e-01,9.999999999999929e-01,9.999999999999851e-01,4.739583222018088e-30,2.864364729187087e-114,1.516683342592374e-198,2.493694664686260e-85,1.000000000000000e+00,1.437519946580743e-169,3.629182854578335e-198,1.993779211252949e-114,8.112516062916543e-30,5.817224960645707e-199,NaN,NaN,NaN,NaN,0,NaN,NaN,NaN,NaN,NaN,NaN,NaN,NaN,NaN,NaN,NaN,NaN,NaN,NaN,NaN,NaN,NaN,NaN,NaN,NaN,false
8,1.000000000000000e+13,0,2,CONTINUE,4.918712938062071e-08,7.889796470062629e-09,1.000000000000000e-09,7.865267591244044e-10,2.220446140662777e-14,1.501199875790155e+01,-1.000000000000023e+00,8.671043593669736e-01,,,1.021523416148820e-06,1.750832983538888e-07,7.614909069841562e+00,3.284588711818199e-09,9.417056025074737e+07,REACHED_FORCE,REACHED_FORCE,,1,0,0,1,0,0,,,,2.051853954960632e-10,NaN,2.124883929382660e-10,NaN,,,1.786620823081282e-20,1.252103002230088e-21,,solution good enough for the tolerances given,solution good enough for the tolerances given,,1.786620823081282e-20,1.252103002230088e-21,,2.051853954960632e-10,3.189977821859396e-22,2.124883929382660e-10,2.503255781316437e-23,,,2.051853954960632e-10,2.124883929382660e-10,,2.812139484832675e-04,2.872135245061414e+00,2.028328433446042e-09,3.236433933466179e-09,3.437693314877448e+06,0.000000000000000e+00,1.501199875790155e+01,-1.000000000000023e+00,6.294051782482785e-15,-2.264854970235319e-14,10,1.000000000000023e+00,1.000000000000021e+00,1.000000000000020e+00,1.000000000000019e+00,1.000000000000002e+00,1.000000000000002e+00,9.999999999999978e-01,9.999999999999978e-01,9.999999999999956e-01,9.999999999999933e-01,1.477038492922414e-142,7.347110752236555e-227,3.642278718060547e-58,1.000000000000000e+00,9.586799071702248e-114,6.302009005650905e-29,1.223599632778421e-198,6.446005194262428e-143,2.447284660921535e-227,7.939246158435168e-58,NaN,NaN,NaN,NaN,0,NaN,NaN,NaN,NaN,NaN,NaN,NaN,NaN,NaN,NaN,NaN,NaN,NaN,NaN,NaN,NaN,NaN,NaN,NaN,NaN,1.801439850948188e+01,-1.000000000000021e+00,1.245242462715336e-14,-2.131628207280301e-14,10,1.000000000000021e+00,1.000000000000009e+00,1.000000000000003e+00,1.000000000000001e+00,9.999999999999982e-01,9.999999999999971e-01,9.999999999999964e-01,9.999999999999956e-01,9.999999999999953e-01,9.999999999999944e-01,5.667123941835523e-143,1.143947046572771e-28,1.137589605012158e-56,1.000000000000000e+00,1.170331418374857e-255,1.414246700076919e-85,2.829800228551505e-227,6.499878486839120e-143,9.315024303788601e-199,5.304273118994521e-114,NaN,NaN,NaN,NaN,0,NaN,NaN,NaN,NaN,NaN,NaN,NaN,NaN,NaN,NaN,NaN,NaN,NaN,NaN,NaN,NaN,NaN,NaN,NaN,NaN,false
8,3.162000000000000e+13,0,3,CONTINUE,4.918712938062071e-08,2.160056184604439e-08,1.000000000000000e-09,7.865267591244044e-10,2.220446140662777e-14,1.139430645761005e+00,-1.000000000000023e+00,5.585481370576503e-01,,,1.057003425288006e-06,1.999735938306366e-07,7.614909062631551e+00,3.284588711818199e-09,9.417056025074737e+07,REACHED_FORCE,REACHED_FORCE,,1,1,1,1,0,0,,,,9.322731095952501e-10,7.607189808096570e-17,7.284124628450402e-10,NaN,,,6.350342114464331e-21,1.633532666511938e-21,,solution good enough for the tolerances given,solution good enough for the tolerances given,,6.350342114464331e-21,1.633532666511938e-21,,9.322731095952501e-10,1.147214013148763e-22,7.284124628450402e-10,2.730824488708841e-23,,,7.607189808096570e-17,7.284124628450402e-10,,1.581452124873086e-04,2.872135245061414e+00,2.028328433446042e-09,3.236433933466179e-09,3.437693314877448e+06,0.000000000000000e+00,1.139430645761005e+00,-1.000000000000023e+00,7.409911939099809e-15,-2.309263891220326e-14,10,1.000000000000023e+00,1.000000000000023e+00,1.000000000000022e+00,1.000000000000004e+00,9.999999999999987e-01,9.999999999999956e-01,9.999999999999807e-01,9.999999999999805e-01,9.999999999999791e-01,9.999999999999722e-01,6.194657652340181e-01,1.151800606967329e-196,1.565752473477723e-85,6.305705953941931e-02,8.444114289173938e-85,3.792737948070849e-196,5.451914584344303e-168,3.174771752265628e-01,2.101057449762074e-85,1.573672282309599e-196,NaN,NaN,NaN,NaN,0,NaN,NaN,NaN,NaN,NaN,NaN,NaN,NaN,NaN,NaN,NaN,NaN,NaN,NaN,NaN,NaN,NaN,NaN,NaN,NaN,1.410186442773528e+00,-1.000000000000021e+00,1.893474664395137e-14,-2.131628207280301e-14,10,1.000000000000021e+00,1.000000000000021e+00,1.000000000000003e+00,1.000000000000002e+00,9.999999999999996e-01,9.999999999999973e-01,9.999999999999969e-01,9.999999999999807e-01,9.999999999999796e-01,9.999999999999776e-01,3.270638848009747e-01,4.207553647397557e-114,4.521783882710373e-197,3.927619085431371e-01,9.831664781129339e-85,2.201559123019583e-252,1.335384437084036e-113,2.801742066558880e-01,2.042161487048957e-113,9.110935652604362e-197,NaN,NaN,NaN,NaN,0,NaN,NaN,NaN,NaN,NaN,NaN,NaN,NaN,NaN,NaN,NaN,NaN,NaN,NaN,NaN,NaN,NaN,NaN,NaN,NaN,false
8,1.000000000000000e+14,0,4,CONTINUE,4.918712938062071e-08,4.921037922004902e-10,1.000000000000000e-09,7.865267591244044e-10,2.220446140662777e-14,3.216856876693202e+00,-1.000000000000065e+00,9.899953352288489e-01,,,1.057003419015952e-06,1.593389537285129e-07,7.614909074216116e+00,3.284588711818199e-09,9.417056025074737e+07,REACHED_FORCE,REACHED_FORCE,,1,1,1,1,1,1,,,,3.106690397875571e-09,1.848573081771885e-15,2.379954151642236e-09,1.766366476052535e-15,,,4.747002447102926e-21,3.325756544666233e-21,,solution good enough for the tolerances given,solution good enough for the tolerances given,,4.747002447102926e-21,3.325756544666233e-21,,3.106690397875571e-09,8.246019044336500e-23,2.379954151642236e-09,5.180534691815301e-23,,,1.848573081771885e-15,1.766366476052535e-15,,8.892768504660380e-05,2.872135245061414e+00,2.028328433446042e-09,3.236433933466179e-09,3.437693314877448e+06,0.000000000000000e+00,3.216856876693202e+00,-1.000000000000065e+00,2.591102953472261e-14,-6.483702463810914e-14,10,1.000000000000065e+00,1.000000000000065e+00,1.000000000000061e+00,1.000000000000013e+00,1.000000000000004e+00,1.000000000000002e+00,1.000000000000002e+00,9.999999999999987e-01,9.999999999999982e-01,9.999999999999969e-01,2.078424419537679e-57,9.016022503750544e-01,2.384705815076840e-168,2.002785074194317e-252,5.079013349402601e-57,9.839774962494588e-02,4.603302544149417e-224,2.397976294266696e-140,4.815247039012868e-169,1.318086542407515e-56,NaN,NaN,NaN,NaN,0,NaN,NaN,NaN,NaN,NaN,NaN,NaN,NaN,NaN,NaN,NaN,NaN,NaN,NaN,NaN,NaN,NaN,NaN,NaN,NaN,2.047090739713852e+00,-1.000000000000064e+00,3.225461529216742e-14,-6.439293542825908e-14,10,1.000000000000064e+00,1.000000000000064e+00,1.000000000000062e+00,1.000000000000038e+00,1.000000000000005e+00,1.000000000000004e+00,1.000000000000001e+00,1.000000000000000e+00,9.999999999999973e-01,9.999999999999951e-01,9.030649690185939e-01,1.308558699139840e-141,5.032592657259144e-85,4.713627353726321e-225,1.657350955312263e-56,9.693503098140656e-02,3.838203328973119e-224,6.423582818379542e-141,2.727577027798804e-85,1.331761749288242e-140,NaN,NaN,NaN,NaN,0,NaN,NaN,NaN,NaN,NaN,NaN,NaN,NaN,NaN,NaN,NaN,NaN,NaN,NaN,NaN,NaN,NaN,NaN,NaN,NaN,false
8,3.162000000000000e+14,0,4,CONTINUE,4.918712938062071e-08,4.924826934691048e-10,1.000000000000000e-09,7.865267591244044e-10,2.220446140662777e-14,2.589615104002324e-01,-1.000000000000000e+00,9.899871183495865e-01,,,1.057003419015902e-06,1.593390419813714e-07,7.614909074215944e+00,3.284588711818199e-09,9.417056025074737e+07,REACHED_FORCE,REACHED_FORCE,,1,1,1,1,1,1,,,,6.530830465446633e-09,4.087135615077340e-15,8.439752125795638e-09,6.618255133044016e-15,,,1.212483559656756e-21,1.214930835933341e-21,,solution good enough for the tolerances given,solution good enough for the tolerances given,,1.212483559656756e-21,1.214930835933341e-21,,6.530830465446633e-09,2.195368706609068e-23,8.439752125795638e-09,2.650506121393875e-23,,,4.087135615077340e-15,6.618255133044016e-15,,5.000991114272400e-05,2.872135245061414e+00,2.028328433446042e-09,3.236433933466179e-09,3.437693314877448e+06,0.000000000000000e+00,2.589615104002324e-01,-1.000000000000000e+00,8.302913734293220e-15,-4.440892098500626e-16,10,1.000000000000000e+00,9.999999999999956e-01,9.999999999999956e-01,9.999999999999951e-01,9.999999999999942e-01,9.999999999999931e-01,9.999999999999909e-01,9.999999999999893e-01,9.999999999999891e-01,9.999999999999878e-01,5.117152393635628e-57,2.931081532590924e-142,5.928816325251039e-227,1.000000000000000e+00,1.239739868353122e-198,6.440119548448939e-29,1.564443121974228e-57,1.236069896582529e-170,3.775177513622231e-255,9.464643721864792e-114,NaN,NaN,NaN,NaN,0,NaN,NaN,NaN,NaN,NaN,NaN,NaN,NaN,NaN,NaN,NaN,NaN,NaN,NaN,NaN,NaN,NaN,NaN,NaN,NaN,1.600323940675581e-01,-1.000000000000008e+00,1.311484907593808e-14,-8.437694987151190e-15,10,1.000000000000008e+00,1.000000000000005e+00,1.000000000000003e+00,1.000000000000000e+00,9.999999999999969e-01,9.999999999999927e-01,9.999999999999922e-01,9.999999999999909e-01,9.999999999999840e-01,9.999999999999802e-01,7.270159294256138e-227,7.029688905405598e-171,2.949989421977375e-142,2.795593047659409e-57,5.779812663570931e-86,1.000000000000000e+00,6.625799056240438e-29,5.929577857827022e-114,3.806684319488217e-227,5.179001086751494e-171,NaN,NaN,NaN,NaN,0,NaN,NaN,NaN,NaN,NaN,NaN,NaN,NaN,NaN,NaN,NaN,NaN,NaN,NaN,NaN,NaN,NaN,NaN,NaN,NaN,false
8,1.000000000000000e+15,0,4,CONTINUE,4.918712938062071e-08,5.245871878611133e-10,1.000000000000000e-09,7.865267591244044e-10,2.220446140662777e-14,1.501199875790155e-01,-1.000000000000030e+00,9.893349203019636e-01,,,1.057003418927191e-06,1.593217880991686e-07,7.614909074198413e+00,3.284588711818199e-09,9.417056025074737e+07,REACHED_FORCE,REACHED_FORCE,,1,1,1,1,1,1,,,,2.064420571925292e-08,2.255183067356649e-13,2.174847074924583e-08,2.379459815701624e-13,,,4.042157456928194e-21,3.899348027223643e-21,,solution good enough for the tolerances given,solution good enough for the tolerances given,,4.042157456928194e-21,3.899348027223643e-21,,2.064420571925292e-08,7.275505439280661e-23,2.174847074924583e-08,6.626265303484687e-23,,,2.255183067356649e-13,2.379459815701624e-13,,2.812140490530536e-05,2.872135245061414e+00,2.028328433446042e-09,3.236433933466179e-09,3.437693314877448e+06,0.000000000000000e+00,1.501199875790155e-01,-1.000000000000030e+00,5.351373517592374e-15,-3.019806626980426e-14,10,1.000000000000030e+00,1.000000000000030e+00,1.000000000000029e+00,9.999999999999993e-01,9.999999999999984e-01,9.999999999999976e-01,9.999999999999973e-01,9.999999999999951e-01,9.999999999999947e-01,9.999999999999933e-01,6.102516998173519e-115,7.797848138059362e-01,6.690131095122581e-200,3.134500506622965e-86,2.403074429881698e-57,4.720321907903884e-255,3.490578928838657e-115,1.804300994274382e-199,1.003519569533618e-170,2.202151861940638e-01,NaN,NaN,NaN,NaN,0,NaN,NaN,NaN,NaN,NaN,NaN,NaN,NaN,NaN,NaN,NaN,NaN,NaN,NaN,NaN,NaN,NaN,NaN,NaN,NaN,1.072285625564394e-01,-1.000000000000031e+00,1.020084140468091e-14,-3.108624468950438e-14,10,1.000000000000031e+00,1.000000000000031e+00,1.000000000000025e+00,1.000000000000004e+00,9.999999999999993e-01,9.999999999999982e-01,9.999999999999958e-01,9.999999999999936e-01,9.999999999999929e-01,9.999999999999907e-01,1.008633351612032e-142,7.279983052570056e-01,3.557827526008187e-85,3.175195984338996e-57,3.666129894426156e-113,2.246526590298317e-142,1.759172644498534e-254,6.094103209560717e-226,2.720016947429944e-01,4.295573938397503e-142,NaN,NaN,NaN,NaN,0,NaN,NaN,NaN,NaN,NaN,NaN,NaN,NaN,NaN,NaN,NaN,NaN,NaN,NaN,NaN,NaN,NaN,NaN,NaN,NaN,false
8,3.162000000000000e+15,0,4,CONTINUE,4.918712938062071e-08,5.553452707342698e-10,1.000000000000000e-09,7.865267591244044e-10,2.220446140662777e-14,1.978178204446212e-02,-1.000000000000044e+00,9.887325491774039e-01,,,1.057003416602858e-06,1.592687148152535e-07,7.614909074181679e+00,3.284588711818199e-09,9.417056025074737e+07,REACHED_FORCE,REACHED_FORCE,,1,1,1,1,1,1,,,,7.582198278353428e-08,3.383846192285777e-13,6.185799650402436e-08,3.301498840467249e-13,,,1.493828894119787e-21,1.623265676519584e-21,,solution good enough for the tolerances given,solution good enough for the tolerances given,,1.493828894119787e-21,1.623265676519584e-21,,7.582198278353428e-08,2.570187754078909e-23,6.185799650402436e-08,2.382778230343988e-23,,,3.383846192285777e-13,3.301498840467249e-13,,1.581449933594763e-05,2.872135245061414e+00,2.028328433446042e-09,3.236433933466179e-09,3.437693314877448e+06,0.000000000000000e+00,1.978178204446212e-02,-1.000000000000044e+00,7.614473256783009e-15,-4.440892098500626e-14,10,1.000000000000044e+00,1.000000000000044e+00,1.000000000000044e+00,1.000000000000001e+00,9.999999999999996e-01,9.999999999999996e-01,9.999999999999987e-01,9.999999999999978e-01,9.999999999999880e-01,9.999999999999840e-01,1.058671873324100e-112,8.822743110005515e-02,3.321952984410300e-197,5.213643418337174e-01,2.201641228091977e-84,7.708438494934782e-197,3.395488280037724e-252,5.046338073250380e-168,3.301315298058694e-113,3.904082270662276e-01,NaN,NaN,NaN,NaN,0,NaN,NaN,NaN,NaN,NaN,NaN,NaN,NaN,NaN,NaN,NaN,NaN,NaN,NaN,NaN,NaN,NaN,NaN,NaN,NaN,1.468338461032232e-02,-1.000000000000044e+00,1.409806302997095e-14,-4.440892098500626e-14,10,1.000000000000044e+00,1.000000000000042e+00,1.000000000000042e+00,1.000000000000000e+00,9.999999999999991e-01,9.999999999999969e-01,9.999999999999962e-01,9.999999999999856e-01,9.999999999999840e-01,9.999999999999785e-01,1.281734386157776e-01,4.109572456238010e-113,6.828432115633628e-198,7.734047903189925e-01,2.012294815285626e-84,8.900162666578331e-197,3.994022053696605e-168,9.842177106522985e-02,2.290264353301609e-113,1.456287052744522e-196,NaN,NaN,NaN,NaN,0,NaN,NaN,NaN,NaN,NaN,NaN,NaN,NaN,NaN,NaN,NaN,NaN,NaN,NaN,NaN,NaN,NaN,NaN,NaN,NaN,false
8,1.000000000000000e+16,0,4,CONTINUE,4.918712938062071e-08,1.061599394874824e-09,1.000000000000000e-09,7.865267591244044e-10,2.220446140662777e-14,1.501199875790155e-02,-1.000000000000022e+00,9.786411676539954e-01,,,1.057003209485053e-06,1.589425657139397e-07,7.614909073869315e+00,3.284588711818199e-09,9.417056025074737e+07,REACHED_FORCE,REACHED_FORCE,,1,1,1,1,1,1,,,,2.538456221900487e-07,4.097751102673183e-12,1.804261968798632e-07,3.356478865263860e-12,,,1.347859798836694e-21,1.281631702508760e-21,,solution good enough for the tolerances given,solution good enough for the tolerances given,,1.347859798836694e-21,1.281631702508760e-21,,2.538456221900487e-07,2.489869386763943e-23,1.804261968798632e-07,2.422937414001471e-23,,,4.097751102673183e-12,3.356478865263860e-12,,8.892753891678640e-06,2.872135245061414e+00,2.028328433446042e-09,3.236433933466179e-09,3.437693314877448e+06,0.000000000000000e+00,1.501199875790155e-02,-1.000000000000022e+00,1.536803697210629e-14,-2.220446049250313e-14,10,1.000000000000022e+00,1.000000000000021e+00,1.000000000000015e+00,1.000000000000007e+00,1.000000000000004e+00,1.000000000000000e+00,1.000000000000000e+00,9.999999999999984e-01,9.999999999999973e-01,9.999999999999933e-01,1.492349799460162e-170,8.477647088654515e-86,1.000000000000000e+00,3.560480101578534e-254,1.098243261975497e-28,7.208421958067653e-142,3.947296945638919e-226,3.518629880030703e-57,1.025512689854032e-85,1.361722786973183e-170,NaN,NaN,NaN,NaN,0,NaN,NaN,NaN,NaN,NaN,NaN,NaN,NaN,NaN,NaN,NaN,NaN,NaN,NaN,NaN,NaN,NaN,NaN,NaN,NaN,1.732153702834796e-02,-1.000000000000019e+00,7.817184459462337e-15,-1.909583602355269e-14,10,1.000000000000019e+00,1.000000000000014e+00,1.000000000000012e+00,1.000000000000008e+00,1.000000000000002e+00,1.000000000000001e+00,1.000000000000000e+00,1.000000000000000e+00,9.999999999999980e-01,9.999999999999942e-01,7.469212467166989e-228,6.863020247317243e-114,1.000000000000000e+00,9.237264455982004e-29,5.955625046166969e-86,2.877943723855655e-142,7.423029649009795e-171,3.013801411873025e-57,2.340429680202318e-199,4.813512295291025e-228,NaN,NaN,NaN,NaN,0,NaN,NaN,NaN,NaN,NaN,NaN,NaN,NaN,NaN,NaN,NaN,NaN,NaN,NaN,NaN,NaN,NaN,NaN,NaN,NaN,false
8,3.162000000000000e+16,0,4,CONTINUE,4.918712938062071e-08,5.875156928446085e-09,1.000000000000000e-09,7.865267591244044e-10,2.220446140662777e-14,1.978178204446212e-03,-1.000000000000022e+00,8.850491523301138e-01,,,1.055618702265613e-06,1.540445596973903e-07,7.614909071148687e+00,3.284588711818199e-09,9.417056025074737e+07,REACHED_FORCE,REACHED_FORCE,,1,1,1,1,1,1,,,,7.603121389784784e-07,8.914151433791854e-11,6.691639336671872e-07,6.171163990517145e-11,,,2.365237978886010e-21,2.163863312366222e-21,,solution good enough for the tolerances given,solution good enough for the tolerances given,,2.365237978886010e-21,2.163863312366222e-21,,7.603121389784784e-07,4.444282991428113e-23,6.691639336671872e-07,4.203327889483215e-23,,,8.914151433791854e-11,6.171163990517145e-11,,5.001062723035851e-06,2.872135245061414e+00,2.028328433446042e-09,3.236433933466179e-09,3.437693314877448e+06,0.000000000000000e+00,1.978178204446212e-03,-1.000000000000022e+00,9.343079287633246e-15,-2.176037128265307e-14,10,1.000000000000022e+00,1.000000000000020e+00,1.000000000000017e+00,9.999999999999996e-01,9.999999999999982e-01,9.999999999999969e-01,9.999999999999956e-01,9.999999999999956e-01,9.999999999999853e-01,9.999999999999840e-01,5.753955739376932e-01,1.499346350384715e-86,9.051100397204564e-199,1.934682096033622e-57,1.319633855516214e-141,8.052473785873853e-254,3.580773708947589e-170,4.246044260623070e-01,2.708528952294426e-198,2.859664342817126e-86,NaN,NaN,NaN,NaN,0,NaN,NaN,NaN,NaN,NaN,NaN,NaN,NaN,NaN,NaN,NaN,NaN,NaN,NaN,NaN,NaN,NaN,NaN,NaN,NaN,3.165085127113958e-03,-1.000000000000023e+00,1.459612498987251e-14,-2.309263891220326e-14,10,1.000000000000023e+00,1.000000000000020e+00,1.000000000000019e+00,9.999999999999982e-01,9.999999999999964e-01,9.999999999999964e-01,9.999999999999933e-01,9.999999999999925e-01,9.999999999999920e-01,9.999999999999900e-01,5.564644205607516e-01,1.640478174551284e-169,2.072091724645822e-85,1.211757569611470e-140,8.626919252266042e-225,5.636206745797956e-253,3.132763786458332e-169,7.360951569056496e-57,4.435355794392485e-01,5.035362330658874e-85,NaN,NaN,NaN,NaN,0,NaN,NaN,NaN,NaN,NaN,NaN,NaN,NaN,NaN,NaN,NaN,NaN,NaN,NaN,NaN,NaN,NaN,NaN,NaN,NaN,false
8,1.000000000000000e+17,0,4,CONTINUE,4.918712938062071e-08,6.983525785091201e-09,1.000000000000000e-09,7.865267591244044e-10,2.220446140662777e-14,1.154769135223194e-03,-1.000000000000034e+00,8.771167298570537e-01,,,1.051171231380300e-06,1.402595096301082e-07,7.614909070405822e+00,3.284588711818199e-09,9.417056025074737e+07,REACHED_FORCE,REACHED_FORCE,,1,1,1,1,1,1,,,,2.282958772572217e-06,1.917431091533168e-10,2.125394931507400e-06,1.822589593679195e-10,,,1.077809141764401e-21,1.022700021346349e-21,,solution good enough for the tolerances given,solution good enough for the tolerances given,,1.077809141764401e-21,1.022700021346349e-21,,2.282958772572217e-06,1.820549659139227e-23,2.125394931507400e-06,1.927640815559182e-23,,,1.917431091533168e-10,1.822589593679195e-10,,2.812002167699036e-06,2.872135245061414e+00,2.028328433446042e-09,3.236433933466179e-09,3.437693314877448e+06,0.000000000000000e+00,1.154769135223194e-03,-1.000000000000034e+00,1.296978161886654e-14,-3.419486915845482e-14,10,1.000000000000034e+00,1.000000000000033e+00,1.000000000000029e+00,9.999999999999991e-01,9.999999999999982e-01,9.999999999999964e-01,9.999999999999960e-01,9.999999999999960e-01,9.999999999999938e-01,9.999999999999913e-01,2.593479736025643e-01,1.251426467161158e-113,1.851955161677926e-227,1.177591932110083e-01,5.584766792482121e-85,1.488491650510163e-169,2.883723299548184e-198,3.466782723300940e-114,6.228928331864279e-01,1.140724511425808e-226,NaN,NaN,NaN,NaN,0,NaN,NaN,NaN,NaN,NaN,NaN,NaN,NaN,NaN,NaN,NaN,NaN,NaN,NaN,NaN,NaN,NaN,NaN,NaN,NaN,8.830587504647931e-04,-1.000000000000036e+00,1.588379883099927e-14,-3.552713678800501e-14,10,1.000000000000036e+00,1.000000000000035e+00,1.000000000000034e+00,1.000000000000002e+00,1.000000000000000e+00,9.999999999999982e-01,9.999999999999969e-01,9.999999999999940e-01,9.999999999999918e-01,9.999999999999887e-01,1.571283673998776e-01,2.188242212343133e-141,6.561678371084543e-85,5.327768320466608e-252,2.029618420202262e-01,2.324474153272245e-140,9.416403380403656e-85,7.746005975996517e-224,6.399097905798962e-01,7.174263845624052e-141,NaN,NaN,NaN,NaN,0,NaN,NaN,NaN,NaN,NaN,NaN,NaN,NaN,NaN,NaN,NaN,NaN,NaN,NaN,NaN,NaN,NaN,NaN,NaN,NaN,false
8,3.162000000000000e+17,0,6,CONTINUE,4.918712938062071e-08,2.701401845335649e-09,1.000000000000000e-09,7.865267591244044e-10,2.220446140662777e-14,2.498751416142592e-04,-1.000000000000037e+00,9.445470735777214e-01,,,1.056836252712499e-06,1.641409937242987e-07,7.614909073223090e+00,3.284588711818199e-09,9.417056025074737e+07,REACHED_FORCE,REACHED_FORCE,,1,2,2,1,2,2,,,,8.460992344716613e-06,1.397463931640306e-08,6.558058743910199e-06,1.344943560884181e-08,,,3.216292153879971e-21,3.314824470255321e-21,,solution good enough for the tolerances given,solution good enough for the tolerances given,,3.216292153879971e-21,3.314824470255321e-21,,8.460992344716613e-06,5.662444895705097e-23,6.558058743910199e-06,5.234080270025278e-23,,,2.686943119307598e-11,3.627391333156528e-11,,1.581493495723733e-06,2.872135245061414e+00,2.028328433446042e-09,3.236433933466179e-09,3.437693314877448e+06,0.000000000000000e+00,2.498751416142592e-04,-1.000000000000037e+00,1.349039930746154e-14,-3.730349362740526e-14,10,1.000000000000037e+00,1.000000000000036e+00,1.000000000000035e+00,9.999999999999971e-01,9.999999999999942e-01,9.999999999999929e-01,9.999999999999927e-01,9.999999999999916e-01,9.999999999999902e-01,9.999999999999873e-01,1.135211344986092e-168,7.691779944333822e-01,6.049919739498574e-85,1.339541800069925e-56,2.133248418551972e-251,4.221040558157901e-140,2.604355112217031e-169,7.418239575218045e-85,2.308220055666179e-01,2.788227746969075e-168,NaN,NaN,NaN,NaN,0,NaN,NaN,NaN,NaN,NaN,NaN,NaN,NaN,NaN,NaN,NaN,NaN,NaN,NaN,NaN,NaN,NaN,NaN,NaN,NaN,3.391162636193529e-04,-1.000000000000037e+00,1.085321396964120e-14,-3.685940441755520e-14,10,1.000000000000037e+00,1.000000000000033e+00,9.999999999999978e-01,9.999999999999942e-01,9.999999999999940e-01,9.999999999999933e-01,9.999999999999931e-01,9.999999999999922e-01,9.999999999999911e-01,9.999999999999907e-01,8.358769191960139e-01,2.462850885610179e-113,2.847232805897510e-85,5.995021363365191e-57,1.486689928061138e-225,7.036255749590709e-114,8.477768426577699e-254,5.200744592776408e-169,1.641230808039860e-01,2.416639799604227e-197,NaN,NaN,NaN,NaN,0,NaN,NaN,NaN,NaN,NaN,NaN,NaN,NaN,NaN,NaN,NaN,NaN,NaN,NaN,NaN,NaN,NaN,NaN,NaN,NaN,false
8,1.000000000000000e+18,0,6,CONTINUE,4.918712938062071e-08,9.932791391032671e-09,1.000000000000000e-09,7.865267591244044e-10,2.220446140662777e-14,5.773845676115920e-05,-1.000000000000025e+00,7.918108123133223e-01,,,1.048564400565171e-06,1.832933331714193e-07,7.614909072656662e+00,3.284588711818199e-09,9.417056025074737e+07,REACHED_FORCE,REACHED_FORCE,,1,2,2,1,2,2,,,,2.415671877552438e-05,5.455320863231991e-08,1.818213222442749e-05,7.639389483771895e-08,,,1.658284775660629e-21,1.575021029197281e-21,,solution good enough for the tolerances given,solution good enough for the tolerances given,,1.658284775660629e-21,1.575021029197281e-21,,2.415671877552438e-05,2.851302039681290e-23,1.818213222442749e-05,3.052097957968704e-23,,,2.189450024496371e-10,1.762987654294409e-10,,8.884787784990023e-07,2.872135245061414e+00,2.028328433446042e-09,3.236433933466179e-09,3.437693314877448e+06,0.000000000000000e+00,5.773845676115920e-05,-1.000000000000025e+00,1.270776912771957e-14,-2.486899575160351e-14,10,1.000000000000025e+00,1.000000000000017e+00,1.000000000000015e+00,1.000000000000003e+00,1.000000000000001e+00,1.000000000000000e+00,1.000000000000000e+00,9.999999999999982e-01,9.999999999999900e-01,9.999999999999827e-01,3.521244751495773e-170,1.000000000000000e+00,1.298651203692717e-112,1.189212027592409e-28,4.359367134816058e-253,7.552651336396724e-141,1.115801076506112e-84,1.114237651578017e-169,1.005433651049135e-56,2.949192978689022e-170,NaN,NaN,NaN,NaN,0,NaN,NaN,NaN,NaN,NaN,NaN,NaN,NaN,NaN,NaN,NaN,NaN,NaN,NaN,NaN,NaN,NaN,NaN,NaN,NaN,1.098438933504989e-04,-1.000000000000022e+00,7.210542719203407e-15,-2.176037128265307e-14,10,1.000000000000022e+00,1.000000000000020e+00,1.000000000000018e+00,1.000000000000001e+00,9.999999999999978e-01,9.999999999999964e-01,9.999999999999947e-01,9.999999999999933e-01,9.999999999999929e-01,9.999999999999909e-01,6.293454094416311e-01,2.812936726754353e-197,3.866299008098087e-113,9.519002882427046e-57,3.706545905583689e-01,6.668318237186971e-169,8.873138152679380e-199,4.332582091466784e-197,4.005646928820561e-113,9.015378059275070e-85,NaN,NaN,NaN,NaN,0,NaN,NaN,NaN,NaN,NaN,NaN,NaN,NaN,NaN,NaN,NaN,NaN,NaN,NaN,NaN,NaN,NaN,NaN,NaN,NaN,false
9,1.000000000000000e+00,0,3,CONTINUE,4.918713453856015e-10,4.918713453814426e-12,1.000000000000000e-09,7.865268416024314e-12,2.220446050164445e-14,7.548755556803556e+07,7.240397465166629e+10,9.899999999999572e-01,,,1.057001585758494e-08,1.593394306281327e-09,7.614909074500944e+00,3.284588625987820e-11,9.417055589239674e+09,REACHED_FORCE,REACHED_FORCE,,2,0,0,1,0,0,,,,2.766250839307844e-17,NaN,2.766250839307844e-17,NaN,,,1.593394285608909e-09,5.524352783769497e-18,,solution good enough for the tolerances given,solution good enough for the tolerances given,,7.874416283527110e-18,5.524352783769497e-18,,2.766250839307844e-17,1.814338204736938e-19,2.766250839307844e-17,9.696733787190126e-20,,,2.766250839307844e-17,2.766250839307844e-17,,3.924875113356587e-01,9.704151479107211e+04,2.028338483552000e-11,3.236440998290320e-11,3.437693227642274e+08,0.000000000000000e+00,7.548755556803556e+07,7.240397465166629e+10,1.518564470695815e-09,1.381139647094187e-11,10,9.999999999861886e-01,9.999999999281621e-01,9.999999998669196e-01,9.999999997518356e-01,9.999999996281574e-01,9.999999989927333e-01,9.999999986782775e-01,9.999999968062385e-01,9.999999867527862e-01,9.999999867527836e-01,2.692543026781610e-02,2.540718927105181e-02,2.336429291380874e-02,9.358716811290947e-03,3.148567349621849e-02,6.621298829514674e-02,3.907289773554967e-11,1.831374886215154e-04,7.990028934792885e-01,1.805967793768446e-02,9.165550726572537e+07,9.165550726572537e+07,4.941913925283696e-09,1.091041901268852e-08,1,9.999999890895810e-01,NaN,NaN,NaN,NaN,NaN,NaN,NaN,NaN,NaN,1.000000000000000e+00,NaN,NaN,NaN,NaN,NaN,NaN,NaN,NaN,NaN,7.548757075154959e+07,4.662545814075747e+10,5.523032144052743e-11,2.144751043431370e-11,10,9.999999999785525e-01,9.999999999335392e-01,9.999999998797580e-01,9.999999997408520e-01,9.999999996280611e-01,9.999999989927335e-01,9.999999968062439e-01,9.999999968062376e-01,9.999999867527871e-01,9.999999867527862e-01,1.497290866943038e-04,4.054325010721828e-04,3.950100251097338e-04,6.118576326278377e-03,1.269266983924006e-02,1.708361469097554e-03,1.090174643979893e-02,5.774474225445975e-01,3.737510576738103e-01,1.642999409430098e-02,NaN,NaN,NaN,NaN,0,NaN,NaN,NaN,NaN,NaN,NaN,NaN,NaN,NaN,NaN,NaN,NaN,NaN,NaN,NaN,NaN,NaN,NaN,NaN,NaN,false
9,3.162000000000000e+00,0,3,CONTINUE,4.918713453856015e-10,4.918713453924201e-12,1.000000000000000e-09,7.865268416024314e-12,2.220446050164445e-14,7.548791821576431e+07,7.208666399408072e+10,9.899999999997314e-01,,,1.057001583862683e-08,1.593394306281377e-09,7.614909074500944e+00,3.284588625987820e-11,9.417055589239674e+09,REACHED_FORCE,REACHED_FORCE,,2,0,0,1,0,0,,,,4.149376258961766e-17,NaN,2.074688129480883e-17,NaN,,,5.039197651788793e-10,1.747106766187676e-18,,solution good enough for the tolerances given,solution good enough for the tolerances given,,7.875774855558488e-19,1.747106766187676e-18,,4.149376258961766e-17,1.814650860714705e-20,2.074688129480883e-17,3.066645517667420e-20,,,4.149376258961766e-17,2.074688129480883e-17,,3.924875096439811e-01,5.457284995519606e+04,2.028338483552000e-11,3.236440998290320e-11,3.437693227642274e+08,0.000000000000000e+00,7.548791821576431e+07,7.208666399408072e+10,7.074355770656696e-10,4.387157304108769e-12,10,9.999999999956128e-01,9.999999999770273e-01,9.999999999575824e-01,9.999999999213456e-01,9.999999998823978e-01,9.999999996814444e-01,9.999999992551152e-01,9.999999989899506e-01,9.999999958105166e-01,9.999999958105146e-01,2.704012576489692e-02,2.583506332907201e-02,2.291240744370894e-02,9.275611084190893e-03,3.148055874401661e-02,6.621183820407893e-02,3.078697917584901e-14,1.831119852813802e-04,3.133668055751773e-02,7.857246028872060e-01,9.165604602408440e+07,9.165604602408440e+07,1.562903353688614e-09,3.450460139831080e-09,1,9.999999965495399e-01,NaN,NaN,NaN,NaN,NaN,NaN,NaN,NaN,NaN,1.000000000000000e+00,NaN,NaN,NaN,NaN,NaN,NaN,NaN,NaN,NaN,7.548791421487100e+07,4.360956237571851e+10,1.195759570645401e-10,7.251976796851523e-12,10,9.999999999927480e-01,9.999999999774412e-01,9.999999999606370e-01,9.999999999180333e-01,9.999999998823721e-01,9.999999996814444e-01,9.999999989899506e-01,9.999999989899369e-01,9.999999958105157e-01,9.999999958105144e-01,1.688704720930486e-04,4.373343869620730e-04,3.467517689430460e-04,6.115839128727217e-03,1.269239848239275e-02,1.708636390069965e-03,5.879577835273448e-01,3.925393267783602e-04,3.809091593623996e-01,9.270687154289345e-03,NaN,NaN,NaN,NaN,0,NaN,NaN,NaN,NaN,NaN,NaN,NaN,NaN,NaN,NaN,NaN,NaN,NaN,NaN,NaN,NaN,NaN,NaN,NaN,NaN,false
9,1.000000000000000e+01,0,3,CONTINUE,4.918713453856015e-10,4.918713453952383e-12,1.000000000000000e-09,7.865268416024314e-12,2.220446050164445e-14,7.548787152720319e+07,7.156522528784686e+10,9.899999999996640e-01,,,1.057001583263072e-08,1.593394306281289e-09,7.614909074500944e+00,3.284588625987820e-11,9.417055589239674e+09,REACHED_FORCE,REACHED_FORCE,,2,0,0,1,0,0,,,,2.766250839307844e-17,NaN,3.457813549134804e-17,NaN,,,1.593394301255024e-10,5.524338993165470e-19,,solution good enough for the tolerances given,solution good enough for the tolerances given,,7.874442080094006e-20,5.524338993165470e-19,,2.766250839307844e-17,1.814335443793061e-21,3.457813549134804e-17,9.696717263359351e-21,,,2.766250839307844e-17,3.457813549134804e-17,,3.924875054984439e-01,3.068722148761863e+04,2.028338483552000e-11,3.236440998290320e-11,3.437693227642274e+08,0.000000000000000e+00,7.548787152720319e+07,7.156522528784686e+10,4.718321624341373e-10,1.397326698793222e-12,10,9.999999999986027e-01,9.999999999926288e-01,9.999999999864466e-01,9.999999999750617e-01,9.999999999628137e-01,9.999999998992763e-01,9.999999996806279e-01,9.999999995213453e-01,9.999999986752854e-01,9.999999986752839e-01,2.718878220888114e-02,2.641255326435666e-02,2.229893489595611e-02,9.170988488268309e-03,3.146963455953502e-02,6.621656720547231e-02,1.837805971245502e-04,4.471229430779408e-38,3.348619505979052e-02,7.835725637206153e-01,9.165621513400048e+07,9.165621513400048e+07,4.941926980242112e-10,1.091033485778325e-09,1,9.999999989089665e-01,NaN,NaN,NaN,NaN,NaN,NaN,NaN,NaN,NaN,1.000000000000000e+00,NaN,NaN,NaN,NaN,NaN,NaN,NaN,NaN,NaN,7.548790948631656e+07,3.599999702124689e+10,1.180050719693680e-10,2.777778007612142e-12,10,9.999999999972222e-01,9.999999999908784e-01,9.999999999805183e-01,9.999999999740123e-01,9.999999999628051e-01,9.999999998992770e-01,9.999999996806277e-01,9.999999996806164e-01,9.999999986752859e-01,9.999999986752846e-01,2.377342421814572e-04,6.276626730572472e-04,1.858618511441043e-04,6.026581319475398e-03,1.268772208614628e-02,1.711959739012236e-03,5.882914209823170e-01,3.172519158546840e-05,1.888230301022000e-01,2.013763018128807e-01,NaN,NaN,NaN,NaN,0,NaN,NaN,NaN,NaN,NaN,NaN,NaN,NaN,NaN,NaN,NaN,NaN,NaN,NaN,NaN,NaN,NaN,NaN,NaN,NaN,false
9,3.162000000000000e+01,0,3,CONTINUE,4.918713453856015e-10,4.918713455948836e-12,1.000000000000000e-09,7.865268416024314e-12,2.220446050164445e-14,7.548877870230097e+07,-9.999999999995046e-01,9.899999999955696e-01,,,1.057001583073490e-08,1.593394306282017e-09,7.614909074500944e+00,3.284588625987820e-11,9.417055589239674e+09,REACHED_FORCE,REACHED_FORCE,,2,0,0,1,0,0,,,,2.074688129480883e-17,NaN,2.766250839307844e-17,NaN,,,5.039197667439844e-11,1.747067462186456e-19,,solution good enough for the tolerances given,solution good enough for the tolerances given,,7.876251499515199e-21,1.747067462186456e-19,,2.074688129480883e-17,1.815121894473020e-22,2.766250839307844e-17,3.066629516742681e-21,,,2.074688129480883e-17,2.766250839307844e-17,,3.924874927723017e-01,1.725745052314534e+04,2.028338483552000e-11,3.236440998290320e-11,3.437693227642274e+08,0.000000000000000e+00,7.548877870230097e+07,-9.999999999995046e-01,1.088489887063585e-10,4.953815135877448e-13,10,9.999999999995046e-01,9.999999999970453e-01,9.999999999936182e-01,9.999999999887645e-01,9.999999999879885e-01,9.999999999681415e-01,9.999999998989806e-01,9.999999996205182e-01,9.999999995810565e-01,9.999999995810562e-01,3.012137348519951e-02,3.819150017582017e-02,1.474400272106819e-02,1.605204129038789e-02,1.743406868776845e-02,6.622057210941057e-02,1.834224254211569e-04,6.194120178775646e-19,8.170530171684536e-01,1.936471181551769e-09,9.165793969110709e+07,9.165793969110709e+07,1.562898458858327e-10,3.450388863512899e-10,1,9.999999996549611e-01,NaN,NaN,NaN,NaN,NaN,NaN,NaN,NaN,NaN,1.000000000000000e+00,NaN,NaN,NaN,NaN,NaN,NaN,NaN,NaN,NaN,7.548849863441156e+07,-9.999999999990428e-01,1.013751791786714e-10,9.572342918318100e-13,10,9.999999999990428e-01,9.999999999968974e-01,9.999999999918241e-01,9.999999999882372e-01,9.999999999710623e-01,9.999999999681408e-01,9.999999998989795e-01,9.999999998989777e-01,9.999999995810587e-01,9.999999995810547e-01,2.727435600386891e-04,6.403001834889294e-04,6.127108228488529e-03,1.273081287701099e-02,3.005631783337825e-08,1.715292334666407e-03,5.876924531153603e-01,6.605016514625402e-04,1.621644588975459e-03,3.885391134041903e-01,NaN,NaN,NaN,NaN,0,NaN,NaN,NaN,NaN,NaN,NaN,NaN,NaN,NaN,NaN,NaN,NaN,NaN,NaN,NaN,NaN,NaN,NaN,NaN,NaN,false
9,1.000000000000000e+02,0,3,CONTINUE,4.918713453856015e-10,4.918713455972255e-12,1.000000000000000e-09,7.865268416024314e-12,2.220446050164445e-14,7.547447443500207e+07,-9.999999999998415e-01,9.899999999955910e-01,,,1.057001583013530e-08,1.593394306279155e-09,7.614909074500944e+00,3.284588625987820e-11,9.417055589239674e+09,REACHED_FORCE,REACHED_FORCE,,2,0,0,1,0,0,,,,4.149376258961766e-17,NaN,3.457813549134804e-17,NaN,,,1.593394302817698e-11,5.524077938658736e-20,,solution good enough for the tolerances given,solution good enough for the tolerances given,,7.875567729095540e-22,5.524077938658736e-20,,4.149376258961766e-17,1.814588530315070e-23,3.457813549134804e-17,9.696570849668933e-22,,,4.149376258961766e-17,3.457813549134804e-17,,3.924874526423865e-01,9.704151668156852e+03,2.028338483552000e-11,3.236440998290320e-11,3.437693227642274e+08,0.000000000000000e+00,7.547447443500207e+07,-9.999999999998415e-01,2.043344656930901e-11,1.585398479164724e-13,10,9.999999999998415e-01,9.999999999990439e-01,9.999999999978784e-01,9.999999999962979e-01,9.999999999946914e-01,9.999999999899274e-01,9.999999999680746e-01,9.999999998706344e-01,9.999999998675060e-01,9.999999998675049e-01,3.053734299272374e-02,3.909806365718384e-02,1.427522946660284e-02,3.261030505478970e-02,2.115137320444408e-05,6.623646848033601e-02,1.870385407996439e-04,4.748255641001219e-13,4.314301218218175e-02,7.738913882517031e-01,9.164237629782073e+07,9.164237629782073e+07,4.943020839050488e-11,1.091198242875180e-10,1,9.999999998908802e-01,NaN,NaN,NaN,NaN,NaN,NaN,NaN,NaN,NaN,1.000000000000000e+00,NaN,NaN,NaN,NaN,NaN,NaN,NaN,NaN,NaN,7.547523335507177e+07,-9.999999999996905e-01,2.167380844248175e-12,3.095301792654936e-13,10,9.999999999996905e-01,9.999999999990072e-01,9.999999999974134e-01,9.999999999962779e-01,9.999999999899261e-01,9.999999999680749e-01,9.999999999680740e-01,9.999999998675420e-01,9.999999998675098e-01,9.999999998675062e-01,2.807238866914956e-04,6.440599889118090e-04,6.134061613546005e-03,1.271372428191960e-02,1.730714322451294e-03,4.601727487765604e-01,1.280234855393408e-01,1.059098313354773e-07,5.124092365759140e-02,3.390594520231567e-01,NaN,NaN,NaN,NaN,0,NaN,NaN,NaN,NaN,NaN,NaN,NaN,NaN,NaN,NaN,NaN,NaN,NaN,NaN,NaN,NaN,NaN,NaN,NaN,NaN,false
9,3.162000000000000e+02,0,2,CONTINUE,4.918713453856015e-10,4.918713461770813e-12,1.000000000000000e-09,7.865268416024314e-12,2.220446050164445e-14,7.548657825332832e+07,-9.999999999999478e-01,9.899999999832100e-01,,,1.057001582994620e-08,1.593394306342119e-09,7.614909074500944e+00,3.284588625987820e-11,9.417055589239674e+09,REACHED_FORCE,REACHED_FORCE,,1,0,0,1,0,0,,,,8.881969591326185e-14,NaN,2.074688129480883e-17,NaN,,,5.039197669022680e-12,1.770611730591364e-20,,solution good enough for the tolerances given,solution good enough for the tolerances given,,5.039197669022680e-12,1.770611730591364e-20,,1.728906774567402e-17,8.881969591326185e-14,2.074688129480883e-17,3.104660472828733e-22,,,8.881969591326185e-14,2.074688129480883e-17,,3.924873258001197e-01,5.457285331687863e+03,2.028338483552000e-11,3.236440998290320e-11,3.437693227642274e+08,0.000000000000000e+00,7.548657825332832e+07,-9.999999999999478e-01,3.354380754070375e-12,5.218048215738236e-14,10,9.999999999999478e-01,9.999999999996885e-01,9.999999999993037e-01,9.999999999988261e-01,9.999999999968145e-01,9.999999999912343e-01,9.999999999898996e-01,9.999999999581051e-01,9.999999999581048e-01,9.999999999581044e-01,3.094812137262004e-02,3.996832442781414e-02,1.359603929251603e-02,3.204295535318629e-02,6.645424440429890e-02,5.768115734640542e-12,1.922681320485022e-04,3.262073617687499e-03,8.131559789829971e-01,3.799944110634204e-04,NaN,NaN,NaN,NaN,0,NaN,NaN,NaN,NaN,NaN,NaN,NaN,NaN,NaN,NaN,NaN,NaN,NaN,NaN,NaN,NaN,NaN,NaN,NaN,NaN,7.548857868205950e+07,-9.999999999999027e-01,1.208885319621969e-12,9.725553695716371e-14,10,9.999999999999027e-01,9.999999999996880e-01,9.999999999991807e-01,9.999999999988216e-01,9.999999999968150e-01,9.999999999899027e-01,9.999999999899012e-01,9.999999999581421e-01,9.999999999581062e-01,9.999999999581055e-01,2.751614717400354e-04,6.556668925721584e-04,5.731955943201013e-03,1.261574065580256e-02,1.794618715326583e-03,2.896627211668760e-01,2.823965256796301e-01,5.434125121419306e-10,2.351711113642482e-01,1.716964975671915e-01,NaN,NaN,NaN,NaN,0,NaN,NaN,NaN,NaN,NaN,NaN,NaN,NaN,NaN,NaN,NaN,NaN,NaN,NaN,NaN,NaN,NaN,NaN,NaN,NaN,true
9,1.000000000000000e+03,0,2,CONTINUE,4.918713453856015e-10,4.918713478455262e-12,1.000000000000000e-09,7.865268416024314e-12,2.220446050164445e-14,7.548649247097492e+07,-9.999999999999833e-01,9.899999999484318e-01,,,1.057001582988582e-08,1.593394306328794e-09,7.614909074500944e+00,3.284588625987820e-11,9.417055589239674e+09,REACHED_FORCE,REACHED_FORCE,,1,0,0,1,0,0,,,,2.808478784889171e-14,NaN,3.457813549134804e-17,NaN,,,1.593394303006802e-12,5.548143043977937e-21,,solution good enough for the tolerances given,solution good enough for the tolerances given,,1.593394303006802e-12,5.548143043977937e-21,,2.766250839307844e-17,2.808478784889171e-14,3.457813549134804e-17,9.734418788641961e-23,,,2.808478784889171e-14,3.457813549134804e-17,,3.924869246349383e-01,3.068722746588828e+03,2.028338483552000e-11,3.236440998290320e-11,3.437693227642274e+08,0.000000000000000e+00,7.548649247097492e+07,-9.999999999999833e-01,1.221941173276099e-12,1.665334536937735e-14,10,9.999999999999833e-01,9.999999999999023e-01,9.999999999997788e-01,9.999999999996290e-01,9.999999999989908e-01,9.999999999985374e-01,9.999999999968083e-01,9.999999999867557e-01,9.999999999867530e-01,9.999999999867526e-01,3.046730643867461e-02,3.990467796008245e-02,1.099718120674968e-02,3.532113008490323e-02,6.692956111435995e-02,1.925251536173861e-09,2.182458427889926e-04,5.189406074853006e-02,4.948265005270105e-04,7.637730081781325e-01,NaN,NaN,NaN,NaN,0,NaN,NaN,NaN,NaN,NaN,NaN,NaN,NaN,NaN,NaN,NaN,NaN,NaN,NaN,NaN,NaN,NaN,NaN,NaN,NaN,7.547637177279370e+07,-9.999999999999687e-01,2.446253986105697e-13,3.130828929442941e-14,10,9.999999999999687e-01,9.999999999998990e-01,9.999999999997415e-01,9.999999999996267e-01,9.999999999989908e-01,9.999999999968077e-01,9.999999999968077e-01,9.999999999867568e-01,9.999999999867524e-01,9.999999999867508e-01,2.764621199647538e-04,6.997455104382739e-04,5.889491144162254e-03,1.294169960337141e-02,2.014224432202649e-03,5.804241906284001e-01,2.153149663571736e-03,1.183120429010401e-07,3.075793635419276e-05,3.955701606494924e-01,NaN,NaN,NaN,NaN,0,NaN,NaN,NaN,NaN,NaN,NaN,NaN,NaN,NaN,NaN,NaN,NaN,NaN,NaN,NaN,NaN,NaN,NaN,NaN,NaN,false
9,3.162000000000000e+03,0,2,CONTINUE,4.918713453856015e-10,4.918713555306145e-12,1.000000000000000e-09,7.865268416024314e-12,2.220446050164445e-14,7.494676421781126e+07,-9.999999999999885e-01,9.899999997891136e-01,,,1.057001582986680e-08,1.593394306226491e-09,7.614909074500944e+00,3.284588625987820e-11,9.417055589239674e+09,REACHED_FORCE,REACHED_FORCE,,1,0,0,1,0,0,,,,8.881969591408910e-15,NaN,3.457813549134804e-17,NaN,,,5.039197668989016e-13,1.746594384356214e-21,,solution good enough for the tolerances given,solution good enough for the tolerances given,,5.039197668989016e-13,1.746594384356214e-21,,1.383125419653922e-17,8.881969591408910e-15,3.457813549134804e-17,3.070922575308149e-23,,,8.881969591408910e-15,3.457813549134804e-17,,3.924856562679215e-01,1.725746115369153e+03,2.028338483552000e-11,3.236440998290320e-11,3.437693227642274e+08,0.000000000000000e+00,7.494676421781126e+07,-9.999999999999885e-01,7.716748665015230e-13,1.154631945610163e-14,10,9.999999999999885e-01,9.999999999999714e-01,9.999999999999187e-01,9.999999999998819e-01,9.999999999996811e-01,9.999999999989828e-01,9.999999999988709e-01,9.999999999957849e-01,9.999999999957816e-01,9.999999999957803e-01,5.412077973020818e-03,6.234962924438796e-02,1.133920401878222e-02,3.867429490908279e-02,6.586194169899766e-02,4.312949939241541e-04,1.866726433774223e-12,2.702859219463052e-02,3.239725089708716e-01,4.649304559944354e-01,NaN,NaN,NaN,NaN,0,NaN,NaN,NaN,NaN,NaN,NaN,NaN,NaN,NaN,NaN,NaN,NaN,NaN,NaN,NaN,NaN,NaN,NaN,NaN,NaN,7.486797241354494e+07,-9.999999999999847e-01,3.453203696257526e-13,1.532107773982716e-14,10,9.999999999999847e-01,9.999999999999383e-01,9.999999999999085e-01,9.999999999998803e-01,9.999999999996818e-01,9.999999999989844e-01,9.999999999989821e-01,9.999999999957794e-01,9.999999999957780e-01,9.999999999957758e-01,6.154827907787949e-04,2.206185059971662e-03,5.489785440852466e-03,1.220611253344731e-02,1.918332673350365e-03,3.510342995023850e-03,5.770523177375176e-01,2.077430548403749e-01,1.816005048400920e-01,7.657881088591307e-03,NaN,NaN,NaN,NaN,0,NaN,NaN,NaN,NaN,NaN,NaN,NaN,NaN,NaN,NaN,NaN,NaN,NaN,NaN,NaN,NaN,NaN,NaN,NaN,NaN,false
9,1.000000000000000e+04,0,2,CONTINUE,4.918713453856015e-10,4.918713556052833e-12,1.000000000000000e-09,7.865268416024314e-12,2.220446050164445e-14,7.726195963912621e+07,-9.999999999999949e-01,9.899999998040022e-01,,,1.057001582986082e-08,1.593394306328609e-09,7.614909074500944e+00,3.284588625987820e-11,9.417055589239674e+09,REACHED_FORCE,REACHED_FORCE,,1,0,0,1,0,0,,,,2.808478784950613e-15,NaN,4.149376258961766e-17,NaN,,,1.593394303057327e-13,5.523919048479896e-22,,solution good enough for the tolerances given,solution good enough for the tolerances given,,1.593394303057327e-13,5.523919048479896e-22,,2.766250839307844e-17,2.808478784950613e-15,4.149376258961766e-17,9.715594171302517e-24,,,2.808478784950613e-15,4.149376258961766e-17,,3.924816447670309e-01,9.704170572950549e+02,2.028338483552000e-11,3.236440998290320e-11,3.437693227642274e+08,0.000000000000000e+00,7.726195963912621e+07,-9.999999999999949e-01,6.161403318314962e-14,5.107025913275720e-15,10,9.999999999999949e-01,9.999999999999871e-01,9.999999999999738e-01,9.999999999999658e-01,9.999999999999025e-01,9.999999999996827e-01,9.999999999996823e-01,9.999999999987084e-01,9.999999999987073e-01,9.999999999987057e-01,6.148933558115200e-02,2.230490408475151e-58,1.248061424833223e-111,4.069820849596201e-02,8.211503113577437e-02,2.846747591412440e-04,6.913209661319002e-04,1.565676441657870e-01,6.579409716464721e-01,2.128132495795894e-04,NaN,NaN,NaN,NaN,0,NaN,NaN,NaN,NaN,NaN,NaN,NaN,NaN,NaN,NaN,NaN,NaN,NaN,NaN,NaN,NaN,NaN,NaN,NaN,NaN,7.712963910540602e+07,-9.999999999999902e-01,3.664829583723788e-13,9.769962616701378e-15,10,9.999999999999902e-01,9.999999999999816e-01,9.999999999999640e-01,9.999999999999032e-01,9.999999999996809e-01,9.999999999996805e-01,9.999999999988181e-01,9.999999999987064e-01,9.999999999987061e-01,9.999999999987035e-01,7.393126266241663e-03,2.915152445060490e-03,9.836662610755794e-03,3.472879782162966e-03,1.318666692568387e-01,4.465382898625185e-01,1.059112462720333e-11,2.387654662264564e-02,3.667044545839199e-01,7.396218559265677e-03,NaN,NaN,NaN,NaN,0,NaN,NaN,NaN,NaN,NaN,NaN,NaN,NaN,NaN,NaN,NaN,NaN,NaN,NaN,NaN,NaN,NaN,NaN,NaN,NaN,false
9,3.162000000000000e+04,0,2,CONTINUE,4.918713453856015e-10,4.918714791358957e-12,1.000000000000000e-09,7.865268416024314e-12,2.220446050164445e-14,8.963425470111975e+07,-9.999999999999971e-01,9.899999972088188e-01,,,1.057001582985892e-08,1.593394306439217e-09,7.614909074500944e+00,3.284588625987820e-11,9.417055589239674e+09,REACHED_FORCE,REACHED_FORCE,,1,0,0,1,0,0,,,,8.881969593360395e-16,NaN,3.457813549134804e-17,NaN,,,5.039197670202056e-14,1.710114894951678e-22,,solution good enough for the tolerances given,solution good enough for the tolerances given,,5.039197670202056e-14,1.710114894951678e-22,,2.074688129480883e-17,8.881969593360395e-16,3.457813549134804e-17,3.005663901864740e-24,,,8.881969593360395e-16,3.457813549134804e-17,,3.924689624773346e-01,5.457318947555721e+02,2.028338483552000e-11,3.236440998290320e-11,3.437693227642274e+08,0.000000000000000e+00,8.963425470111975e+07,-9.999999999999971e-01,1.374405367206439e-13,2.886579864025407e-15,10,9.999999999999971e-01,9.999999999999947e-01,9.999999999999900e-01,9.999999999999727e-01,9.999999999998963e-01,9.999999999998959e-01,9.999999999997160e-01,9.999999999996498e-01,9.999999999996494e-01,9.999999999996472e-01,1.039841259887365e-01,5.157472574626227e-162,1.411425644666434e-83,7.612473071148985e-02,4.094222205667737e-162,1.580304987347007e-02,4.369489839417729e-164,5.123185629102915e-01,2.220306410544686e-01,6.973888946154332e-02,NaN,NaN,NaN,NaN,0,NaN,NaN,NaN,NaN,NaN,NaN,NaN,NaN,NaN,NaN,NaN,NaN,NaN,NaN,NaN,NaN,NaN,NaN,NaN,NaN,9.037362355335006e+07,-9.999999999999960e-01,1.260871104950102e-13,3.996802888650564e-15,10,9.999999999999960e-01,9.999999999999922e-01,9.999999999999896e-01,9.999999999999782e-01,9.999999999998963e-01,9.999999999998950e-01,9.999999999997398e-01,9.999999999996538e-01,9.999999999996509e-01,9.999999999996501e-01,1.134584344634450e-84,2.006427177257581e-81,4.508513219075958e-02,1.709870095080813e-82,2.778556181852754e-83,5.675430622408122e-01,4.779765009493089e-88,9.775133617369958e-83,2.247413754933827e-82,3.873718055684281e-01,NaN,NaN,NaN,NaN,0,NaN,NaN,NaN,NaN,NaN,NaN,NaN,NaN,NaN,NaN,NaN,NaN,NaN,NaN,NaN,NaN,NaN,NaN,NaN,NaN,false
9,1.000000000000000e+05,0,2,CONTINUE,4.918713453856015e-10,4.918717458769759e-12,1.000000000000000e-09,7.865268416024314e-12,2.220446050164445e-14,8.882839501715955e+07,-1.000000000000000e+00,9.899999915427734e-01,,,1.057001582985833e-08,1.593394307457051e-09,7.614909074500944e+00,3.284588625987820e-11,9.417055589239674e+09,REACHED_FORCE,REACHED_FORCE,,1,0,0,1,0,0,,,,2.808478788491210e-16,NaN,4.149376258961766e-17,NaN,,,1.593394303840318e-14,5.860029078030923e-23,,solution good enough for the tolerances given,solution good enough for the tolerances given,,1.593394303840318e-14,5.860029078030923e-23,,2.074688129480883e-17,2.808478788491210e-16,4.149376258961766e-17,1.058361819306582e-24,,,2.808478788491210e-16,4.149376258961766e-17,,3.924288612317466e-01,3.068782523898341e+02,2.028338483552000e-11,3.236440998290320e-11,3.437693227642274e+08,0.000000000000000e+00,8.882839501715955e+07,-1.000000000000000e+00,1.565812493772885e-14,0.000000000000000e+00,10,1.000000000000000e+00,9.999999999999993e-01,9.999999999999993e-01,9.999999999999987e-01,9.999999999999947e-01,9.999999999999551e-01,9.999999999999531e-01,9.999999999998901e-01,9.999999999998885e-01,9.999999999998874e-01,4.173150287833355e-113,1.744820304355291e-221,1.274024019448335e-111,5.176068783887478e-56,2.599359429645831e-01,1.887327671076209e-55,2.168173914504513e-113,1.486865997796207e-222,7.400640570354168e-01,3.046765756585224e-112,NaN,NaN,NaN,NaN,0,NaN,NaN,NaN,NaN,NaN,NaN,NaN,NaN,NaN,NaN,NaN,NaN,NaN,NaN,NaN,NaN,NaN,NaN,NaN,NaN,8.727906254592985e+07,-9.999999999999989e-01,5.334346009262610e-14,1.110223024625157e-15,10,9.999999999999989e-01,9.999999999999973e-01,9.999999999999967e-01,9.999999999999956e-01,9.999999999999529e-01,9.999999999999529e-01,9.999999999999396e-01,9.999999999998892e-01,9.999999999998863e-01,9.999999999998854e-01,4.977421436696058e-141,1.415167393301971e-83,6.959380527508324e-02,1.359963703526370e-138,4.489806279965840e-01,3.588835042984408e-139,1.261426316110287e-248,4.814255667283325e-01,1.953873006284900e-84,1.788170129554723e-140,NaN,NaN,NaN,NaN,0,NaN,NaN,NaN,NaN,NaN,NaN,NaN,NaN,NaN,NaN,NaN,NaN,NaN,NaN,NaN,NaN,NaN,NaN,NaN,NaN,false
9,3.162000000000000e+05,0,2,CONTINUE,4.918713453856015e-10,4.918718526428362e-12,1.000000000000000e-09,7.865268416024314e-12,2.220446050164445e-14,1.186906922667715e+08,-1.000000000000000e+00,9.899999894807308e-01,,,1.057001582985812e-08,1.593394307597611e-09,7.614909074500944e+00,3.284588625987820e-11,9.417055589239674e+09,REACHED_FORCE,REACHED_FORCE,,1,0,0,1,0,0,,,,8.881969598599913e-17,NaN,2.074688129480883e-17,NaN,,,5.039197672544107e-15,1.788351959205291e-23,,solution good enough for the tolerances given,solution good enough for the tolerances given,,5.039197672544107e-15,1.788351959205291e-23,,2.074688129480883e-17,8.881969598599913e-17,2.074688129480883e-17,3.095603740264311e-25,,,8.881969598599913e-17,2.074688129480883e-17,,3.923021758044068e-01,1.725852390551398e+02,2.028338483552000e-11,3.236440998290320e-11,3.437693227642274e+08,0.000000000000000e+00,1.186906922667715e+08,-1.000000000000000e+00,8.602606181565787e-15,-4.440892098500626e-16,10,1.000000000000000e+00,1.000000000000000e+00,9.999999999999984e-01,9.999999999999933e-01,9.999999999999882e-01,9.999999999999867e-01,9.999999999999811e-01,9.999999999999749e-01,9.999999999999747e-01,9.999999999999734e-01,9.951022089014086e-142,6.277324115305445e-198,1.394914676232557e-85,1.073311158449960e-28,3.438209305751808e-57,1.489008142220524e-253,1.000000000000000e+00,2.322556197167700e-85,3.158485169304134e-198,9.484241847131163e-142,NaN,NaN,NaN,NaN,0,NaN,NaN,NaN,NaN,NaN,NaN,NaN,NaN,NaN,NaN,NaN,NaN,NaN,NaN,NaN,NaN,NaN,NaN,NaN,NaN,9.960058092316435e+07,-1.000000000000008e+00,8.481272948511700e-15,-7.993605777301127e-15,10,1.000000000000008e+00,1.000000000000006e+00,1.000000000000004e+00,1.000000000000001e+00,9.999999999999976e-01,9.999999999999933e-01,9.999999999999747e-01,9.999999999999729e-01,9.999999999999696e-01,9.999999999999682e-01,1.178734483685942e-225,3.768505016421910e-170,2.657217362929248e-114,3.321855526354479e-01,3.709752288822674e-85,1.012296269973196e-56,6.678144473645519e-01,1.246251805411227e-113,8.578661977139280e-170,1.766073237760699e-225,NaN,NaN,NaN,NaN,0,NaN,NaN,NaN,NaN,NaN,NaN,NaN,NaN,NaN,NaN,NaN,NaN,NaN,NaN,NaN,NaN,NaN,NaN,NaN,NaN,false
9,1.000000000000000e+06,0,2,CONTINUE,4.918713453856015e-10,4.918728634796334e-12,1.000000000000000e-09,7.865268416024314e-12,2.220446050164445e-14,1.501199875790155e+08,-1.000000000000046e+00,9.899999676433848e-01,,,1.057001582985809e-08,1.593394328506566e-09,7.614909074500944e+00,3.284588625987820e-11,9.417055589239674e+09,REACHED_FORCE,REACHED_FORCE,,1,0,0,1,0,0,,,,2.808478825356085e-17,NaN,2.766250839307844e-17,NaN,,,1.593394320110344e-15,1.214908980727052e-23,,solution good enough for the tolerances given,solution good enough for the tolerances given,,1.593394320110344e-15,1.214908980727052e-23,,2.766250839307844e-17,2.808478825356085e-17,2.766250839307844e-17,1.924294216921058e-25,,,2.808478825356085e-17,2.766250839307844e-17,,3.919025345207965e-01,9.706059351141340e+01,2.028338483552000e-11,3.236440998290320e-11,3.437693227642274e+08,0.000000000000000e+00,1.501199875790155e+08,-1.000000000000046e+00,2.270205837110442e-14,-4.618527782440651e-14,10,1.000000000000046e+00,1.000000000000043e+00,1.000000000000043e+00,1.000000000000040e+00,1.000000000000010e+00,1.000000000000003e+00,1.000000000000000e+00,9.999999999999991e-01,9.999999999999953e-01,9.999999999999933e-01,8.508283814036927e-01,1.530032893881777e-57,1.001165837241739e-113,1.696483764298294e-196,4.301540204244427e-252,4.316823253570431e-113,2.949782622047442e-57,1.491716185963071e-01,4.342075349457486e-113,7.275951638778431e-197,NaN,NaN,NaN,NaN,0,NaN,NaN,NaN,NaN,NaN,NaN,NaN,NaN,NaN,NaN,NaN,NaN,NaN,NaN,NaN,NaN,NaN,NaN,NaN,NaN,2.251799813685238e+08,-1.000000000000047e+00,1.011708786192316e-14,-4.707345624410664e-14,10,1.000000000000047e+00,1.000000000000046e+00,1.000000000000044e+00,1.000000000000044e+00,1.000000000000001e+00,9.999999999999996e-01,9.999999999999987e-01,9.999999999999960e-01,9.999999999999960e-01,9.999999999999956e-01,4.229377620858199e-01,6.171399905805763e-85,1.005001473153777e-168,5.731720013480255e-225,3.642082719646697e-56,3.348359105812971e-85,1.617080056050487e-140,3.147403257377672e-169,1.217174940295747e-224,5.770622379141802e-01,NaN,NaN,NaN,NaN,0,NaN,NaN,NaN,NaN,NaN,NaN,NaN,NaN,NaN,NaN,NaN,NaN,NaN,NaN,NaN,NaN,NaN,NaN,NaN,NaN,false
9,3.162000000000000e+06,0,2,CONTINUE,4.918713453856015e-10,4.918767350562547e-12,1.000000000000000e-09,7.865268416024314e-12,2.220446050164445e-14,1.978178204446212e+07,-1.000000000000007e+00,9.899998911400195e-01,,,1.057001582985805e-08,1.593394360653166e-09,7.614909074500944e+00,3.284588625987820e-11,9.417055589239674e+09,REACHED_FORCE,REACHED_FORCE,,1,0,0,1,0,0,,,,3.457813549134804e-17,NaN,2.766250839307844e-17,NaN,,,5.039197884127495e-16,6.267208812057617e-24,,solution good enough for the tolerances given,solution good enough for the tolerances given,,5.039197884127495e-16,6.267208812057617e-24,,3.457813549134804e-17,8.881970058652645e-18,2.766250839307844e-17,1.427533481574589e-25,,,3.457813549134804e-17,2.766250839307844e-17,,3.906492697051904e-01,5.460671000841624e+01,2.028338483552000e-11,3.236440998290320e-11,3.437693227642274e+08,0.000000000000000e+00,1.978178204446212e+07,-1.000000000000007e+00,1.153297501558549e-14,-7.105427357601002e-15,10,1.000000000000007e+00,9.999999999999991e-01,9.999999999999989e-01,9.999999999999973e-01,9.999999999999956e-01,9.999999999999947e-01,9.999999999999942e-01,9.999999999999916e-01,9.999999999999887e-01,9.999999999999840e-01,5.120862734854294e-86,1.000000000000000e+00,3.396453547356585e-57,5.114209804374104e-198,6.423984720352887e-142,3.957717300080969e-254,1.034149028126873e-28,5.095148564161723e-170,5.727292357517904e-226,6.433537905641136e-86,NaN,NaN,NaN,NaN,0,NaN,NaN,NaN,NaN,NaN,NaN,NaN,NaN,NaN,NaN,NaN,NaN,NaN,NaN,NaN,NaN,NaN,NaN,NaN,NaN,2.589615104002324e+07,-1.000000000000011e+00,6.683217105535323e-15,-1.065814103640150e-14,10,1.000000000000011e+00,1.000000000000005e+00,1.000000000000003e+00,1.000000000000001e+00,1.000000000000001e+00,9.999999999999980e-01,9.999999999999938e-01,9.999999999999929e-01,9.999999999999925e-01,9.999999999999878e-01,3.520900925761808e-200,1.617312468844002e-171,4.096958366601334e-143,5.237480931557249e-58,6.150711219474723e-256,1.826250488799728e-86,1.000000000000000e+00,3.385322619046128e-29,1.090949057291959e-114,2.830136010916217e-200,NaN,NaN,NaN,NaN,0,NaN,NaN,NaN,NaN,NaN,NaN,NaN,NaN,NaN,NaN,NaN,NaN,NaN,NaN,NaN,NaN,NaN,NaN,NaN,NaN,false
9,1.000000000000000e+07,0,2,CONTINUE,4.918713453856015e-10,4.919048433050485e-12,1.000000000000000e-09,7.865268416024314e-12,2.220446050164445e-14,8.660768514173931e+06,-1.000000000000015e+00,9.899992848965098e-01,,,1.057001582985804e-08,1.593394540732524e-09,7.614909074500944e+00,3.284588625987820e-11,9.417055589239674e+09,REACHED_FORCE,REACHED_FORCE,,1,0,0,1,0,0,,,,2.766250839307844e-17,NaN,2.766250839307844e-17,NaN,,,1.593394535871116e-16,5.814667551744264e-24,,solution good enough for the tolerances given,solution good enough for the tolerances given,,1.593394535871116e-16,5.814667551744264e-24,,2.766250839307844e-17,2.808479255289429e-18,2.766250839307844e-17,1.129477040366708e-25,,,2.766250839307844e-17,2.766250839307844e-17,,3.867851293629453e-01,3.074707190121354e+01,2.028338483552000e-11,3.236440998290320e-11,3.437693227642274e+08,0.000000000000000e+00,8.660768514173931e+06,-1.000000000000015e+00,6.820042525535776e-15,-1.509903313490213e-14,10,1.000000000000015e+00,1.000000000000011e+00,1.000000000000008e+00,1.000000000000001e+00,9.999999999999991e-01,9.999999999999991e-01,9.999999999999976e-01,9.999999999999962e-01,9.999999999999960e-01,9.999999999999885e-01,6.688477452436562e-01,1.220235986258655e-227,6.980769424780261e-142,2.043014652871399e-199,1.308142378648142e-170,6.721406210760334e-114,7.872719947188610e-57,1.122949129327077e-85,4.329817239195248e-256,3.311522547563436e-01,NaN,NaN,NaN,NaN,0,NaN,NaN,NaN,NaN,NaN,NaN,NaN,NaN,NaN,NaN,NaN,NaN,NaN,NaN,NaN,NaN,NaN,NaN,NaN,NaN,1.023545369856921e+07,-1.000000000000013e+00,9.662899488935652e-15,-1.332267629550188e-14,10,1.000000000000013e+00,1.000000000000007e+00,1.000000000000005e+00,1.000000000000002e+00,9.999999999999998e-01,9.999999999999956e-01,9.999999999999953e-01,9.999999999999947e-01,9.999999999999942e-01,9.999999999999902e-01,4.866052333415423e-143,4.862353536033239e-255,4.886286254412160e-58,3.839072192427097e-86,1.000000000000000e+00,4.120856486982259e-30,1.100824043058043e-114,4.560836686464094e-227,5.615351794884507e-199,5.258286451621027e-143,NaN,NaN,NaN,NaN,0,NaN,NaN,NaN,NaN,NaN,NaN,NaN,NaN,NaN,NaN,NaN,NaN,NaN,NaN,NaN,NaN,NaN,NaN,NaN,NaN,false
9,3.162000000000000e+07,0,2,CONTINUE,4.918713453856015e-10,4.919297619986384e-12,1.000000000000000e-09,7.865268416024314e-12,2.220446050164445e-14,2.260775090795675e+06,-1.000000000000024e+00,9.899988102033365e-01,,,1.057001582985806e-08,1.593394854225472e-09,7.614909074500944e+00,3.284588625987820e-11,9.417055589239674e+09,REACHED_FORCE,REACHED_FORCE,,1,0,0,1,0,0,,,,4.149376258961766e-17,NaN,2.766250839307844e-17,NaN,,,5.039199347239036e-17,5.638228972004768e-24,,solution good enough for the tolerances given,solution good enough for the tolerances given,,5.039199347239036e-17,5.638228972004768e-24,,4.149376258961766e-17,8.881973727361402e-19,2.766250839307844e-17,9.726052292046652e-26,,,4.149376258961766e-17,2.766250839307844e-17,,3.754705526568731e-01,1.736190843646161e+01,2.028338483552000e-11,3.236440998290320e-11,3.437693227642274e+08,0.000000000000000e+00,2.260775090795675e+06,-1.000000000000024e+00,7.164487393498150e-15,-2.398081733190338e-14,10,1.000000000000024e+00,1.000000000000022e+00,1.000000000000020e+00,1.000000000000002e+00,1.000000000000000e+00,9.999999999999964e-01,9.999999999999956e-01,9.999999999999931e-01,9.999999999999927e-01,9.999999999999860e-01,4.015484629514898e-86,1.228369377520757e-198,1.000000000000000e+00,9.031962942452487e-29,1.694614267487954e-198,6.810264321448440e-86,8.053639108256615e-170,1.246383891767996e-141,2.416668515030938e-57,1.512691700276869e-198,NaN,NaN,NaN,NaN,0,NaN,NaN,NaN,NaN,NaN,NaN,NaN,NaN,NaN,NaN,NaN,NaN,NaN,NaN,NaN,NaN,NaN,NaN,NaN,NaN,2.637570939261626e+06,-1.000000000000021e+00,7.506645388011659e-15,-2.087219286295294e-14,10,1.000000000000021e+00,1.000000000000021e+00,1.000000000000019e+00,9.999999999999982e-01,9.999999999999976e-01,9.999999999999969e-01,9.999999999999927e-01,9.999999999999925e-01,9.999999999999896e-01,9.999999999999880e-01,5.940223222237341e-30,3.179123430928879e-114,2.347490958512773e-226,1.588895327708592e-85,1.000000000000000e+00,1.063289004712758e-169,3.377495344286186e-198,1.264592677176869e-226,2.271490440029204e-29,5.552064102970912e-114,NaN,NaN,NaN,NaN,0,NaN,NaN,NaN,NaN,NaN,NaN,NaN,NaN,NaN,NaN,NaN,NaN,NaN,NaN,NaN,NaN,NaN,NaN,NaN,NaN,false
9,1.000000000000000e+08,0,2,CONTINUE,4.918713453856015e-10,4.923262264112332e-12,1.000000000000000e-09,7.865268416024314e-12,2.220446050164445e-14,1.023545369856921e+06,-1.000000000000016e+00,9.899904983129095e-01,,,1.057001582985804e-08,1.593395742483876e-09,7.614909074500940e+00,3.284588625987820e-11,9.417055589239674e+09,REACHED_FORCE,REACHED_FORCE,,1,0,0,1,0,0,,,,5.532501678615688e-17,NaN,3.496775891836241e-17,NaN,,,1.593395858841370e-17,6.935401510830676e-24,,solution good enough for the tolerances given,solution good enough for the tolerances given,,1.593395858841370e-17,6.935401510830676e-24,,5.532501678615688e-17,2.808482843470657e-19,3.496775891836241e-17,1.464136904179066e-25,,,5.532501678615688e-17,3.496775891836241e-17,,3.465240850581513e-01,9.880092012777830e+00,2.028338483552000e-11,3.236440998290320e-11,3.437693227642274e+08,0.000000000000000e+00,1.023545369856921e+06,-1.000000000000016e+00,1.092794130902446e-14,-1.598721155460225e-14,10,1.000000000000016e+00,1.000000000000014e+00,1.000000000000012e+00,9.999999999999976e-01,9.999999999999960e-01,9.999999999999958e-01,9.999999999999947e-01,9.999999999999938e-01,9.999999999999916e-01,9.999999999999902e-01,3.622416420773688e-86,3.836627294556054e-199,1.000000000000000e+00,7.737102702903283e-171,6.488876817550016e-142,1.007365030112299e-28,4.810631482674503e-57,4.340487461076484e-255,2.590119088764818e-86,3.984568959744290e-199,NaN,NaN,NaN,NaN,0,NaN,NaN,NaN,NaN,NaN,NaN,NaN,NaN,NaN,NaN,NaN,NaN,NaN,NaN,NaN,NaN,NaN,NaN,NaN,NaN,7.382950208803992e+05,-1.000000000000014e+00,1.356755221847019e-14,-1.376676550535194e-14,10,1.000000000000014e+00,1.000000000000008e+00,1.000000000000001e+00,1.000000000000000e+00,1.000000000000000e+00,9.999999999999993e-01,9.999999999999982e-01,9.999999999999922e-01,9.999999999999900e-01,9.999999999999865e-01,4.265047839609204e-30,6.905712992568468e-142,6.313496071955767e-170,1.351789302828379e-226,1.259961987062602e-85,1.000000000000000e+00,1.171671793327608e-254,6.143781755833287e-114,3.355423104061727e-198,1.311768929125094e-29,NaN,NaN,NaN,NaN,0,NaN,NaN,NaN,NaN,NaN,NaN,NaN,NaN,NaN,NaN,NaN,NaN,NaN,NaN,NaN,NaN,NaN,NaN,NaN,NaN,false
9,3.162000000000000e+08,0,2,CONTINUE,4.918713453856015e-10,4.931536898952278e-12,1.000000000000000e-09,7.865268416024314e-12,2.220446050164445e-14,8.957788095605315e+04,-1.000000000000003e+00,9.899734491010364e-01,,,1.057001582985802e-08,1.593386592549402e-09,7.614909074500937e+00,3.284588625987820e-11,9.417055589239674e+09,REACHED_FORCE,REACHED_FORCE,,1,0,0,1,0,0,,,,5.532501678615688e-17,NaN,1.051813328004937e-16,NaN,,,5.039171149521681e-18,7.910280259318193e-24,,solution good enough for the tolerances given,solution good enough for the tolerances given,,5.039171149521681e-18,7.910280259318193e-24,,5.532501678615688e-17,8.881946881365452e-20,1.051813328004937e-16,1.521656568271815e-25,,,5.532501678615688e-17,1.051813328004937e-16,,2.902525269070465e-01,5.729386967836374e+00,2.028338483552000e-11,3.236440998290320e-11,3.437693227642274e+08,0.000000000000000e+00,8.957788095605315e+04,-1.000000000000003e+00,1.549344817255527e-14,-3.108624468950438e-15,10,1.000000000000003e+00,1.000000000000002e+00,1.000000000000000e+00,9.999999999999980e-01,9.999999999999909e-01,9.999999999999745e-01,9.999999999999671e-01,9.999999999999662e-01,9.999999999999647e-01,9.999999999999647e-01,4.909065465314472e-01,1.063576432408507e-112,1.199658258455837e-56,1.001269659067541e-196,3.052150928797368e-113,6.221442772307341e-252,5.090934534685526e-01,2.029536729086810e-57,3.923323117059517e-196,2.473055574047381e-113,NaN,NaN,NaN,NaN,0,NaN,NaN,NaN,NaN,NaN,NaN,NaN,NaN,NaN,NaN,NaN,NaN,NaN,NaN,NaN,NaN,NaN,NaN,NaN,NaN,8.957788095605315e+04,-1.000000000000009e+00,1.201560996039361e-14,-8.881784197001252e-15,10,1.000000000000009e+00,1.000000000000008e+00,1.000000000000006e+00,1.000000000000003e+00,1.000000000000001e+00,9.999999999999998e-01,9.999999999999689e-01,9.999999999999676e-01,9.999999999999654e-01,9.999999999999647e-01,6.319671936326056e-225,1.077745038210009e-169,4.539229631582961e-86,2.266693787548871e-30,2.206634220746577e-141,1.000000000000000e+00,1.958502658612442e-86,1.267903114677202e-29,2.068369599318462e-225,1.122484175162585e-169,NaN,NaN,NaN,NaN,0,NaN,NaN,NaN,NaN,NaN,NaN,NaN,NaN,NaN,NaN,NaN,NaN,NaN,NaN,NaN,NaN,NaN,NaN,NaN,NaN,false
9,1.000000000000000e+09,0,2,CONTINUE,4.918713453856015e-10,4.993466883497367e-12,1.000000000000000e-09,7.865268416024314e-12,2.220446050164445e-14,7.505999378950727e+04,-1.000000000000014e+00,9.898447697012100e-01,,,1.057001582985741e-08,1.593400048572514e-09,7.614909074500905e+00,3.284588625987820e-11,9.417055589239674e+09,REACHED_FORCE,REACHED_FORCE,,1,0,0,1,0,0,,,,2.376589042137781e-16,NaN,5.604393713499321e-16,NaN,,,1.593397549248938e-18,1.102676916100910e-23,,solution good enough for the tolerances given,solution good enough for the tolerances given,,1.593397549248938e-18,1.102676916100910e-23,,2.376589042137781e-16,2.808496637731918e-20,5.604393713499321e-16,2.091624148827237e-25,,,2.376589042137781e-16,5.604393713499321e-16,,2.144473387632432e-01,3.430748814650172e+00,2.028338483552000e-11,3.236440998290320e-11,3.437693227642274e+08,0.000000000000000e+00,7.505999378950727e+04,-1.000000000000014e+00,1.048798506236377e-14,-1.376676550535194e-14,10,1.000000000000014e+00,1.000000000000013e+00,1.000000000000005e+00,9.999999999999978e-01,9.999999999999953e-01,9.999999999999951e-01,9.999999999999940e-01,9.999999999999938e-01,9.999999999999907e-01,9.999999999999867e-01,5.768954842724756e-01,2.660035301853622e-197,6.223008984655176e-113,6.006172310107155e-85,5.828691478543461e-141,4.015362203652592e-169,4.381040044689400e-253,9.213253301376261e-57,4.231045157275247e-01,1.528300769744492e-197,NaN,NaN,NaN,NaN,0,NaN,NaN,NaN,NaN,NaN,NaN,NaN,NaN,NaN,NaN,NaN,NaN,NaN,NaN,NaN,NaN,NaN,NaN,NaN,NaN,4.503599627370396e+04,-1.000000000000016e+00,1.502822535574424e-14,-1.598721155460225e-14,10,1.000000000000016e+00,1.000000000000015e+00,1.000000000000013e+00,9.999999999999998e-01,9.999999999999991e-01,9.999999999999927e-01,9.999999999999918e-01,9.999999999999847e-01,9.999999999999836e-01,9.999999999999778e-01,2.313258280853074e-115,7.064401263070451e-199,4.260044932705961e-30,1.000000000000000e+00,5.088267808837117e-86,1.733297196357554e-114,2.417616203624959e-198,5.749665998896275e-30,4.727841347649668e-116,1.725688541195420e-198,NaN,NaN,NaN,NaN,0,NaN,NaN,NaN,NaN,NaN,NaN,NaN,NaN,NaN,NaN,NaN,NaN,NaN,NaN,NaN,NaN,NaN,NaN,NaN,NaN,false
9,3.162000000000000e+09,0,2,CONTINUE,4.918713453856015e-10,5.045514952365845e-12,1.000000000000000e-09,7.865268416024314e-12,2.220446050164445e-14,1.227834747587292e+04,-1.000000000000011e+00,9.897432797774376e-01,,,1.057001582968545e-08,1.593384598324176e-09,7.614909074500874e+00,3.284588625987820e-11,9.417055589239674e+09,REACHED_FORCE,REACHED_FORCE,,1,0,0,1,0,0,,,,9.128627769715885e-16,NaN,8.506646586252523e-16,NaN,,,5.039185123671966e-19,6.987309118336434e-24,,solution good enough for the tolerances given,solution good enough for the tolerances given,,5.039185123671966e-19,6.987309118336434e-24,,9.128627769715885e-16,8.882064169189597e-21,8.506646586252523e-16,1.223600127063934e-25,,,9.128627769715885e-16,8.506646586252523e-16,,1.410142784764209e-01,2.872135245061414e+00,2.028338483552000e-11,3.236440998290320e-11,3.437693227642274e+08,0.000000000000000e+00,1.227834747587292e+04,-1.000000000000011e+00,5.999979446163515e-15,-1.065814103640150e-14,10,1.000000000000011e+00,1.000000000000008e+00,1.000000000000007e+00,9.999999999999976e-01,9.999999999999953e-01,9.999999999999936e-01,9.999999999999933e-01,9.999999999999767e-01,9.999999999999760e-01,9.999999999999742e-01,1.234420262076368e-198,6.225481880471597e-01,4.077619050464030e-114,9.452011355903271e-170,2.584339640255591e-85,2.188632825889289e-198,1.685883351712452e-01,2.088634767815951e-01,8.205401147926747e-114,8.566584124864379e-199,NaN,NaN,NaN,NaN,0,NaN,NaN,NaN,NaN,NaN,NaN,NaN,NaN,NaN,NaN,NaN,NaN,NaN,NaN,NaN,NaN,NaN,NaN,NaN,NaN,1.217340433505349e+04,-1.000000000000007e+00,1.178702260637669e-14,-7.105427357601002e-15,10,1.000000000000007e+00,1.000000000000006e+00,1.000000000000000e+00,9.999999999999993e-01,9.999999999999980e-01,9.999999999999980e-01,9.999999999999785e-01,9.999999999999778e-01,9.999999999999745e-01,9.999999999999740e-01,6.554490265301593e-30,2.688404355019378e-171,1.000000000000000e+00,5.432433661049305e-227,4.673023668626876e-86,2.021298489871583e-142,3.406061438495588e-255,2.563576634086748e-114,1.376489711928671e-171,2.197490319402936e-29,NaN,NaN,NaN,NaN,0,NaN,NaN,NaN,NaN,NaN,NaN,NaN,NaN,NaN,NaN,NaN,NaN,NaN,NaN,NaN,NaN,NaN,NaN,NaN,NaN,false
9,1.000000000000000e+10,0,2,CONTINUE,4.918713453856015e-10,5.076507309724346e-12,1.000000000000000e-09,7.865268416024314e-12,2.220446050164445e-14,5.629499534213110e+04,-1.000000000000052e+00,9.896859267176480e-01,,,1.057001582537228e-08,1.593488560252029e-09,7.614909074500860e+00,3.284588625987820e-11,9.417055589239674e+09,REACHED_FORCE,REACHED_FORCE,,1,0,0,1,0,0,,,,3.060511176553371e-15,NaN,2.109266264972231e-15,NaN,,,1.593496637569012e-19,6.696582762562758e-24,,solution good enough for the tolerances given,solution good enough for the tolerances given,,1.593496637569012e-19,6.696582762562758e-24,,3.060511176553371e-15,2.808745331843213e-21,2.109266264972231e-15,1.987042941385875e-25,,,3.060511176553371e-15,2.109266264972231e-15,,8.527907264084211e-02,2.872135245061414e+00,2.028338483552000e-11,3.236440998290320e-11,3.437693227642274e+08,0.000000000000000e+00,5.629499534213110e+04,-1.000000000000052e+00,5.795052914050829e-15,-5.240252676230739e-14,10,1.000000000000052e+00,1.000000000000052e+00,1.000000000000049e+00,1.000000000000049e+00,1.000000000000004e+00,1.000000000000003e+00,9.999999999999996e-01,9.999999999999991e-01,9.999999999999987e-01,9.999999999999982e-01,3.160463655558347e-58,4.191206946744702e-141,7.134072670927791e-224,7.721811679292621e-01,6.971800003766741e-58,7.549382975255656e-196,7.506096932961897e-57,1.491775135828384e-140,2.278188320707374e-01,1.691823217516118e-224,NaN,NaN,NaN,NaN,0,NaN,NaN,NaN,NaN,NaN,NaN,NaN,NaN,NaN,NaN,NaN,NaN,NaN,NaN,NaN,NaN,NaN,NaN,NaN,NaN,3.464307405669602e+04,-1.000000000000047e+00,2.279372367368886e-14,-4.662936703425657e-14,10,1.000000000000047e+00,1.000000000000046e+00,1.000000000000045e+00,1.000000000000024e+00,1.000000000000005e+00,1.000000000000004e+00,1.000000000000002e+00,1.000000000000002e+00,9.999999999999991e-01,9.999999999999971e-01,1.667252808428961e-86,3.450236197245873e-170,6.132681244940488e-29,3.816664928243502e-253,1.941311575684233e-86,6.396952753229460e-57,3.983684597470320e-225,1.000000000000000e+00,9.976579178466311e-170,6.346366719034567e-86,NaN,NaN,NaN,NaN,0,NaN,NaN,NaN,NaN,NaN,NaN,NaN,NaN,NaN,NaN,NaN,NaN,NaN,NaN,NaN,NaN,NaN,NaN,NaN,NaN,false
9,3.162000000000000e+10,0,2,CONTINUE,4.918713453856015e-10,6.376580574948076e-12,1.000000000000000e-09,7.865268416024314e-12,2.220446050164445e-14,3.096278928698437e+03,-1.000000000000020e+00,9.869962449826838e-01,,,1.057001570969402e-08,1.592988454967599e-09,7.614909074500058e+00,3.284588625987820e-11,9.417055589239674e+09,REACHED_FORCE,REACHED_FORCE,,1,0,0,1,0,0,,,,1.034959562143956e-14,NaN,1.368908492283391e-14,NaN,,,5.037879382670548e-20,5.090796340711975e-24,,solution good enough for the tolerances given,solution good enough for the tolerances given,,5.037879382670548e-20,5.090796340711975e-24,,1.034959562143956e-14,8.881407399206866e-22,1.368908492283391e-14,1.192225764831525e-25,,,1.034959562143956e-14,1.368908492283391e-14,,4.931350057157442e-02,2.872135245061414e+00,2.028338483552000e-11,3.236440998290320e-11,3.437693227642274e+08,0.000000000000000e+00,3.096278928698437e+03,-1.000000000000020e+00,1.059817648351107e-14,-1.953992523340276e-14,10,1.000000000000020e+00,1.000000000000019e+00,1.000000000000003e+00,9.999999999999967e-01,9.999999999999956e-01,9.999999999999953e-01,9.999999999999949e-01,9.999999999999929e-01,9.999999999999920e-01,9.999999999999898e-01,5.672973761742469e-01,1.324051770155880e-85,8.778132466288599e-255,2.209791732456809e-169,2.180835842403741e-85,3.719439380756243e-198,2.257068309501402e-56,1.887626208807144e-226,5.161798748824387e-141,4.327026238257530e-01,NaN,NaN,NaN,NaN,0,NaN,NaN,NaN,NaN,NaN,NaN,NaN,NaN,NaN,NaN,NaN,NaN,NaN,NaN,NaN,NaN,NaN,NaN,NaN,NaN,3.560720768003207e+03,-1.000000000000023e+00,1.198386544565165e-14,-2.264854970235319e-14,10,1.000000000000023e+00,1.000000000000022e+00,1.000000000000019e+00,1.000000000000000e+00,9.999999999999991e-01,9.999999999999964e-01,9.999999999999953e-01,9.999999999999933e-01,9.999999999999931e-01,9.999999999999911e-01,1.041317390678640e-86,3.210447743223573e-30,9.637089223437344e-171,5.377785479839330e-255,1.000000000000000e+00,1.707961425206690e-30,1.959903149335443e-226,1.147925928593888e-170,4.230346171463376e-142,1.071327276538677e-86,NaN,NaN,NaN,NaN,0,NaN,NaN,NaN,NaN,NaN,NaN,NaN,NaN,NaN,NaN,NaN,NaN,NaN,NaN,NaN,NaN,NaN,NaN,NaN,NaN,false
9,1.000000000000000e+11,0,2,CONTINUE,4.918713453856015e-10,6.670861834354201e-12,1.000000000000000e-09,7.865268416024314e-12,2.220446050164445e-14,8.830587504647931e+02,-1.000000000000012e+00,9.861676019133682e-01,,,1.057001574691327e-08,1.594130978354753e-09,7.614909074500274e+00,3.284588625987820e-11,9.417055589239674e+09,REACHED_FORCE,REACHED_FORCE,,1,0,0,1,0,0,,,,1.834715869170927e-14,NaN,2.113783210725173e-14,NaN,,,1.593963040749392e-20,4.150513171473900e-24,,solution good enough for the tolerances given,solution good enough for the tolerances given,,1.593963040749392e-20,4.150513171473900e-24,,1.834715869170927e-14,2.810724531194041e-22,2.113783210725173e-14,9.726052292046652e-26,,,1.834715869170927e-14,2.113783210725173e-14,,2.799454331458212e-02,2.872135245061414e+00,2.028338483552000e-11,3.236440998290320e-11,3.437693227642274e+08,0.000000000000000e+00,8.830587504647931e+02,-1.000000000000012e+00,1.019634597968431e-14,-1.243449787580175e-14,10,1.000000000000012e+00,1.000000000000010e+00,9.999999999999989e-01,9.999999999999982e-01,9.999999999999947e-01,9.999999999999947e-01,9.999999999999940e-01,9.999999999999916e-01,9.999999999999893e-01,9.999999999999887e-01,7.758242755382343e-01,3.940234816618021e-171,1.824976908692237e-114,1.550729411164190e-85,8.593235645739086e-57,5.273201773117461e-171,2.513428371612361e-227,8.951125095762491e-143,1.740144974408428e-255,2.241757244617657e-01,NaN,NaN,NaN,NaN,0,NaN,NaN,NaN,NaN,NaN,NaN,NaN,NaN,NaN,NaN,NaN,NaN,NaN,NaN,NaN,NaN,NaN,NaN,NaN,NaN,9.790433972544456e+02,-1.000000000000013e+00,7.295893057685924e-15,-1.287858708565182e-14,10,1.000000000000013e+00,1.000000000000010e+00,1.000000000000005e+00,1.000000000000003e+00,1.000000000000002e+00,1.000000000000001e+00,9.999999999999936e-01,9.999999999999918e-01,9.999999999999913e-01,9.999999999999898e-01,2.732080607242429e-29,3.129723425559552e-114,1.889831419401052e-255,3.270536370076092e-227,1.000000000000000e+00,2.198691107435331e-142,5.737112725012346e-199,7.204225296715065e-86,6.403689607528889e-171,2.118244446854161e-30,NaN,NaN,NaN,NaN,0,NaN,NaN,NaN,NaN,NaN,NaN,NaN,NaN,NaN,NaN,NaN,NaN,NaN,NaN,NaN,NaN,NaN,NaN,NaN,NaN,false
9,3.162000000000000e+11,0,2,CONTINUE,4.918713453856015e-10,1.322635944276048e-11,1.000000000000000e-09,7.865268416024314e-12,2.220446050164445e-14,1.410186442773528e+02,-1.000000000000021e+00,9.737565866454149e-01,,,1.056991281432947e-08,1.590929079400568e-09,7.614909074496238e+00,3.284588625987820e-11,9.417055589239674e+09,REACHED_FORCE,REACHED_FORCE,,1,0,0,1,0,0,,,,1.103596450124652e-13,NaN,9.634160110599393e-14,NaN,,,5.032611893868666e-21,6.923396840553635e-24,,solution good enough for the tolerances given,solution good enough for the tolerances given,,5.032611893868666e-21,6.923396840553635e-24,,1.103596450124652e-13,8.887363298970651e-23,9.634160110599393e-14,1.422304421202521e-25,,,1.103596450124652e-13,9.634160110599393e-14,,1.579178219298885e-02,2.872135245061414e+00,2.028338483552000e-11,3.236440998290320e-11,3.437693227642274e+08,0.000000000000000e+00,1.410186442773528e+02,-1.000000000000021e+00,1.375303475689127e-14,-2.087219286295294e-14,10,1.000000000000021e+00,1.000000000000017e+00,1.000000000000015e+00,1.000000000000013e+00,1.000000000000004e+00,1.000000000000001e+00,9.999999999999980e-01,9.999999999999856e-01,9.999999999999785e-01,9.999999999999776e-01,6.210824730254840e-225,7.757260188837110e-01,1.422949601637396e-168,8.245193319026771e-85,5.294590881097854e-113,1.335007135230360e-196,2.854275438211687e-56,2.332022172849268e-225,2.242739811162889e-01,4.405812270846289e-113,NaN,NaN,NaN,NaN,0,NaN,NaN,NaN,NaN,NaN,NaN,NaN,NaN,NaN,NaN,NaN,NaN,NaN,NaN,NaN,NaN,NaN,NaN,NaN,NaN,1.238511571479356e+02,-1.000000000000016e+00,5.088386710191626e-15,-1.554312234475219e-14,10,1.000000000000016e+00,1.000000000000014e+00,1.000000000000004e+00,1.000000000000003e+00,1.000000000000002e+00,1.000000000000002e+00,1.000000000000001e+00,9.999999999999767e-01,9.999999999999747e-01,9.999999999999745e-01,1.056054392024072e-141,3.797776541446775e-29,1.296684349324349e-57,1.965833117282157e-113,4.392212313300640e-226,1.000000000000000e+00,4.216997726367525e-197,8.096158167099501e-142,2.771715683444796e-226,1.018771810992002e-57,NaN,NaN,NaN,NaN,0,NaN,NaN,NaN,NaN,NaN,NaN,NaN,NaN,NaN,NaN,NaN,NaN,NaN,NaN,NaN,NaN,NaN,NaN,NaN,NaN,false
9,1.000000000000000e+12,0,2,CONTINUE,4.918713453856015e-10,1.199179244178883e-11,1.000000000000000e-09,7.865268416024314e-12,2.220446050164445e-14,1.501199875790155e+02,-1.000000000000031e+00,9.749009300285082e-01,,,1.056801233826035e-08,1.589010394952107e-09,7.614909074494899e+00,3.284588625987820e-11,9.417055589239674e+09,REACHED_FORCE,REACHED_FORCE,,1,0,0,1,0,0,,,,2.985337905781025e-13,NaN,2.289210882069206e-13,NaN,,,1.591329672707005e-21,6.232669661246531e-24,,solution good enough for the tolerances given,solution good enough for the tolerances given,,1.591329672707005e-21,6.232669661246531e-24,,2.985337905781025e-13,2.810619949986600e-23,2.289210882069206e-13,1.317723213761159e-25,,,2.985337905781025e-13,2.289210882069206e-13,,8.888715980131036e-03,2.872135245061414e+00,2.028338483552000e-11,3.236440998290320e-11,3.437693227642274e+08,0.000000000000000e+00,1.501199875790155e+02,-1.000000000000031e+00,1.250444948024528e-14,-3.108624468950438e-14,10,1.000000000000031e+00,1.000000000000029e+00,1.000000000000026e+00,1.000000000000020e+00,1.000000000000003e+00,9.999999999999996e-01,9.999999999999984e-01,9.999999999999969e-01,9.999999999999964e-01,9.999999999999933e-01,2.530361695267520e-170,6.076154872299552e-226,6.426539008003467e-01,1.617166730129875e-113,1.351957543285233e-85,1.278480659048379e-141,6.422826414355535e-57,1.499431803726004e-225,3.573460991996531e-01,3.287860848839783e-170,NaN,NaN,NaN,NaN,0,NaN,NaN,NaN,NaN,NaN,NaN,NaN,NaN,NaN,NaN,NaN,NaN,NaN,NaN,NaN,NaN,NaN,NaN,NaN,NaN,1.324588125697195e+02,-1.000000000000025e+00,9.550572759294012e-15,-2.531308496145357e-14,10,1.000000000000025e+00,1.000000000000024e+00,1.000000000000023e+00,1.000000000000001e+00,9.999999999999996e-01,9.999999999999982e-01,9.999999999999978e-01,9.999999999999969e-01,9.999999999999951e-01,9.999999999999925e-01,1.076856827222605e-114,1.209228150395625e-198,5.552254107950790e-29,1.000000000000000e+00,2.725846836914810e-170,6.085594690399725e-57,1.700754811251415e-254,1.100756336259505e-85,1.366352406546083e-114,6.367234509045734e-199,NaN,NaN,NaN,NaN,0,NaN,NaN,NaN,NaN,NaN,NaN,NaN,NaN,NaN,NaN,NaN,NaN,NaN,NaN,NaN,NaN,NaN,NaN,NaN,NaN,false
9,3.162000000000000e+12,0,2,CONTINUE,4.918713453856015e-10,5.860039216035892e-11,1.000000000000000e-09,7.865268416024314e-12,2.220446050164445e-14,1.017348790858065e+02,-1.000000000000016e+00,8.828690955966427e-01,,,1.055822652815505e-08,1.654272513226827e-09,7.614909074466500e+00,3.284588625987820e-11,9.417055589239674e+09,REACHED_FORCE,REACHED_FORCE,,1,0,0,1,0,0,,,,1.040310868765599e-12,NaN,5.543401034917688e-13,NaN,,,5.257486639098905e-22,6.187204799548359e-24,,solution good enough for the tolerances given,solution good enough for the tolerances given,,5.257486639098905e-22,6.187204799548359e-24,,1.040310868765599e-12,9.189550697872466e-24,5.543401034917688e-13,1.030124893297414e-25,,,1.040310868765599e-12,5.543401034917688e-13,,5.000269907585697e-03,2.872135245061414e+00,2.028338483552000e-11,3.236440998290320e-11,3.437693227642274e+08,0.000000000000000e+00,1.017348790858065e+02,-1.000000000000016e+00,9.469355743937641e-15,-1.554312234475219e-14,10,1.000000000000016e+00,1.000000000000006e+00,1.000000000000005e+00,1.000000000000004e+00,1.000000000000002e+00,1.000000000000000e+00,1.000000000000000e+00,9.999999999999991e-01,9.999999999999984e-01,9.999999999999969e-01,7.181016087089560e-01,2.412252502715948e-114,1.443400478436699e-256,6.350756592534439e-86,1.709408192169057e-199,1.687757925439821e-57,1.357013510941031e-142,5.138829488975680e-228,4.343753680511944e-171,2.818983912910435e-01,NaN,NaN,NaN,NaN,0,NaN,NaN,NaN,NaN,NaN,NaN,NaN,NaN,NaN,NaN,NaN,NaN,NaN,NaN,NaN,NaN,NaN,NaN,NaN,NaN,5.275141878523284e+01,-1.000000000000013e+00,8.714318115526946e-15,-1.332267629550188e-14,10,1.000000000000013e+00,1.000000000000005e+00,1.000000000000002e+00,1.000000000000001e+00,9.999999999999991e-01,9.999999999999989e-01,9.999999999999980e-01,9.999999999999971e-01,9.999999999999951e-01,9.999999999999940e-01,2.965906287567876e-29,1.899469208643904e-142,1.000000000000000e+00,1.043941046989119e-85,1.719479755894894e-170,3.492907308348308e-114,6.860139809821771e-227,9.516413151624797e-199,9.389023552629994e-30,5.397238706622978e-255,NaN,NaN,NaN,NaN,0,NaN,NaN,NaN,NaN,NaN,NaN,NaN,NaN,NaN,NaN,NaN,NaN,NaN,NaN,NaN,NaN,NaN,NaN,NaN,NaN,false
9,1.000000000000000e+13,0,2,CONTINUE,4.918713453856015e-10,1.413233356293608e-10,1.000000000000000e-09,7.865268416024314e-12,2.220446050164445e-14,4.642886213783917e+00,-1.000000000000037e+00,7.208043914007113e-01,,,1.036662571937786e-08,1.592245044179454e-09,7.614909074447383e+00,3.284588625987820e-11,9.417055589239674e+09,REACHED_FORCE,REACHED_FORCE,,1,0,0,1,0,0,,,,1.808989736365364e-12,NaN,2.226251012966560e-12,NaN,,,1.620171909606778e-22,7.732419194470666e-24,,solution good enough for the tolerances given,solution good enough for the tolerances given,,1.620171909606778e-22,7.732419194470666e-24,,1.808989736365364e-12,2.988930908674122e-24,2.226251012966560e-12,1.265432610040478e-25,,,1.808989736365364e-12,2.226251012966560e-12,,2.812012361255230e-03,2.872135245061414e+00,2.028338483552000e-11,3.236440998290320e-11,3.437693227642274e+08,0.000000000000000e+00,4.642886213783917e+00,-1.000000000000037e+00,1.566695221698248e-14,-3.685940441755520e-14,10,1.000000000000037e+00,1.000000000000034e+00,1.000000000000033e+00,1.000000000000032e+00,1.000000000000002e+00,9.999999999999991e-01,9.999999999999956e-01,9.999999999999858e-01,9.999999999999840e-01,9.999999999999785e-01,8.354865014686859e-01,2.437496236427116e-140,1.923700254688841e-223,4.673369908409512e-57,1.069719734746527e-111,1.600541622815885e-140,1.645134985313144e-01,1.262703633054652e-223,2.314508519371448e-56,1.620611182015960e-140,NaN,NaN,NaN,NaN,0,NaN,NaN,NaN,NaN,NaN,NaN,NaN,NaN,NaN,NaN,NaN,NaN,NaN,NaN,NaN,NaN,NaN,NaN,NaN,NaN,5.629499534213020e+00,-1.000000000000041e+00,9.315197746763947e-15,-4.085620730620576e-14,10,1.000000000000041e+00,1.000000000000039e+00,1.000000000000038e+00,1.000000000000002e+00,1.000000000000001e+00,9.999999999999982e-01,9.999999999999931e-01,9.999999999999860e-01,9.999999999999842e-01,9.999999999999822e-01,1.935245260108033e-169,3.418620610233972e-86,2.687407490513855e-01,2.696110620184279e-251,3.058070455550446e-168,1.128465096934274e-84,7.011618141930712e-01,3.009743675554344e-02,1.243018736591645e-168,5.899007133544536e-85,NaN,NaN,NaN,NaN,0,NaN,NaN,NaN,NaN,NaN,NaN,NaN,NaN,NaN,NaN,NaN,NaN,NaN,NaN,NaN,NaN,NaN,NaN,NaN,NaN,false
9,3.162000000000000e+13,0,4,CONTINUE,4.918713453856015e-10,4.918714423453172e-12,1.000000000000000e-09,7.865268416024314e-12,2.220446050164445e-14,1.369507987693522e+00,-1.000000000000021e+00,9.899999979714038e-01,,,1.057001582985813e-08,1.593394306217123e-09,7.614909074500944e+00,3.284588625987820e-11,9.417055589239674e+09,REACHED_FORCE,REACHED_FORCE,,1,1,1,1,1,1,,,,8.797987914350242e-12,1.383125419653922e-17,8.482824337503092e-12,1.383125419653922e-17,,,5.198908826841750e-23,2.606488005394898e-23,,solution good enough for the tolerances given,solution good enough for the tolerances given,,5.198908826841750e-23,2.606488005394898e-23,,8.797987914350242e-12,1.098102678134299e-24,8.482824337503092e-12,6.233039963505166e-25,,,1.383125419653922e-17,1.383125419653922e-17,,1.581429525329185e-03,2.872135245061414e+00,2.028338483552000e-11,3.236440998290320e-11,3.437693227642274e+08,0.000000000000000e+00,1.369507987693522e+00,-1.000000000000021e+00,1.907172156767847e-14,-2.131628207280301e-14,10,1.000000000000021e+00,1.000000000000019e+00,1.000000000000001e+00,1.000000000000001e+00,1.000000000000000e+00,9.999999999999991e-01,9.999999999999887e-01,9.999999999999880e-01,9.999999999999813e-01,9.999999999999769e-01,4.711509769147885e-01,3.284226070878079e-141,2.989845182033740e-84,3.563265025498842e-01,6.881647171106705e-197,1.079452663580556e-252,1.011300715706552e-112,8.841098121360630e-141,1.725225205353271e-01,7.433697442384389e-197,NaN,NaN,NaN,NaN,0,NaN,NaN,NaN,NaN,NaN,NaN,NaN,NaN,NaN,NaN,NaN,NaN,NaN,NaN,NaN,NaN,NaN,NaN,NaN,NaN,1.695581318096749e+00,-1.000000000000013e+00,9.934019397035849e-15,-1.332267629550188e-14,10,1.000000000000013e+00,1.000000000000007e+00,1.000000000000006e+00,1.000000000000004e+00,1.000000000000003e+00,1.000000000000002e+00,9.999999999999964e-01,9.999999999999964e-01,9.999999999999909e-01,9.999999999999813e-01,2.328855593837864e-01,6.798605002356191e-169,1.640775398265587e-56,6.019401734271893e-141,5.907450660702549e-197,1.490126657868256e-84,6.978116895159834e-225,4.193263927930829e-253,6.491153208855802e-113,7.671144406162136e-01,NaN,NaN,NaN,NaN,0,NaN,NaN,NaN,NaN,NaN,NaN,NaN,NaN,NaN,NaN,NaN,NaN,NaN,NaN,NaN,NaN,NaN,NaN,NaN,NaN,false
9,1.000000000000000e+14,0,4,CONTINUE,4.918713453856015e-10,4.918718385348645e-12,1.000000000000000e-09,7.865268416024314e-12,2.220446050164445e-14,6.254999482458922e-01,-1.000000000000030e+00,9.899999922567895e-01,,,1.057001582985805e-08,1.593394289479848e-09,7.614909074500944e+00,3.284588625987820e-11,9.417055589239674e+09,REACHED_FORCE,REACHED_FORCE,,1,1,1,1,1,1,,,,2.096691595051745e-11,1.383125419653922e-17,3.368388411096635e-11,6.915627098269610e-18,,,4.486939407950653e-23,2.930804116031693e-23,,solution good enough for the tolerances given,solution good enough for the tolerances given,,4.486939407950653e-23,2.930804116031693e-23,,2.096691595051745e-11,8.199166663402769e-25,3.368388411096635e-11,5.474826209555293e-25,,,1.383125419653922e-17,6.915627098269610e-18,,8.892729079052447e-04,2.872135245061414e+00,2.028338483552000e-11,3.236440998290320e-11,3.437693227642274e+08,0.000000000000000e+00,6.254999482458922e-01,-1.000000000000030e+00,1.851801247077435e-14,-3.019806626980426e-14,10,1.000000000000030e+00,1.000000000000030e+00,1.000000000000027e+00,1.000000000000005e+00,9.999999999999991e-01,9.999999999999944e-01,9.999999999999940e-01,9.999999999999936e-01,9.999999999999860e-01,9.999999999999840e-01,8.765564115322129e-01,1.068014842466647e-170,2.364518169059471e-86,1.473440377424843e-253,1.194358539435728e-57,6.352581451384333e-142,1.234435884677875e-01,4.976622058865832e-171,7.332958170999955e-87,1.477626161136080e-170,NaN,NaN,NaN,NaN,0,NaN,NaN,NaN,NaN,NaN,NaN,NaN,NaN,NaN,NaN,NaN,NaN,NaN,NaN,NaN,NaN,NaN,NaN,NaN,NaN,6.169314558041675e-01,-1.000000000000030e+00,6.506634890181761e-15,-2.975397705995420e-14,10,1.000000000000030e+00,1.000000000000029e+00,1.000000000000028e+00,9.999999999999987e-01,9.999999999999964e-01,9.999999999999960e-01,9.999999999999947e-01,9.999999999999942e-01,9.999999999999865e-01,9.999999999999838e-01,2.375387487579386e-87,8.508502976863778e-01,3.749276508203465e-199,4.526760680695675e-87,1.492824436792996e-57,1.491497023136226e-01,1.284602480556677e-170,1.089880256668137e-199,5.317153855983803e-199,3.854802255039632e-87,NaN,NaN,NaN,NaN,0,NaN,NaN,NaN,NaN,NaN,NaN,NaN,NaN,NaN,NaN,NaN,NaN,NaN,NaN,NaN,NaN,NaN,NaN,NaN,NaN,false
9,3.162000000000000e+14,0,4,CONTINUE,4.918713453856015e-10,4.918829167359776e-12,1.000000000000000e-09,7.865268416024314e-12,2.220446050164445e-14,1.207023989153609e-01,-1.000000000000002e+00,9.899997633776509e-01,,,1.057001582985815e-08,1.593394248882730e-09,7.614909074500944e+00,3.284588625987820e-11,9.417055589239674e+09,REACHED_FORCE,REACHED_FORCE,,1,1,1,1,1,1,,,,7.968523025228640e-11,2.766250839307844e-17,7.048538535471253e-11,6.915627098269610e-18,,,2.103946579558008e-23,2.143875910236515e-23,,solution good enough for the tolerances given,solution good enough for the tolerances given,,2.103946579558008e-23,2.143875910236515e-23,,7.968523025228640e-11,3.367514879611852e-25,7.048538535471253e-11,3.733549105656618e-25,,,2.766250839307844e-17,6.915627098269610e-18,,5.000984227033470e-04,2.872135245061414e+00,2.028338483552000e-11,3.236440998290320e-11,3.437693227642274e+08,0.000000000000000e+00,1.207023989153609e-01,-1.000000000000002e+00,5.598423275683506e-15,-1.776356839400250e-15,10,1.000000000000002e+00,1.000000000000000e+00,9.999999999999989e-01,9.999999999999944e-01,9.999999999999936e-01,9.999999999999916e-01,9.999999999999896e-01,9.999999999999851e-01,9.999999999999760e-01,9.999999999999738e-01,2.969245188156042e-228,2.851273910819387e-57,9.005867711521410e-115,4.423138554848268e-171,1.182920796953740e-199,6.857717003832554e-57,1.000000000000000e+00,1.019261740120046e-28,6.183492687505871e-228,3.285642647618496e-115,NaN,NaN,NaN,NaN,0,NaN,NaN,NaN,NaN,NaN,NaN,NaN,NaN,NaN,NaN,NaN,NaN,NaN,NaN,NaN,NaN,NaN,NaN,NaN,NaN,1.306686520368129e-01,-1.000000000000008e+00,8.217040863729695e-15,-7.993605777301127e-15,10,1.000000000000008e+00,9.999999999999993e-01,9.999999999999987e-01,9.999999999999956e-01,9.999999999999944e-01,9.999999999999944e-01,9.999999999999833e-01,9.999999999999827e-01,9.999999999999776e-01,9.999999999999758e-01,1.896624906395473e-198,9.373504074011369e-170,4.322518657075319e-114,7.825703206234122e-57,1.219762464263025e-85,9.276684133516567e-199,1.000000000000000e+00,1.016760167770881e-28,9.611048833162800e-199,5.359751487932960e-114,NaN,NaN,NaN,NaN,0,NaN,NaN,NaN,NaN,NaN,NaN,NaN,NaN,NaN,NaN,NaN,NaN,NaN,NaN,NaN,NaN,NaN,NaN,NaN,NaN,false
9,1.000000000000000e+15,0,4,CONTINUE,4.918713453856015e-10,4.919716138323750e-12,1.000000000000000e-09,7.865268416024314e-12,2.220446050164445e-14,2.047090739713852e-01,-1.000000000000019e+00,9.899980163503128e-01,,,1.057001582985796e-08,1.593393401577578e-09,7.614909074500944e+00,3.284588625987820e-11,9.417055589239674e+09,REACHED_FORCE,REACHED_FORCE,,1,1,1,1,1,1,,,,2.432834409220324e-10,1.383125419653922e-17,3.073750422857931e-10,1.383125419653922e-17,,,2.898579027981250e-23,2.541094948815579e-23,,solution good enough for the tolerances given,solution good enough for the tolerances given,,2.898579027981250e-23,2.541094948815579e-23,,2.432834409220324e-10,4.894400508255735e-25,3.073750422857931e-10,4.455159437002015e-25,,,1.383125419653922e-17,1.383125419653922e-17,,2.812139383527744e-04,2.872135245061414e+00,2.028338483552000e-11,3.236440998290320e-11,3.437693227642274e+08,0.000000000000000e+00,2.047090739713852e-01,-1.000000000000019e+00,6.947569903553650e-15,-1.909583602355269e-14,10,1.000000000000019e+00,1.000000000000016e+00,1.000000000000016e+00,1.000000000000006e+00,1.000000000000004e+00,1.000000000000004e+00,1.000000000000000e+00,9.999999999999996e-01,9.999999999999993e-01,9.999999999999951e-01,5.025303880831522e-115,1.000000000000000e+00,3.343957871201411e-228,3.336404750589400e-200,4.632383368320433e-58,8.009522180876650e-257,2.759726824805391e-29,1.628835615398829e-86,2.323218826668007e-171,2.947856684620992e-115,NaN,NaN,NaN,NaN,0,NaN,NaN,NaN,NaN,NaN,NaN,NaN,NaN,NaN,NaN,NaN,NaN,NaN,NaN,NaN,NaN,NaN,NaN,NaN,NaN,1.047348750551268e-01,-1.000000000000028e+00,1.269143959188313e-14,-2.842170943040401e-14,10,1.000000000000028e+00,1.000000000000023e+00,1.000000000000021e+00,1.000000000000018e+00,1.000000000000006e+00,1.000000000000006e+00,1.000000000000003e+00,9.999999999999947e-01,9.999999999999942e-01,9.999999999999905e-01,2.527232521768719e-198,3.018732434572835e-142,8.095286188497103e-86,1.000000000000000e+00,5.608270683162859e-29,2.261901508546120e-57,6.616259165270774e-198,6.974579933565787e-142,6.032551379768542e-86,8.089874818456825e-198,NaN,NaN,NaN,NaN,0,NaN,NaN,NaN,NaN,NaN,NaN,NaN,NaN,NaN,NaN,NaN,NaN,NaN,NaN,NaN,NaN,NaN,NaN,NaN,NaN,false
9,3.162000000000000e+15,0,4,CONTINUE,4.918713453856015e-10,4.921965070375823e-12,1.000000000000000e-09,7.865268416024314e-12,2.220446050164445e-14,1.396361085491434e-02,-1.000000000000014e+00,9.899931463232908e-01,,,1.057001582985805e-08,1.593388963603766e-09,7.614909074500944e+00,3.284588625987820e-11,9.417055589239674e+09,REACHED_FORCE,REACHED_FORCE,,1,1,1,1,1,1,,,,7.064327474270390e-10,8.298752517923532e-17,6.878384648282382e-10,6.915627098269609e-17,,,2.102216648618214e-23,2.030805273098487e-23,,solution good enough for the tolerances given,solution good enough for the tolerances given,,2.102216648618214e-23,2.030805273098487e-23,,7.064327474270390e-10,4.789819300814373e-25,6.878384648282382e-10,4.727070576349556e-25,,,8.298752517923532e-17,6.915627098269609e-17,,1.581452096475352e-04,2.872135245061414e+00,2.028338483552000e-11,3.236440998290320e-11,3.437693227642274e+08,0.000000000000000e+00,1.396361085491434e-02,-1.000000000000014e+00,1.505694245105530e-14,-1.376676550535194e-14,10,1.000000000000014e+00,1.000000000000010e+00,1.000000000000000e+00,9.999999999999987e-01,9.999999999999987e-01,9.999999999999973e-01,9.999999999999840e-01,9.999999999999833e-01,9.999999999999789e-01,9.999999999999774e-01,1.099953546674830e-57,8.902429631865597e-226,4.907512214486995e-170,8.968686170521016e-58,9.064472207332162e-29,2.886748740849865e-141,4.267965140433317e-226,1.000000000000000e+00,5.090640941351312e-58,8.450510922838079e-170,NaN,NaN,NaN,NaN,0,NaN,NaN,NaN,NaN,NaN,NaN,NaN,NaN,NaN,NaN,NaN,NaN,NaN,NaN,NaN,NaN,NaN,NaN,NaN,NaN,1.618509440001440e-02,-1.000000000000012e+00,1.432905512316117e-14,-1.199040866595169e-14,10,1.000000000000012e+00,1.000000000000008e+00,1.000000000000008e+00,1.000000000000004e+00,1.000000000000003e+00,9.999999999999980e-01,9.999999999999976e-01,9.999999999999905e-01,9.999999999999827e-01,9.999999999999805e-01,8.948257659013844e-86,3.237396510315986e-170,2.339624877007851e-198,2.053528422454302e-114,1.695511641235913e-57,1.008534430716652e-226,8.485632511164468e-29,1.078361665558636e-254,1.000000000000000e+00,1.245098858890485e-114,NaN,NaN,NaN,NaN,0,NaN,NaN,NaN,NaN,NaN,NaN,NaN,NaN,NaN,NaN,NaN,NaN,NaN,NaN,NaN,NaN,NaN,NaN,NaN,NaN,false
9,1.000000000000000e+16,0,4,CONTINUE,4.918713453856015e-10,4.976409982992465e-12,1.000000000000000e-09,7.865268416024314e-12,2.220446050164445e-14,1.407374883553270e-02,-1.000000000000019e+00,9.898875175561566e-01,,,1.057001582982321e-08,1.593341281921129e-09,7.614909074500908e+00,3.284588625987820e-11,9.417055589239674e+09,REACHED_FORCE,REACHED_FORCE,,1,1,1,1,1,1,,,,1.671210456550199e-09,8.679112008328360e-16,1.872108697456184e-09,9.820190479542846e-16,,,1.601457684007227e-23,1.614391294164788e-23,,solution good enough for the tolerances given,solution good enough for the tolerances given,,1.601457684007227e-23,1.614391294164788e-23,,1.671210456550199e-09,2.750485755707817e-25,1.872108697456184e-09,2.949190049846404e-25,,,8.679112008328360e-16,9.820190479542846e-16,,8.892768996858843e-05,2.872135245061414e+00,2.028338483552000e-11,3.236440998290320e-11,3.437693227642274e+08,0.000000000000000e+00,1.407374883553270e-02,-1.000000000000019e+00,1.104490862868586e-14,-1.909583602355269e-14,10,1.000000000000019e+00,1.000000000000017e+00,1.000000000000006e+00,1.000000000000002e+00,9.999999999999984e-01,9.999999999999951e-01,9.999999999999951e-01,9.999999999999942e-01,9.999999999999940e-01,9.999999999999929e-01,5.756213239764978e-01,1.824649069194085e-114,6.000068485944341e-255,6.164728362023874e-227,3.092490518576396e-170,1.151408988195762e-198,1.799495742453165e-85,1.622430387436660e-114,4.333194395598261e-57,4.243786760235025e-01,NaN,NaN,NaN,NaN,0,NaN,NaN,NaN,NaN,NaN,NaN,NaN,NaN,NaN,NaN,NaN,NaN,NaN,NaN,NaN,NaN,NaN,NaN,NaN,NaN,8.339999309945263e-03,-1.000000000000022e+00,9.756569083563996e-15,-2.220446049250313e-14,10,1.000000000000022e+00,1.000000000000022e+00,1.000000000000021e+00,1.000000000000021e+00,9.999999999999978e-01,9.999999999999958e-01,9.999999999999938e-01,9.999999999999925e-01,9.999999999999887e-01,9.999999999999880e-01,5.386114424566400e-58,9.039166281906555e-142,1.567198802701142e-225,5.465570568941672e-01,3.440397139757783e-197,3.056564942770602e-57,1.667337804093943e-141,4.534429431058327e-01,2.538792063293652e-58,2.053632558433172e-225,NaN,NaN,NaN,NaN,0,NaN,NaN,NaN,NaN,NaN,NaN,NaN,NaN,NaN,NaN,NaN,NaN,NaN,NaN,NaN,NaN,NaN,NaN,NaN,NaN,false
9,3.162000000000000e+16,0,4,CONTINUE,4.918713453856015e-10,5.391532781618340e-12,1.000000000000000e-09,7.865268416024314e-12,2.220446050164445e-14,4.911338990349263e-03,-1.000000000000032e+00,9.890362740493067e-01,,,1.057001581496900e-08,1.592883650578363e-09,7.614909074500650e+00,3.284588625987820e-11,9.417055589239674e+09,REACHED_FORCE,REACHED_FORCE,,1,1,1,1,1,1,,,,7.776506019206282e-09,5.968186185806673e-15,8.040144558212446e-09,5.608573576696653e-15,,,1.635819949394505e-23,1.603347746808573e-23,,solution good enough for the tolerances given,solution good enough for the tolerances given,,1.635819949394505e-23,1.603347746808573e-23,,7.776506019206282e-09,3.158352464729128e-25,8.040144558212446e-09,3.048542196915698e-25,,,5.968186185806673e-15,5.608573576696653e-15,,5.000989725771632e-05,2.872135245061414e+00,2.028338483552000e-11,3.236440998290320e-11,3.437693227642274e+08,0.000000000000000e+00,4.911338990349263e-03,-1.000000000000032e+00,1.766461737244946e-14,-3.241851231905457e-14,10,1.000000000000032e+00,1.000000000000030e+00,1.000000000000030e+00,1.000000000000008e+00,1.000000000000001e+00,1.000000000000000e+00,9.999999999999987e-01,9.999999999999969e-01,9.999999999999956e-01,9.999999999999936e-01,4.177807465193263e-170,4.362127054443659e-01,1.349720210969735e-85,3.596333891191066e-253,8.160633383158657e-141,2.679286305966205e-56,4.237398063392570e-85,1.716945356801552e-169,5.637872945556339e-01,3.484395648864130e-171,NaN,NaN,NaN,NaN,0,NaN,NaN,NaN,NaN,NaN,NaN,NaN,NaN,NaN,NaN,NaN,NaN,NaN,NaN,NaN,NaN,NaN,NaN,NaN,NaN,3.652021300516110e-03,-1.000000000000033e+00,7.937937727954923e-15,-3.330669073875470e-14,10,1.000000000000033e+00,1.000000000000031e+00,1.000000000000029e+00,1.000000000000004e+00,9.999999999999993e-01,9.999999999999982e-01,9.999999999999964e-01,9.999999999999942e-01,9.999999999999942e-01,9.999999999999913e-01,5.419192583127131e-170,3.068728951046901e-01,2.734560853441634e-85,2.935344093911144e-56,1.478627199737905e-140,8.389094186359912e-85,5.018582184469439e-169,1.669041726223700e-172,6.931271048953096e-01,1.907595478960675e-252,NaN,NaN,NaN,NaN,0,NaN,NaN,NaN,NaN,NaN,NaN,NaN,NaN,NaN,NaN,NaN,NaN,NaN,NaN,NaN,NaN,NaN,NaN,NaN,NaN,false
9,1.000000000000000e+17,0,4,CONTINUE,4.918713453856015e-10,1.706985640260636e-11,1.000000000000000e-09,7.865268416024314e-12,2.220446050164445e-14,1.072285625564394e-03,-1.000000000000052e+00,9.653594551230578e-01,,,1.056976873223197e-08,1.579159102437530e-09,7.614909074493806e+00,3.284588625987820e-11,9.417055589239674e+09,REACHED_FORCE,REACHED_FORCE,,1,1,1,1,1,1,,,,1.614155964691642e-08,9.607189164916141e-14,1.896951654699179e-08,9.309125636980721e-14,,,1.939905368146531e-23,1.996500300859851e-23,,solution good enough for the tolerances given,solution good enough for the tolerances given,,1.939905368146531e-23,1.996500300859851e-23,,1.614155964691642e-08,2.928273808358132e-25,1.896951654699179e-08,3.294308034402898e-25,,,9.607189164916141e-14,9.309125636980721e-14,,2.812139633384269e-05,2.872135245061414e+00,2.028338483552000e-11,3.236440998290320e-11,3.437693227642274e+08,0.000000000000000e+00,1.072285625564394e-03,-1.000000000000052e+00,6.562840200029506e-15,-5.195843755245733e-14,10,1.000000000000052e+00,1.000000000000052e+00,1.000000000000051e+00,1.000000000000051e+00,1.000000000000000e+00,9.999999999999991e-01,9.999999999999991e-01,9.999999999999978e-01,9.999999999999960e-01,9.999999999999907e-01,7.257076945600731e-85,1.922931491928886e-141,1.074905830248496e-224,6.976182988545788e-01,1.327555286296662e-196,2.313481097891238e-141,2.246972598089612e-56,8.046292548890224e-86,2.163243496190063e-225,3.023817011454213e-01,NaN,NaN,NaN,NaN,0,NaN,NaN,NaN,NaN,NaN,NaN,NaN,NaN,NaN,NaN,NaN,NaN,NaN,NaN,NaN,NaN,NaN,NaN,NaN,NaN,1.023545369856921e-03,-1.000000000000054e+00,1.460752783602311e-14,-5.373479439185758e-14,10,1.000000000000054e+00,1.000000000000053e+00,1.000000000000053e+00,1.000000000000052e+00,1.000000000000001e+00,9.999999999999991e-01,9.999999999999964e-01,9.999999999999938e-01,9.999999999999922e-01,9.999999999999902e-01,1.719045766229407e-196,3.890559029321711e-57,2.133477916299300e-113,6.556984686203756e-01,1.444082511084028e-196,1.008278080080969e-56,2.635097465243700e-113,5.094088676099338e-196,3.180221827496020e-112,3.443015313796243e-01,NaN,NaN,NaN,NaN,0,NaN,NaN,NaN,NaN,NaN,NaN,NaN,NaN,NaN,NaN,NaN,NaN,NaN,NaN,NaN,NaN,NaN,NaN,NaN,NaN,false
9,3.162000000000000e+17,0,4,CONTINUE,4.918713453856015e-10,8.619639253927896e-11,1.000000000000000e-09,7.865268416024314e-12,2.220446050164445e-14,6.474037760005857e-04,-1.000000000000049e+00,8.319456339510521e-01,,,1.053041996326403e-08,1.446742811577769e-09,7.614909074447190e+00,3.284588625987820e-11,9.417055589239674e+09,REACHED_FORCE,REACHED_FORCE,,1,1,1,1,1,1,,,,6.825443781461997e-08,7.596265340043408e-13,9.969073636649458e-08,7.350743004589686e-13,,,2.048523006302965e-23,2.090000114027930e-23,,solution good enough for the tolerances given,solution good enough for the tolerances given,,2.048523006302965e-23,2.090000114027930e-23,,6.825443781461997e-08,3.723090984912482e-25,9.969073636649458e-08,3.974085882771750e-25,,,7.596265340043408e-13,7.350743004589686e-13,,1.581450166880287e-05,2.872135245061414e+00,2.028338483552000e-11,3.236440998290320e-11,3.437693227642274e+08,0.000000000000000e+00,6.474037760005857e-04,-1.000000000000049e+00,1.491564241001774e-14,-4.929390229335695e-14,10,1.000000000000049e+00,1.000000000000048e+00,1.000000000000048e+00,1.000000000000002e+00,1.000000000000002e+00,9.999999999999996e-01,9.999999999999987e-01,9.999999999999987e-01,9.999999999999969e-01,9.999999999999951e-01,3.162811234239946e-169,1.130266269721120e-84,6.710083926230471e-01,8.080373215825107e-252,3.470891575196031e-56,1.777939301354556e-168,6.777306798010292e-171,6.594726228855480e-85,5.446736099873127e-140,3.289916073769530e-01,NaN,NaN,NaN,NaN,0,NaN,NaN,NaN,NaN,NaN,NaN,NaN,NaN,NaN,NaN,NaN,NaN,NaN,NaN,NaN,NaN,NaN,NaN,NaN,NaN,3.956356408892456e-04,-1.000000000000051e+00,2.787491319115929e-14,-5.107025913275720e-14,10,1.000000000000051e+00,1.000000000000049e+00,1.000000000000049e+00,1.000000000000026e+00,1.000000000000003e+00,9.999999999999958e-01,9.999999999999956e-01,9.999999999999947e-01,9.999999999999933e-01,9.999999999999920e-01,3.373279088038477e-57,6.106342458594969e-01,1.073378501069488e-140,5.679191320185121e-252,1.714915415144236e-56,2.622421862468679e-195,2.155040659616817e-56,3.893657541405030e-01,7.594276101910851e-224,4.634654883832684e-140,NaN,NaN,NaN,NaN,0,NaN,NaN,NaN,NaN,NaN,NaN,NaN,NaN,NaN,NaN,NaN,NaN,NaN,NaN,NaN,NaN,NaN,NaN,NaN,NaN,false
9,1.000000000000000e+18,0,4,CONTINUE,4.918713453856015e-10,6.108667025289645e-11,1.000000000000000e-09,7.865268416024314e-12,2.220446050164445e-14,3.752999689475403e-04,-1.000000000000016e+00,8.717801502245691e-01,,,1.054952698838670e-08,1.573280270524872e-09,7.614909074472774e+00,3.284588625987820e-11,9.417055589239674e+09,REACHED_FORCE,REACHED_FORCE,,1,1,1,1,1,1,,,,2.208813287246563e-07,1.046874584700876e-12,1.808130691401276e-07,1.250127537113550e-12,,,9.143887066734615e-24,8.903932440255055e-24,,solution good enough for the tolerances given,solution good enough for the tolerances given,,9.143887066734615e-24,8.903932440255055e-24,,2.208813287246563e-07,1.966126699897603e-25,1.808130691401276e-07,1.924294216921058e-25,,,1.046874584700876e-12,1.250127537113550e-12,,8.892774476909876e-06,2.872135245061414e+00,2.028338483552000e-11,3.236440998290320e-11,3.437693227642274e+08,0.000000000000000e+00,3.752999689475403e-04,-1.000000000000016e+00,5.793533386491488e-15,-1.598721155460225e-14,10,1.000000000000016e+00,1.000000000000016e+00,1.000000000000008e+00,1.000000000000004e+00,1.000000000000003e+00,1.000000000000000e+00,9.999999999999996e-01,9.999999999999991e-01,9.999999999999982e-01,9.999999999999973e-01,4.087679055069034e-29,6.034565874106011e-115,1.873362236204581e-228,2.906373528125132e-200,3.747678545723773e-86,1.000000000000000e+00,1.165812981947579e-171,2.581809444017774e-115,1.119398657543638e-256,1.659331558779102e-29,NaN,NaN,NaN,NaN,0,NaN,NaN,NaN,NaN,NaN,NaN,NaN,NaN,NaN,NaN,NaN,NaN,NaN,NaN,NaN,NaN,NaN,NaN,NaN,NaN,6.085945442392462e-05,-1.000000000000022e+00,1.320429143877343e-14,-2.176037128265307e-14,10,1.000000000000022e+00,1.000000000000018e+00,1.000000000000006e+00,1.000000000000003e+00,9.999999999999998e-01,9.999999999999973e-01,9.999999999999936e-01,9.999999999999933e-01,9.999999999999920e-01,9.999999999999836e-01,1.011825047384330e-170,2.080851034156924e-114,4.798617633864605e-29,3.505339601011465e-57,1.000000000000000e+00,5.890037423427022e-86,9.915407203765869e-254,7.307875026071428e-171,1.569404353869551e-114,1.583807830950015e-170,NaN,NaN,NaN,NaN,0,NaN,NaN,NaN,NaN,NaN,NaN,NaN,NaN,NaN,NaN,NaN,NaN,NaN,NaN,NaN,NaN,NaN,NaN,NaN,NaN,false
