Column1
0.32061340680780426
0.2993833376401188
0.2885301253836397
0.28562538604985394
0.2804774777164281
0.27647029652941474
0.27348501048761953
0.27072368312272044
0.2705577123715977
0.2695441427973322
0.2677814216601065
0.2658861751145229
0.261662022409315
0.26086401884968796
0.2599320650925558
0.25889982483985996
0.2583308964563449
0.2554626776093031
0.25539769073586494
0.2546608624302246
0.25444685266442324
0.25401279306647273
0.24580101764966067
0.24177542631548482
0.2391149471888153
0.23305336519939307
0.232626768219167
0.23203088110185047
0.2318491918436736
0.23166021069324724
0.23126913546465774
0.23094253312429308
0.22890495779390468
0.22695178812610373
0.22703710281438505
0.22655580651901117
0.2265060492708156
0.22540740483563687
0.22496072776771714
0.22075365172114125
0.2186268888480951
0.21846785420644835
0.21638701124355395
0.21564813986424292
0.21304896297298215
0.2129786838908267
0.2121529513063959
0.2101133609610834
0.20951548517028648
0.20847133271178117
0.20817477048204377
0.2076534492408947
0.2071377399973692
0.2064319528037174
0.20591810563483207
0.2046047395485375
0.20204406949419187
0.20118248414651402
0.1991431497926912
0.19868148795373777
0.19840067797703154
0.19713347806474038
0.19605681547219234
0.1957521726986736
0.1948331227547679
0.1937213365403685
0.1932954075056968
0.19160938589822282
0.1905014450651377
0.18933031834937972
0.189074817023408
0.18786805112674562
0.1874705412739802
0.18713706782837608
0.18664576204511735
0.1858521399286864
0.18565661847227113
0.18562888305819994
0.18528790088031039
0.18409960494086305
0.18404180189108804
0.18335012706295487
0.1833592521233951
0.1812472510245647
0.18067630816059732
0.18038758181280518
0.17964013595695222
0.1785313432437765
0.1784447280939647
0.17650243059204182
0.1762119453393918
0.17571022908132594
0.17541360154011662
0.17466499145992204
0.1736978610173112
0.1735057344701175
0.17336361293979263
0.17325396413204242
0.17294886781078858
0.17209530559989544
0.17195422119911222
0.17179150689253467
0.1708095119443694
0.1702206329787332
0.17007363576279144
0.1699930111155692
0.16951234554355313
0.1693661915811702
0.16927665966470326
0.16872961595650693
0.16679885364438907
0.16663776316721543
0.1659974490695243
0.16521253281702292
0.16520465965744185
0.16406020276397254
0.1639330804212542
0.1637055284569434
0.16365086514428773
0.16331765713852325
0.16221859510956235
0.16214494379994135
0.16050494809918847
0.1602310296979801
0.1601468184031015
0.16007739212886332
0.1599171870877446
0.15833695962912664
0.15790728161595594
0.1576413424650159
0.15717010193808964
0.15647233370797872
0.15639494701464715
0.1563191646561577
0.15614834665021463
0.15496515111726397
0.15448177544730562
0.15430463832158423
0.15422647201558912
0.15314901292657424
0.15296862181513715
0.15220618455511672
0.15216592888567143
0.1509171631061904
0.15017688339852064
0.15019959675721067
0.150164717696413
0.15008341740380282
0.14893575363350234
0.14884687758568013
0.14824488944822786
0.14734499185228608
0.14720348466691854
0.1471729280605071
0.1467736543171542
0.1467121607793752
0.14662184478089296
0.14664943414118745
0.14633439473707968
0.14622106887967612
0.14590631712619836
0.14585123927904897
0.14556493517107594
0.1455679721991555
0.14513235469243704
0.1451033125302009
0.14514817030056823
0.14506735395821052
0.1445285355202544
0.14448986015855575
0.14311633251524736
0.14307226074791346
0.14272609869061775
0.14266045741506495
0.1418488105753495
0.14173750521298384
0.14139706214566147
0.14108715078680864
0.14068969815743665
0.14061825000706946
0.14037531291366603
0.14034661723007813
0.1402995996039515
0.14024986003242054
0.1395390024559242
0.1389867329605289
0.13890885202458725
0.13886265346199417
0.13837353157536303
0.13831802841033505
0.13800421067906243
0.13794004640538127
0.13727648723457916
0.13661614439059075
0.13619484176977956
0.13619801278919083
0.1361861455116532
0.13572621229543877
0.1352686771074058
0.13527366671803534
0.13522837718389966
0.1351769441123815
0.13511571748979498
0.13484916682926504
0.1344971793262867
0.13419931029265078
0.1335784590633161
0.1335413825541191
0.13330181616564507
0.13326832044760986
0.13326557212591517
0.1332224085896265
0.13316973742693075
0.13317395538029778
0.13279541086936061
0.1327630506671993
0.132740990185454
0.13275988340192557
0.13249195128262448
0.13249890532712888
0.1314026776813659
0.13093233441510457
0.1305219108823308
0.13025979468485135
0.13025435841996247
0.13020717272491403
0.13021472605436765
0.13021430392177422
0.130048849588127
0.12984824829649358
0.12944590946284282
0.12945793488916735
0.1294175038337272
0.12920562093212445
0.1292107251640602
0.12900266686025616
0.12900184788800126
0.12827038653573383
0.1282976916259379
0.12829359674054258
0.12825799004644656
0.12794059214388948
0.12793453809634292
0.1279475555929048
0.12770239538300296
0.12745691356550062
0.12745776376313447
0.12742124055125315
0.12700600491598524
0.12699742691178262
0.1269641955142884
0.12676031896129542
0.12637931451289644
0.1263460616237685
0.12633403138446556
0.1261617124272232
0.1259576344238711
0.12594439603233018
0.12532744489307363
0.1253193984044081
0.12496628015792963
0.12450127072225968
0.12422846771509596
0.12423890082317826
0.12421741297911483
0.12421492739818349
0.12419425127337351
0.12416850147959373
0.12389331717537586
0.1238635690131548
0.12352303184592042
0.1233989824391643
0.12337191278449579
0.12309853448974681
0.12309891946021086
0.1230893423725149
0.12309836757740769
0.12309511795296273
0.122721859253346
0.12243231936740052
0.1223637410538676
0.12237537514676639
0.12236697595804352
0.12195328452100998
0.12171100395110312
0.1217162977978286
0.12152171180991822
0.12134294057094941
0.12133918625073734
0.12120359671662619
0.12119507685888084
0.12109170599966136
0.12108100172378529
0.12106942161024044
0.12106238832414784
0.12106309286540906
0.1210578602819447
0.12084097483112394
0.12076952459601219
0.12061315428073471
0.1202054954444745
0.12009813590437815
0.1200705032718812
0.11991733896402669
0.1197780191130238
0.11925947309062351
0.11902559459887725
0.1190004436909841
0.11897638886699158
0.11887464640384883
0.11885935841973612
0.1188540102943804
0.11885931892164384
0.11877697951993736
0.11877236052600694
0.1186960955127043
0.11870336286743641
0.11869059346236698
0.11840018722512502
0.11840910456739508
0.11835077085140415
0.11810779641990943
0.11811243358862343
0.11798272446880774
0.11795521057259774
0.11781460274987146
0.11779566266072614
0.11750819742615275
0.11749879673399438
0.11748107438933783
0.11740482375125305
0.11713557925384444
0.11712745145147395
0.11686346032861403
0.11688076279695851
0.11686801920917735
0.11664281621430446
0.11645546463156009
0.11644596303612381
0.11624479680686514
0.11624581726901484
0.11624335536010874
0.11613958947664234
0.11593775747320681
0.11593397688127972
0.11593120020922873
0.11560840262836002
0.11549918710774953
0.11549076316595944
0.11548156218717615
0.11540302980437099
0.11534053472586804
0.11533998614919734
0.11518549398094938
0.11510561287668301
0.1151110673404699
0.11510128244820735
0.1148819212775949
0.11488264533500533
0.11487891725735028
0.11489423800331992
0.11489480784793074
0.11490021180398566
0.11490662781864577
0.11490998001714445
0.11472584338981762
0.11473106853162929
0.11460518149748851
0.11455476015885405
0.11435232269566496
0.11425801751875474
0.11410968106141835
0.11410537751780647
0.11407913709519811
0.11407321109508742
0.11407179056777622
0.11407320662880376
0.11394741600605796
0.11393902439067094
0.11393133269149487
0.11392409364362921
0.11392397177246559
0.11391542199718745
0.11365289546764462
0.11365628312424421
0.11359388042897874
0.11359307297068114
0.11342550991378142
0.11322176185093494
0.11323020236873917
0.11322653394871651
0.113182874110659
0.11313891574681537
0.11301397362287618
0.11300414136123901
0.11300032333424409
0.1128411829104621
0.11284822027425324
0.1126524591008065
0.11259004631882918
0.1125933084762782
0.11251610242118079
0.11251980990443197
0.1125225922125935
0.11245007157056788
0.11245484955075688
0.11245304938555088
0.11241592589297815
0.11235304500488862
0.11235816689003164
0.11227834343883877
0.11222130621495684
0.11221995329138594
0.11222022935055885
0.1122244276003535
0.11222049494578083
0.11212145917922206
0.11211513860472823
0.11212103905817568
0.11212768896850552
0.11204540912441568
0.11199368629623326
0.11199527253978321
0.1117848043115131
0.11171488017603323
0.1115352163584256
0.11148003489884006
0.111432516502134
0.11139353585805588
0.11138967633252993
0.11129370944356688
0.11130258608513216
0.11126373384117273
0.1111220579884166
0.11113528971223068
0.11113629571281668
0.11113673654752027
0.11114562573001795
0.11109230076898405
0.11077589593775809
0.11078093878109718
0.11079240350900564
0.11073862295419029
0.11073701981324549
0.11073909692643309
0.1107412790414153
0.11067930730578285
0.11068564624313713
0.11068481553300026
0.11049357450164748
0.11034242911039574
0.11034298273927454
0.11034253524705731
0.11018784299795294
0.1101443444454526
0.1101420856806328
0.11009609885776654
0.11003330166868187
0.11003862307633974
0.11003415007382147
0.10975428013194159
0.10951559178943125
0.10943841423686276
0.10943797141605799
0.1094335998218539
0.10932691450784202
0.10933461586575462
0.10924366232861141
0.10920412886673148
0.10921856728181109
0.10922442938511748
0.10922970858139502
0.1090559550880688
0.10905972213484091
0.10905983372932256
0.1090319050938983
0.1090310330197392
0.10903207736623753
0.10899605320708068
0.10899519693076037
0.10891961346104168
0.1089086185861166
0.1088676647868543
0.10886189233735122
0.108861950664372
0.10885895579727091
0.1088586162070158
0.10885438730469096
0.10881769571567554
0.10860316246999215
0.1086028387911227
0.10851196451562771
0.10850384305009057
0.10830026215651203
0.10829686070555715
0.10830315643970366
0.10829592675415152
0.10829929932089077
0.10829818757313903
0.10825361088581537
0.10825610959354814
0.1082560265739866
0.1081787776626192
0.10818015009856731
0.10818819385161622
0.10818775543291212
0.108190285489103
0.10807725732759367
0.10803179407899274
0.10803654804664019
0.10803512964320103
0.10799825576670023
0.10799760398775118
0.10795570071507767
0.10788041341755868
0.10788807381790247
0.10784629085004195
0.10780510997849203
0.1077687518209855
0.10774436198380374
0.10774904643076579
0.10775638092859449
0.10775279374177214
0.10773594664798712
0.10773998443045801
0.10770521274427663
0.10770654003236259
0.10771379878363255
0.1077171556097711
0.10772128169092289
0.10772096155274255
0.10772419569772021
0.10765432892795575
0.10761332219354122
0.10761494172473876
0.10761424357536124
0.10746368175766269
0.10746132933459554
0.10742978639512872
0.10743101805946402
0.10742835137916876
0.10740454251029002
0.10733475073110278
0.10730313665149384
0.10727494189709104
0.1072480659836423
0.10714987928208773
0.10715231660576424
0.10715007422267339
0.10715082199159696
0.10714735847830392
0.10714366875152599
0.1071432240833398
0.1071456050033955
0.10711370809297875
0.10711397891238446
0.10707643385481423
0.10692103232658348
0.10687485209769589
0.10678016971644787
0.1067784579097601
0.10672623300342485
0.10672483126765159
0.10664390371594919
0.106641919747092
0.1066235197214317
0.10660024488708493
0.10660445556540514
0.10660908367710178
0.10652788371687677
0.10653423221081032
0.10652915677789902
0.10650499270251808
0.10650639040277621
0.10648090112516588
0.10647150252769327
0.10647608959837863
0.10647636359044628
0.10645806744666814
0.10641227755391706
0.10637682348512272
0.10630971357190049
0.10627895681845737
0.10617649597414697
0.10616340246742606
0.10615898916925992
0.10616039048143287
0.10615910494636767
0.10608421879888442
0.10608178810080361
0.1060524492718405
0.10605551913929984
0.1060252233438059
0.10603019972235524
0.10594686255801457
0.10589820394460144
0.10587351820307582
0.1058724028085725
0.10583651546083112
0.10583565409776906
0.10582857316062382
0.10582637137732262
0.10580343767157983
0.10579908320708227
0.10574674380708315
0.10574441497189199
0.10572488737067033
0.10572624399321824
0.1057022981487663
0.10569652278433929
0.10568880926509051
0.10568645734445359
0.10569087092944894
0.10557337108804517
0.10557250570760639
0.10553776546272882
0.10553668537616072
0.10553882722403597
0.10554237635306435
0.10554126245427915
0.10550707620622088
0.10550557174400368
0.10550278125335971
0.10550193907372282
0.10550156127641316
0.10549772617272592
0.1054723948664656
0.10547306715379914
0.1053917076264852
0.1053745114645663
0.10536114438610197
0.10532175367164161
0.10531693505508116
0.10531379051064348
0.10531229203573403
0.10531034460110647
0.10531242701416413
0.10530168501984004
0.10522931805129174
0.10522718860794138
0.10522846435908373
0.10522256545223778
0.10522502422829882
0.10522037607894417
0.10519768394404039
0.1051988554916073
0.10519548956065929
0.10516394076372818
0.10515588460782156
0.10515952905474683
0.10512381840084593
0.10512445691625173
0.1051122046900656
0.10507296900140849
0.10507414422717476
0.10501728983718926
0.10501753182383283
0.10499349480230293
0.10499433466842284
0.10499544776900709
0.10496769922809963
0.10493110470236289
0.10490969009016217
0.10490139210393959
0.10486829863746179
0.10485378969199786
0.10484791983898108
0.1048396907854077
0.104837557764305
0.10483405726543268
0.10481172897527753
0.10479837571064504
0.10479335460637955
0.10478463767964317
0.10474949234845067
0.10467511557111249
0.10467219258097862
0.10467008992251042
0.10466216984669827
0.10464440335334192
0.10463963130640029
0.1046368534294129
0.10463577984588025
0.10460808962655195
0.10460287358172439
0.1045873091595916
0.10455857801876602
0.10454521993778668
0.10454292751308952
0.10454383771083181
0.10453229219062692
0.10452691334734379
0.1045302302716195
0.10453067149587068
0.10449850172611641
0.10449763304430502
0.10449543366750826
0.10447745591446397
0.104474760690043
0.1044751286743881
0.10446245994737095
0.10445999454201088
0.10445864732630494
0.1044067373890372
0.10440645083824765
0.10441148713250636
0.10441003701066075
0.10441335505779038
0.10437484582370304
0.10436166176561013
0.10436236505911937
0.10437119748977428
0.10437366621401192
0.10436380530785028
0.1043418057930174
0.10429594903415375
0.10428218819939224
0.10428430350103846
0.10428146997162965
0.10428501999388204
0.10428444760100525
0.10428302260930432
0.10429188503419215
0.10427360464733783
0.10427563255500095
0.10427374480638905
0.10427946235985085
0.10428102009909615
0.10426112158169445
0.10425454450364136
0.10420557551228304
0.10419968904397146
0.10419946293741675
0.10419719935479188
0.10418497591539466
0.10417719587562244
0.10417831668342849
0.10415906659650422
0.10413414380770462
0.10412240924987008
0.10412587151990527
0.1041022115764114
0.10410126417015575
0.10410024249551783
0.10409827465444857
0.10409253121634802
0.10409015966063917
0.10409062949302891
0.10409420904717585
0.10409177495825561
0.1040923699995654
0.1040891328502006
0.10408808520280202
0.10409081300139447
0.10408617243537104
0.1040780280459526
0.10405725542968354
0.10405962293975164
0.10404004665614998
0.10398292613559104
0.1039816612783533
0.10395036302631558
0.10394468929726819
0.103940552602238
0.10392546969001917
0.10392270173964878
0.10391254753312734
0.1039116164045848
0.10391439212859994
0.10391080308745676
0.10391077867251855
0.10390644565905774
0.10389148399390039
0.10389032754593978
0.10389540654354518
0.10388776487643706
0.10386183807990879
0.10385904935103629
0.10385477523622522
0.1038584594116444
0.10383836481913931
0.10384106509264313
0.10384137747303403
0.10384323016480748
0.10384111686526665
0.10384219241579645
0.10377925676739473
0.10377961064930816
0.10377861015219067
0.1037749695497694
0.10377751876368903
0.10376798990266202
0.10376802807211902
0.10376405303758326
0.10375597844456054
0.10373643294924753
0.10373205783256727
0.10373452251205123
0.10373435975642456
0.10373342735232145
0.10372470392362289
0.10372348849847529
0.10372413319125239
0.10372537425580691
0.10372520060726809
0.10372324918767632
0.10370949512841024
0.10371127438097642
0.1037095390979662
0.103705338525935
0.10370718551310869
0.10370381495912354
0.10369685041003314
0.10368115662352234
0.10367961052096947
0.10364073831194454
0.10364147675554768
0.10363106105181577
0.10363921621550196
0.10363457103772022
0.10363649742454221
0.10363624662900998
0.10363525732569528
0.10363794129908736
0.1036380182283176
0.10363886426148654
0.10362549686339925
0.10362422623624656
0.1036122029951363
0.10360587522347729
0.10360182130562098
0.10358543180487254
0.10358174027399197
0.10356478382676346
0.10356417443196271
0.10356348594141299
0.10357149194334804
0.10356475640174684
0.10356569812547309
0.10356086430432211
0.1035611199370069
0.10355644522517732
0.10355736072346902
0.10356394159679516
0.10352502374226168
0.103525099050436
0.10352429544364049
0.1035264610886484
0.10349344435113368
0.10349357942635552
0.10345430831527673
0.10343943796431204
0.10343953721427658
0.10340632987348485
0.10340858352029686
0.10340342761386914
0.10340582548357524
0.10340823823473062
0.10340657066245831
0.10340902353044303
0.10339128892616632
0.10339127885219562
0.10337398522367887
0.10336855208542489
0.1033761625443431
0.10337421521745274
0.10336105538704977
0.10336122251525923
0.10336352179566125
0.10336128815335739
0.10336344192265207
0.10336188335024703
0.10336305022605692
0.10336357755708114
0.10336077990672254
0.1033601380529167
0.10334511306642179
0.1033448230239554
0.103340075214938
0.10334113740484673
0.10335038586163887
0.10331707179612705
0.10328638117290166
0.10328357454161774
0.10328154775282711
0.10328463182650294
0.10328340383843246
0.10327222622377946
0.10327018479792283
0.10325861429820844
0.10326587543745243
0.10326613657194617
0.10326523938614335
0.10326492553412941
0.10326436805442649
0.10326559561446537
0.1032677314726459
0.10322499525211719
0.1032252516561628
0.10322754220810094
0.10318636691244987
0.10318317334111848
0.10316746235534877
0.10316719304685444
0.10316634127969627
0.1031613729410434
0.10316010618694703
0.10316240249381158
0.10316131278838377
0.10316334825052145
0.10316952158809738
0.10316958602901707
0.10317034928674472
0.10316142688446375
0.10315049584468988
0.10313643562110693
0.10312476723469355
0.103094293056915
0.10309846636509397
0.10309936175454316
0.10309742568892794
0.10309673866864849
0.10309951892679536
0.1030955677729286
0.1030943824659418
0.10309213064296906
0.10309120015431204
0.10306593148921857
0.10306278188749451
0.1030631258036987
0.10306294010460221
0.10306893850533712
0.1030698061636302
0.1030588371073429
0.10305621595005225
0.1030454910379034
0.10303697366591456
0.10303219044744354
0.10303136567658291
0.10301715639389412
0.10300490461574106
0.10300532282836009
0.10300620361690684
0.1030045456275956
0.10300346716431108
0.10300418792274108
0.10300448131206996
0.10300452992448314
0.10300453625070045
0.1030029227939067
0.10297857292827022
0.10297839906749763
0.10297909338025724
0.10297913054839353
0.10298379587749817
0.10298459677321274
0.10298604862207818
0.10298964428622877
0.1029873880082518
0.10298694126451478
0.10298950229992958
0.10298922188026903
0.10298246302316622
0.1029840047754919
0.10298054693408218
0.10298174203603461
0.10295666272967038
0.1029526633507837
0.10292335222060449
0.10293148585017335
0.10292852691235163
0.10292999919518024
0.10292003059778847
0.10291917561460447
0.10291270117902643
0.10291213701094519
0.10291181230764933
0.10291185880277981
0.10292010539424956
0.10291670707538403
0.10291503586064757
0.10291738647235062
0.10292616625472913
0.10292553705102782
0.102916275736011
0.10291512504447636
0.10291763878254215
0.10291612828405249
0.1029019239781
0.1028906474893807
0.10286109990937951
0.10286157255008631
0.10285866128826857
0.10285772884640751
0.10285822970171003
0.10285690636017884
0.10285594663288317
0.10286335622081713
0.10286607289455987
0.10286531566979937
0.10286566241166581
0.10286508791224831
0.10286078368295967
0.10286218040243435
0.10286002071519501
0.10285964876069449
0.10285850151934468
0.1028513101431023
0.10285030471895204
0.10285094184743483
0.10285123942258262
0.10283893341382049
0.10283934227705356
0.10283762182785311
0.10281767084102042
0.10281348495562571
0.10280201632673618
0.10280143454963238
0.1028011494990238
0.10280945187675937
0.10281103812641915
0.10280894967706956
0.10281122773912862
0.10281256967906817
0.10280168659152172
0.10280267293289763
0.10280296893394937
0.10279220824649245
0.10279215353787659
0.10279228187139947
0.10279174740965877
0.10278924880186273
0.10278749570839037
0.10278346191477784
0.10278195369761169
0.1027789943482522
0.10278097478503909
0.10277904572020462
0.10277945018450273
0.1027791029545068
0.1027773460013721
0.10277402797687117
0.1027739364133292
0.10275780709930447
0.102757711484015
0.10275802182577944
0.10274816979329152
0.10274723241180253
0.10274692727937773
0.10274819743273297
0.1027420911769363
0.10274168972871726
0.10275238874636429
0.10274731252434266
0.10274663688349847
0.102750371130534
0.10275961182003825
0.1027587976388398
0.10276108680376027
0.10276328693816078
0.1027639386572546
0.10276455000651873
0.10276521316352451
0.1027653811965862
0.10276630865518598
0.10276588908062884
0.10275657510339259
0.10275763066157023
0.10274989406131346
0.10274673844419076
0.10274643510537901
0.1027461411088552
0.10273096789779387
0.10272632776347795
0.10272777465427163
0.10272840857159968
0.1027116723304256
0.1027076890185095
0.10270932088668691
0.1027091174921886
0.1027078600713908
0.10270414655522862
0.1027039174827313
0.10271244812681836
0.10271279252641283
0.10271220760606561
0.10271409643341295
0.10269599732580181
0.1026890257130396
0.10268866081156537
0.10268712596362285
0.10269000448402514
0.10268855740373777
0.10268510293486813
0.10269335233670494
0.10269494009797564
0.1026941510360785
0.10269193928987333
0.10269123285931399
0.10269157803665467
0.10269182345463271
0.10269399817490203
0.10269383822389062
0.1026934896616291
0.10267930892140506
0.10267005754447871
0.10266882095968251
0.10266165709840598
0.10265558662835046
0.10264807851133194
0.10264658382503845
0.10264656694722535
0.10265491943457052
0.10265504881150468
0.10264072667674928
0.10263894595733357
0.10263243022540848
0.10263228490080964
0.10263155087633344
0.10263239023082706
0.10263260423063136
0.10263218069949974
0.10262481395060824
0.1026250823057627
0.10262390265586144
0.10262311590492047
0.10262241086454638
0.10262068619867894
0.1026178352843341
0.10261797490247797
0.10261814733982885
0.10261899650179873
0.10262007073446268
0.10261989045816146
0.10262770527224861
0.10261436043959223
0.10261485931471043
0.10260881113731891
0.10261059059007346
0.10260831109295585
0.10261667563995946
0.10261674259629647
0.10259955545886633
0.102600498593654
0.10260020326668487
0.10260083730484007
0.10260027172585287
0.10260128504157764
0.10260866646986173
0.10260959028156516
0.10261120011129553
0.10259965234353274
0.10260014733503817
0.10260007809351136
0.10260129737235062
0.10260138300095627
0.10260142217914377
0.10260268515924131
0.10260198699649951
0.10260329726111062
0.10260309141134008
0.10260445934802974
0.1026052604887255
0.10259916844119905
0.10259685247186183
0.10260463086017069
0.10260570557534113
0.10259045876429156
0.10258924327740451
0.1025766970776378
0.10257836229137682
0.10257752762027113
0.10257758507920753
0.10257760563504992
0.10258468700133845
0.10258461407175097
0.10258492972476445
0.1025873026728109
0.10258857525004456
0.10258817800931275
0.10258730418983224
0.10258725018340716
0.10258739938553231
0.10258730142211409
0.10258771678254358
0.10257585839041589
0.10257707693377034
0.10257703379813181
0.10257700938962852
0.10257644221332965
0.10257259653370016
0.10256075279135575
0.10255973984317576
0.10255007995784368
0.10253755530080134
0.10254595727924437
0.10254633975927506
0.10254576766831147
0.1025454545372763
0.1025374480800172
0.10253990500141962
0.10253902996818251
0.10254026431881909
0.10253955948158852
0.10253822146935342
0.10254069163899876
0.1025398015573008
0.1025463624451614
0.10254663906936408
0.10254693063865661
0.10253985376038269
0.10253873661543539
0.10253859995230089
0.10253859995230089
0.10253768449630456
0.10253881137448417
0.10253928395853841
0.10252930702203637
0.10252935440648989
0.10252364570112024
0.10252170042446174
0.10252124502973914
0.10252057017761154
0.10252822010593421
0.10252799182747903
0.10252581687254678
0.10251615983494294
0.10251672813501626
0.10251800020326024
0.1025240941976065
0.10252400271727743
0.1025236954252639
0.10252589847522822
0.10250844439363634
0.10250852314172654
0.10250207126019041
0.10250772145701223
0.10250886786918532
0.10250464293412419
0.10250551197355305
0.10250577426159803
0.10250600124124501
0.10250745562355494
0.10250687015456167
0.10250693767960206
0.10249939114450811
0.10249960041791105
0.10250617190527311
0.10250388708892576
0.10250448429759597
0.10249980555337265
0.10249812994292423
0.10249828342086939
0.10249799260654925
0.10249925125485757
0.10250112218533806
0.10249984390284955
0.10249050625091773
0.10248982238003111
0.10248319102315012
0.10248786492433
0.10248841693123331
0.10248792344149228
0.10248650288483048
0.10248670006042586
0.10248565766517725
0.10248605139060601
0.10248589552219657
0.10248492440807822
0.10248490869376656
0.10247814276254394
0.10247688299196418
0.10247664419263673
0.102471614898383
0.10248052683327193
0.1024730374086555
0.10247285866286358
0.10247499345243247
0.10247544530366436
0.10248224463451792
0.1024719780199495
0.10247328972088751
0.10247859390948134
0.10247990826100624
0.10248274324772051
0.10248331757267855
0.10248497493711799
0.10248601385177933
0.10248454039501244
0.10248897136701612
0.10248970446697082
0.1024894706593889
0.10248523620185589
0.1024840532243687
0.1024858674779535
0.10249086111764667
0.10248591457864677
0.10248646807803842
0.10247832160019672
0.10247755692182685
0.10248055207093237
0.10248109640700306
0.10247987730308908
0.10248096999377575
0.10248054063472233
0.10248182017426227
0.10248175996409353
0.10248219488977338
0.1024830046093523
0.10248421522581541
0.10248459443855018
0.10248409958392252
0.10248421353240929
0.10248453263786779
0.10247793236254056
0.1024735267203657
0.10247307746539536
0.10247310654503547
0.10247340697914883
0.1024726388053265
0.10247380016456796
0.10247406830395189
0.10246556458457323
0.10246179936259579
0.10245901514423615
0.10245962930706348
0.10245071100932802
0.1024501568732249
0.10245033937689713
0.10244936852014795
0.10244976568353606
0.10245811961769818
0.10246237628702723
0.10246343390542025
0.10246457928984799
0.10246517978730675
0.10245980806126914
0.10245378376152914
0.10245552724374889
0.10245482775910769
0.10245595168183745
0.102456286936566
0.1024561325433014
0.10245704260008359
0.10245740478616049
0.10246380091614028
0.10246443692484278
0.1024653020512891
0.10246501219350442
0.10246568889988984
0.10246243739327376
0.10246152617498235
0.10246840490676123
0.1024680511966423
0.10246070510347705
0.10246013813414658
0.10246443872738838
0.10246505277171994
0.10245955588478452
0.10245503948509344
0.10245739645628293
0.10245721743974708
0.10245629181862731
0.102457921843347
0.10245859686641022
0.10245821431588666
0.1024533936412439
0.10245346522002266
0.1024540475274171
0.10245417738346914
0.10245384305491716
0.10245527049617219
0.10245726339545799
0.102457834135823
0.10245921230231757
0.10245436658607085
0.10244769472908213
0.10245390482672713
0.10245358261583289
0.10245544432751313
0.10245548344759677
0.1024557311626956
0.10245666867365584
0.10245707091701749
0.10244990860308822
0.10245060586854392
0.102452201642035
0.10245238133420982
0.10245256726176254
0.10245712915720091
0.10246108113164121
0.10246331929088844
0.1024614463141074
0.10246205997072186
0.10245999935327929
0.10246142567894535
0.10246051783689825
0.10246233155227419
0.10246384167829421
0.10246463135945993
0.10246540072249728
0.10246456932313742
0.10246693101112646
0.10246664980391758
0.1024660798669968
0.10246055203948018
0.10245943836619557
0.10246112515135701
0.10246144784037005
0.10246065198445567
0.10246204678391782
0.10246526207290159
0.1024646550610377
0.10246460813599459
0.10246530931905933
0.1024552982231743
0.10245595776059123
0.10245900090665028
0.1024598078850148
0.10246263494304794
0.1024651946958403
0.10246478553514356
0.10246479074452362
0.10246428600869605
0.10246600556181705
0.1024655976045428
0.10246657106363091
0.10246693083213826
0.10246887061161093
0.10246315602810027
0.10245885719129975
0.10245913711298614
0.10245947484405124
0.1024632683113815
0.10246439124155854
0.10246520113954811
0.10246513575073661
0.10246072925355695
0.10246054614893817
0.1024625241497362
0.10246202579028674
0.10246285504593974
0.1024611069794411
0.10246169447095227
0.1024606583955115
0.1024631503825942
0.10246232194006968
0.102462481331803
0.10246321153163773
0.10246284850672144
0.1024586323294148
0.1024598208240563
0.10246055193658404
0.1024550720734234
0.1024580715698408
0.10245747050440407
0.10245785365340317
0.10245954739171542
0.10246197872744624
0.1024620052382022
0.10246277205082333
0.10245913848967525
0.1024590670815811
0.10246126387716631
0.10245832487434225
0.10245797554255205
0.10245785783153515
0.10245810104597211
0.10245813266687857
0.10245726834857426
0.10246331040760359
0.10246397411124494
0.10245927955124022
0.10246085471561453
0.10245618706534307
0.10245807048550507
0.10245829587303971
0.10245790684137898
0.1024574746568333
0.10245887463796002
0.10245899121691436
0.10246347880580776
0.10246302360914415
0.10246285241996769
0.10246296796032875
0.1024598583914627
0.10245698693040475
0.10245709210392728
0.10245746734657506
0.10245742261006045
0.10245507367631264
0.10245572307566282
0.10245240132390501
0.10245405526649987
0.10245344269218777
0.10245397876551127
0.10245396526272922
0.10245047747613276
0.10245109536349531
0.10245117671765133
0.10244646357411244
0.10244673596660074
0.10245234128059263
0.10244977030192776
0.10244972719279155
0.10245014038102251
0.1024510814085924
0.10245165827997706
0.10245150650860568
0.10245184145941587
0.10245152714209954
0.10244913237638027
0.10244921578848984
0.10244996889595442
0.10245199214541774
0.10245207496529007
0.10244817134721226
0.1024482650599568
0.10244946491786358
0.10244739692876997
0.1024473819071392
0.10244775878497843
0.10245007196706987
0.1024499391109323
0.10245010281653068
0.10245010428168241
0.10244586007872417
0.10244711362286316
0.10244663838076228
0.10244834633427945
0.10244839762256243
0.10245062362910663
0.10244988834292955
0.10244613698058241
0.10244584952276196
0.10244558744502906
0.10244525417185517
0.10244477414086356
0.10244712309627249
0.10244283021152904
0.10244324907924925
0.10244313066223358
0.10244275737065488
0.10244194343642414
0.10243980352343504
0.10244116485623894
0.10244061145173693
0.10244103690226457
0.10244105235603349
0.10243840558808527
0.1024397027039907
0.10243727209086914
0.10243334660034586
0.10243342443960433
0.10243239150546617
0.102432326655269
0.10243325885463525
0.10242572761332833
0.10242580536901259
0.1024281779274179
0.10242479564484419
0.10242431283565152
0.10242421405064314
0.10242558943667832
0.10242541216643156
0.10242664208185258
0.10242790061988366
0.10242834641212817
0.10242801968694108
0.1024290207253775
0.10242518876000127
0.1024247491573921
0.10242628928894233
0.10242222503118639
0.10242224083709965
0.10241925821609629
0.10241890560035848
0.10241508671594748
0.1024178223145966
0.10241718693789337
0.10241649787587553
0.10241611581551262
0.1024151897095054
0.10241766012646965
0.102418412603332
0.10241905619717463
0.10241904241946403
0.10241841587041806
0.10241865302225374
0.10241844484662138
0.10241835574361839
0.10241864708083663
0.10241377684209833
0.10241592528688793
0.10241556044590652
0.10241315019280234
0.10241310017171282
0.10241362768978102
0.1024133794865123
0.10241462351676005
0.10241448098033391
0.10241394332897757
0.10241366666605364
0.10241161558430649
0.10240839850560769
0.10240811412967221
0.10241034870063304
0.10240899454557767
0.1024104294486627
0.1024102358075643
0.10240956670152089
0.10240999356472294
0.10240984559269427
0.10241222560225036
0.10241235886017028
0.10241202517201715
0.1024118712919007
0.10240903130868657
0.10240873176934823
0.10240999813142476
0.10240977290108758
0.10241235595058541
0.10240916675184349
0.1024086344152907
0.1024086145848482
0.10240852697361301
0.10240840678287025
0.10240899657471265
0.10241061586233893
0.10240720439460312
0.10240820709327286
0.10240735276455608
0.10240693787433332
0.10240156495104223
0.10240103375256165
0.10240063138275082
0.10239986836495385
0.10239730969054806
0.10239583628254437
0.10239665588950125
0.10239835308957433
0.10239811666996997
0.10239987909036107
0.10239955187564598
0.1023992408260563
0.10239924650018883
0.10240019641480769
0.10240007021256753
0.10240014272017153
0.10239934680962506
0.10240060605768393
0.10240033091094673
0.1024012359700173
0.10240066611577008
0.10239856458396536
0.1023996575027952
0.10239975403373483
0.10239568476820508
0.10239597739239979
0.10239721749671198
0.10239761283672766
0.10239993794606594
0.10239962177451194
0.10239848644498298
0.10239728465468875
0.10239505387083903
0.10239515853812255
0.10239453131516886
0.10239238247426674
0.10239232292249274
0.10239308146473045
0.10239321898173426
0.10239507542966184
0.1023969042652942
0.10239833178314445
0.10239654956252697
0.1023971919663732
0.10239746824157679
0.10239796240478558
0.10239509798731587
0.10239501697492165
0.10239525006829234
0.10239557404076058
0.10239539559755968
0.10239513148210215
0.10239643278859645
0.10239624539482428
0.10239718169772859
0.10239727655334377
0.10239304815624105
0.10239449973990576
0.10239455867246912
0.10239486611037558
0.10239663344908354
0.10239681094003568
0.10239666106587672
0.10239744388867827
0.10239683830188737
0.1023977474420092
0.10239829237959837
0.10239801472590447
0.10240040219053313
0.10239954561248468
0.10239733725759993
0.10239758926315329
0.1023974571810176
0.10239710008693968
0.10239708607776055
0.10239825571912874
0.1023981238338603
0.10240063192052486
0.10240050635062375
0.10239787488537078
0.10239808844449053
0.10239801868426066
0.10239457649969434
0.10239506338520114
0.10239675550659037
0.10239783717158049
0.10239809854204691
0.10239931874884495
0.10239619584206767
0.10239620268266968
0.10239638028984824
0.10239633952437328
0.10239714905529336
0.10239803132524779
0.10239771099213359
0.10239598144956605
0.10239567048938453
0.10239570500171934
0.10239581646498618
0.10239367160277982
0.10239558427472344
0.1023955848853738
0.10239504703260001
0.10239339607084605
0.10239323068720385
0.10239606198073628
0.10239602033408968
0.10239597125210984
0.10239387598454311
0.10239387700177698
0.10239187572325002
0.10239169112318387
0.10239200033616429
0.10239153231150894
0.10239148130230268
0.10239178332739206
0.10239136513114568
0.10239143171503631
0.10239291600029082
0.10239336460671941
0.10239319466207268
0.10239019431368922
0.10239105477655143
0.10239068710668796
0.102391651586583
0.10239193195298589
0.10239191186253019
0.10239223974966814
0.10239170502318778
0.10239142303058688
0.10239220607681344
0.10239458721899297
0.10239533625659802
0.10239554013274865
0.10239310846833091
0.10239296558722766
0.10239355449173404
0.10239355524418
0.10239354090137764
0.10239480636422132
0.10239501887216276
0.10239426559156459
0.10239402120671323
0.10239415163567639
0.10239390057691088
0.10239375571109641
0.10239056727331433
0.10239154655261765
0.10239213096773603
0.10239319581498471
0.10239313809616316
0.10239233550302504
0.10239349849871474
0.10239452079580538
0.10239421731671026
0.10239495974626
0.1023952798204907
0.10239682093878004
0.10239689009792816
0.10239716729094007
0.10239722199176333
0.1023988571661314
0.10239995186729121
0.10239971407102216
0.10240062349113932
0.10240099957886736
0.10240076865822695
0.10240081030513337
0.10240082458592561
0.10240078348664573
0.10239537738963733
0.102395626376604
0.10239540858609415
0.10239691280344543
0.10239610862709939
0.1023963326204862
0.10239681033786768
0.10239690049439108
0.10239696397009511
0.10239427509030632
0.10239403549095279
0.10239212494166941
0.10238883659751005
0.10238890195092716
0.10238853188372454
0.10238739542817839
0.10238715237259609
0.10238839753143232
0.10238861862739737
0.10238870484164736
0.10238967419945733
0.10239007528145187
0.10239113945862614
0.10239151182579326
0.10239087068684449
0.10239187122641984
0.1023919093393173
0.10239126635133418
0.10239100290139126
0.10239123539777348
0.1023921354908611
0.10239168172087562
0.10239154756427643
0.10238916820080751
0.10238940367467675
0.10238957608456405
0.10239074505586356
0.10239087480139243
0.10239162391167232
0.10239177383014521
0.10239009344325121
0.10239094978466562
0.10238812644208407
0.10238784345539396
0.10238746428783566
0.10238500374855472
0.10238277590925672
0.10238345002892098
0.10238329605899685
0.10238370507665374
0.10238345824968757
0.10238233785047797
0.10238018538225997
0.10238065736204509
0.10238098164658882
0.10238207141349587
0.10238159355065317
0.1023826946895536
0.10238259509458708
0.10238206253134066
0.10238270161896942
0.10238355869645172
0.10238406277785939
0.10238357362474895
0.10238143656559469
0.10238059087991809
0.10237915130518634
0.10237954333227711
0.10237904963719048
0.10237919283721679
0.10237985338953366
0.10238012520964695
0.10238170605189242
0.1023816436508625
0.10238140189848743
0.10238160070203928
0.10238150894526234
0.10238154952272421
0.10238152150644465
0.10238137565603082
0.10238142906586191
0.10238130684940058
0.10238213955264996
0.10238290334802362
0.10238263596500663
0.10238394246362595
0.10238463955361825
0.10238474891565581
0.10238232421197384
0.10238243272929602
0.10238021508763911
0.10237981196196894
0.10237978972538155
0.10237935802989336
0.10237876338553711
0.10237843414777612
0.10237815678098264
0.10237871319104241
0.1023796796642385
0.10237953548465527
0.10238134371861633
0.10238118199114134
0.102381349357776
0.10238139170216397
0.10238121896175499
0.10238118057510333
0.10237973808189882
0.10237958247196191
0.10237698280543539
0.10237773542969592
0.10237706103683585
0.10237676350066052
0.10237772122436907
0.10237773244464063
0.10237753707514449
0.1023762790425328
0.1023768432580268
0.10237768536650306
0.10237736832011698
0.10237679225381009
0.10237666946712733
0.10237775193343192
0.10237574087483103
0.10237589443936401
0.10237572934012523
0.10237620720746549
0.1023774937244087
0.10237926011912482
0.10237998069871891
0.10237974120068269
0.10238063860357259
0.10238075657100915
0.10237944472318912
0.10237954815867707
0.10237722706744537
0.10237687251561012
0.10237682499069409
0.10237571753047559
0.10237574872724046
0.10237626160537494
0.10237790590747488
0.10237876749660166
0.10237893795492155
0.10237959518688848
0.10238045748901244
0.10238069715155562
0.10237839416976176
0.10237884353992585
0.10237943104303868
0.10238016587567486
0.10238004826337144
0.10238110147340553
0.1023807912382936
0.10238040666987287
0.10238046149035109
0.10238018191642438
0.10238000419893435
0.10238138573925182
0.10238199172794195
0.10238200881187716
0.1023811525907259
0.10238248823743698
0.10238224647696031
0.102383043839011
0.10238303737166143
0.10238290653946183
0.10238298619737532
0.10238280566078024
0.10238256830857478
0.10238328970795821
0.10238400271865435
0.10238162909601162
0.10238155410933943
0.10237978579185338
0.1023797371665015
0.10238059901553147
0.10238010419424738
0.1023801019842838
0.1023781253773041
0.1023785544566909
0.10237836959634627
0.1023781344262112
0.10237899274056375
0.10238034677300227
0.10238016809242315
0.10238097374177682
0.1023809679931014
0.10237968861991723
0.10237860749740643
0.10237880255770322
0.10237863441649131
0.10237855338419086
0.10237866095823281
0.1023783530350398
0.1023794062677782
0.10238047881503375
0.10238056681138466
0.10237868388623349
0.1023788761008328
0.10237909394067819
0.10237666746034582
0.10237716333082998
0.10237712348044094
0.10237490094990438
0.10237467665222592
0.1023759720173199
0.10237555740303593
0.10237627298747788
0.10237693100233719
0.10237525362135094
0.10237497118564474
0.10237515275063296
0.10237583721104576
0.10237688838363544
0.10237669311071583
0.10237672622480322
0.102376456147253
0.10237755958029747
0.10237730556831398
0.10237759161497492
0.1023773104191949
0.1023778449856566
0.10237809043978754
0.10237860200902432
0.10237693745060461
0.10237705969082764
0.10237725863600321
0.10237705186451536
0.10237701075034134
0.1023760929825439
0.10237673991230616
0.10237666701096314
0.10237657142725604
0.10237673545246835
0.10237390388146604
0.10237382814741501
0.10237545274061217
0.10237557867755356
0.10237543158285063
0.10237549725374905
0.10237542291349477
0.10237520832151877
0.10237394642077582
0.1023738363380578
0.10237515843968796
0.10237511747694904
0.10237405509036598
0.10237365722867924
0.10237341628162892
0.10237337842253748
0.10237428624975467
0.10237415739430056
0.1023741774385925
0.10237400408295544
0.1023724633547572
0.10237232240045376
0.10237219883902018
0.1023723882650274
0.10237328964386756
0.10237314561802598
0.10237326634792292
0.1023711907710965
0.10237206005740543
0.10237215615337533
0.10237254449930132
0.1023729576525955
0.10237259307327456
0.10237294702977084
0.10237274717699042
0.10237385455499483
0.10237369019776668
0.1023738662080019
0.10237378745271529
0.10237370860228302
0.10237357004399307
0.10237345524063061
0.10237205870081463
0.10237190815655714
0.10237193128711748
0.10237172645897091
0.10237152437267334
0.10237307952343322
0.10237307221464229
0.10237394399747218
0.10237490107824765
0.10237589318336472
0.1023756712995907
0.10237565030251071
0.10237496821292327
0.10237474151027957
0.10237477962713384
0.1023755060840328
0.10237622162124443
0.10237556037689526
0.10237430906742702
0.10237404101592688
0.1023745164603327
0.10237447118634273
0.10237510494212786
0.10237483032133282
0.10237370081884813
0.10237446649808457
0.1023751566339637
0.10237485052903332
0.10237502696918148
0.1023748559603003
0.10237479313319192
0.10237477790639754
0.1023756245853005
0.10237623885742077
0.10237648590604118
0.1023764277063081
0.10237630670255632
0.10237565321057975
0.10237433527773744
0.10237287315951198
0.102373391695577
0.10237323522399906
0.10237310773004984
0.1023739038807918
0.102373917073412
0.10237393414954174
0.10237412586533177
0.10237377614920871
0.10237340062595744
0.10237381243081753
0.10237372639411635
0.1023745862874601
0.10237434661251565
0.10237193088473855
0.10237168314324929
0.10237233079948116
0.10237288466371239
0.10237289050029591
0.10237303602857856
0.10237292578029582
0.10237241516804688
0.10237232808621967
0.10237401134080576
0.10237402022217872
0.1023738235759719
0.10237211895493553
0.10237291488312543
0.10237303840457132
0.10237366226370442
0.10237451923377007
0.10237477283423256
0.10237349739126918
0.10237332825949721
0.10237348363901785
0.10237341462943192
0.10237329166602471
0.10237413773794236
0.10237389703718759
0.10237387581499997
0.10237239121193543
0.10237277728120053
0.10237342904765191
0.10237219469169408
0.10237271820876827
0.10237292449531891
0.10237268473129164
0.10237271086200586
0.10237270969898056
0.10237290847143732
0.10237336157084592
0.10237330331423436
0.10237339416046579
0.1023732252491737
0.10237341871894623
0.10237394637079593
0.10237293489285888
0.1023728863960106
0.10237266518186618
0.10237270981013409
0.10237122013049768
0.10237167095012999
0.10237240036866983
0.10237274965667642
0.10237263960462813
0.10237243449630848
0.10237249873198978
0.10237241326514954
0.10237282624835543
0.10237322097476333
0.10237282470159592
0.1023727579575527
0.10237262650540548
0.10237257228844426
0.10237316639327083
0.10237461561097129
0.10237405099417457
0.10237299450872153
0.10237301243371394
0.10237290874827815
0.102373392783149
0.10237381545465137
0.10237450774729213
0.10237446408862544
0.10237381224565566
0.102373668158408
0.10237410382667257
0.10237398026628075
0.10237450963441572
0.10237383822051135
0.1023727252081562
0.10237178497707669
0.10237177581507421
0.10237232702342236
0.10237233715681572
0.10237221292559247
0.10237217521558051
0.10237225027761794
0.10237095923806189
0.10237175598411427
0.10237162715814642
0.10237174798621058
0.10237155023512569
0.10237159733619507
0.10237259473118636
0.10237228928146468
0.10237219064671645
0.10237070316389717
0.10236999275403871
0.10237057357115935
0.10237027307599475
0.10237076683779249
0.10237079694215545
0.10237049127956152
0.10237038485992953
0.10237028757999374
0.1023702427657879
0.1023700901735005
0.10237063571577057
0.10237092376526401
0.10237081749439972
0.10237171841269567
0.10237157613532821
0.10237137084264583
0.10237132989635882
0.10237123355702075
0.10237155232959776
0.10237115985561739
0.10237105414387698
0.1023693556738527
0.10236914869238052
0.10236964891252984
0.10236946441747663
0.10236944225477183
0.10236943262669741
0.10237032041667553
0.10237032494525496
0.10237091294824216
0.10237069005625611
0.102371412108521
0.10237131643770996
0.10237189735664884
0.10237070234757269
0.10237033542896014
0.10237004196730817
0.10236982014103435
0.10236973995064685
0.1023701587617975
0.10237011021146779
0.10237049374731237
0.10237098431288513
0.10237121984555267
0.1023700645037834
0.10237038767358918
0.10237079199352664
0.10237095506233214
0.10237111565211866
0.10237112185533971
0.10237101290882632
0.10237099361121525
0.10237098255414165
0.10237182141866591
0.10237164707743449
0.1023716381974847
0.10237159391868345
0.10237158914084533
0.10237154348917141
0.10237098947329576
0.10237090766749737
0.1023713609532653
0.10237093160633241
0.10237031679846574
0.10237094830612224
0.10237090313946094
0.10237067781632106
0.10237043616399945
0.10237052664502659
0.10237044375994135
0.1023690716132596
0.10236827084840912
0.1023684147338984
0.1023683537147162
0.10236900512856092
0.10236936869012829
0.10236885771724655
0.10236830156742038
0.1023682314658517
0.10236821856103664
0.10236868054930635
0.10236762274770997
0.10236751807673361
0.1023687569463002
0.10236861937855972
0.10236913553575813
0.1023691764316858
0.10236991425894656
0.1023702387071504
0.10236979661192898
0.10236872474771547
0.10236873391908848
0.1023677303968487
0.10236778021612833
0.10236796616635402
0.10236784270820655
0.1023678101393007
0.10236777550028862
0.10236773501376088
0.1023680524745203
0.10236853220422165
0.10236826891080478
0.10236868301061393
0.10236850913249276
0.10236847252802538
0.10236834820723874
0.10236831795135151
0.10236832078135934
0.10236827664254523
0.10236825159716509
0.10236918311306088
0.10236928219040319
0.10236936054236857
0.10236924711972009
0.10236914295729463
0.10236956678762522
0.10236929261743559
0.10236743514916129
0.10236738948183345
0.1023671758809474
0.10236602725259569
0.10236593632731367
0.1023665540622089
0.10236699214830926
0.10236711063994224
0.1023661937259552
0.1023661918699938
0.10236735440135837
0.10236742647741848
0.10236676962364444
0.10236665061590745
0.1023665722353457
0.10236658202666261
0.10236642527186916
0.10236798099986522
0.102367773696715
0.1023676418523516
0.10236584305811856
0.10236568131213891
0.10236564119632169
0.10236554440843196
0.10236584740177669
0.10236566457418078
0.1023660276456127
0.1023664499366788
0.10236525181044182
0.10236465951977347
0.10236450918918516
0.10236441424520887
0.10236433589197912
0.10236430740408062
0.1023643972751393
0.10236515624274259
0.10236497014759502
0.10236455473328547
0.10236456897717865
0.10236451489276872
0.1023649071493759
0.10236598317705073
0.10236592305444843
0.1023660091106564
0.10236564955017369
0.10236565254921831
0.10236602986531526
0.10236562794007621
0.10236486848586895
0.10236481405744528
0.10236474538872749
0.10236506879748998
0.10236517609675008
0.102364042095864
0.10236395636884277
0.10236395922374832
0.10236303674658336
0.10236307189900565
0.10236303509506753
0.10236330498335879
0.10236362887671653
0.1023639155267263
0.1023640732300467
0.10236517511279597
0.10236439275838448
0.10236446005804521
0.10236437468320603
0.10236418608848742
0.10236443956161115
0.10236454274274775
0.10236437255645436
0.10236342616669629
0.10236371278630636
0.10236356775207396
0.10236347537049025
0.10236348115656063
0.10236335749869581
0.10236321699797765
0.10236292684013593
0.1023617979070781
0.10236212281563724
0.10236248823833853
0.1023628454161246
0.10236228623460084
0.10236308346771353
0.10236352985277236
0.10236347629596124
0.10236278883302402
0.10236281759559782
0.10236278389806372
0.1023629710526492
0.10236290951473566
0.10236296832569727
0.10236329682593036
0.1023633297835807
0.10236260627733425
0.10236248037004346
0.1023623877384516
0.10236296844233499
0.10236168912213313
0.10236170739599983
0.10236069243131135
0.10236041652650965
0.10236076375454775
0.10236060785571494
0.10236064821321143
0.1023608977937374
0.1023606427713535
0.1023602356818944
0.10236028088490494
0.10236012160904447
0.10236112630682767
0.10236104196719645
0.10236173147707982
0.10236168606309272
0.10236173157749115
0.10236168105087166
0.1023608962174295
0.10236086531425835
0.10236037541393544
0.10236041168048668
0.10236041894867698
0.10235981877746156
0.10235918513375045
0.10235941098173214
0.1023594425023298
0.10235918946276752
0.10235943366735432
0.10235980635506647
0.10235966204965803
0.10235906761141739
0.10235961675071638
0.1023595732101429
0.10236008031965728
0.10236042808870652
0.1023602597117613
0.10236010021644594
0.10236046945807933
0.10235947114063888
0.10235945236392066
0.10235922882067318
0.10235931500316586
0.10235923103538938
0.10235846071859901
0.10235833463597027
0.10235824773433831
0.10235829418067646
0.10235781357811768
0.10235814999513446
0.10235811110252924
0.10235845195874142
0.10235865122536
0.10235895574873519
0.10235897983813383
0.10235898905054716
0.10235876817460218
0.10235897343921037
0.10235898878022275
0.10235957670156234
0.10235956484798102
0.10235954579911058
0.10235976811536171
0.10235968530257998
0.10235964183835906
0.10235913246587451
0.10235904545372251
0.10235888499719858
0.10235889075848052
0.10235876918328829
0.10235867468957205
0.10235861015684398
0.10235844064385381
0.10235833575584274
0.10235836720629192
0.10235790083329915
0.10235760412607806
0.10235752854988872
0.10235733514548306
0.1023573646764931
0.10235732989584874
0.10235742125526205
0.10235673947120867
0.10235633316118069
0.10235657645766966
0.10235648910019865
0.10235688717168155
0.10235678691322678
0.10235680633450879
0.10235703291645576
0.10235715903328434
0.10235708473630296
0.10235726702541842
0.10235723012948245
0.1023574443012578
0.10235753268136843
0.10235755438437533
0.10235737229401277
0.10235729610104649
0.10235767188560327
0.10235782602482585
0.10235777371923373
0.10235689032771071
0.10235722076704218
0.10235702568225628
0.10235688571865766
0.1023568916802701
0.10235612067956726
0.10235651827555195
0.10235628461184006
0.10235614229695372
0.10235603379165759
0.10235616289939657
0.10235609820698682
0.10235661421809333
0.10235590425581563
0.10235579168360477
0.10235617320941418
0.10235661017923173
0.10235590261368102
0.10235591539913891
0.10235610817071913
0.10235645278067844
0.10235654750397792
0.10235653012871897
0.10235637944956387
0.10235697675927946
0.10235729271545826
0.10235662359374913
0.10235665016806053
0.10235659505942307
0.10235656515952633
0.10235637209009615
0.10235637662485857
0.10235624769444646
0.10235629273802617
0.10235604768826485
0.10235599718403617
0.1023559971249543
0.10235593445132637
0.10235602870835306
0.10235600599950027
0.10235621652265324
0.10235618748291783
0.10235598566510133
0.10235653023191227
0.10235636681086371
0.10235633379516831
0.10235668232832229
0.102356647616547
0.10235641896895727
0.10235587635441497
0.10235587513804557
0.10235644867082253
0.10235641015418667
0.10235589697654385
0.10235583396687008
0.1023557279220364
0.10235529032046385
0.10235529905823702
0.10235533091999018
0.10235523688556329
0.10235567419312211
0.10235563133629605
0.1023555538385595
0.1023555289897589
0.10235572193446224
0.1023556135360525
0.10235544694151573
0.10235559413915529
0.10235539039786357
0.10235536651858501
0.10235583718031839
0.10235562377759522
0.10235559174176492
0.10235555883556033
0.10235540533691695
0.10235534286596205
0.10235534215428033
0.1023555638822244
0.10235555653042056
0.10235571931229498
0.10235570582761011
0.10235566953353047
0.10235516989362244
0.10235517403276097
0.1023545583187238
0.10235446731725671
0.10235447914181679
0.10235437576128809
0.1023546264038675
0.10235455885554898
0.1023545089619855
0.10235446690462639
0.10235488676784371
0.1023548514067352
0.10235470851207899
0.10235541610789266
0.10235571066950647
0.10235593908111683
0.10235534638831112
0.10235455631636041
0.1023546168938535
0.10235465282374563
0.10235460682129112
0.10235488447772621
0.10235482467618486
0.10235503151992185
0.10235499598186654
0.10235488166385256
0.10235541523912621
0.10235535025969456
0.10235525905721567
0.10235531983696054
0.1023548087526379
0.1023549952265067
0.10235538513623543
0.10235534718944743
0.10235531974591561
0.10235532957819288
0.1023556702935597
0.10235558578118664
0.10235609052735385
0.1023560933894714
0.10235616324658338
0.10235594443045913
0.10235592589488068
0.1023558661960836
0.10235514492108166
0.10235511710979527
0.10235507135285084
0.10235560012479418
0.1023555584493331
0.10235552590089385
0.10235551068493286
0.10235545205835976
0.10235566728760562
0.10235572717689394
0.10235561656512839
0.10235589452241402
0.10235594597915426
0.10235589817875464
0.10235584411484967
0.10235524798841078
0.10235485064464696
0.10235475543787818
0.1023546886496345
0.10235502658169894
0.10235458953985173
0.10235455012542923
0.10235448295013672
0.10235470085438866
0.10235410261551271
0.10235423030855599
0.1023542154842654
0.10235426523497379
0.10235472697490341
0.10235472789384448
0.10235465935542436
0.10235411147412803
0.1023540448309246
0.1023540326172611
0.10235401510527596
0.10235387029223536
0.10235384212193017
0.10235377788676657
0.10235372963329496
0.10235393045584612
0.10235413177845669
0.10235395884614981
0.10235382825670701
0.10235381315516005
0.10235371031344008
0.10235410790533762
0.10235402354980593
0.10235398242420624
0.1023541471424257
0.1023536587915318
0.10235403439319632
0.1023540707777769
0.10235447467945794
0.10235442552693151
0.10235398552991327
0.10235404518944857
0.10235393288139533
0.10235390212400504
0.10235393544157997
0.10235408128675921
0.10235414823095046
0.10235413713703703
0.10235415120170077
0.10235434927359016
0.10235476446483287
0.10235517355577113
0.10235574452388266
0.1023557223564811
0.10235590916930286
0.1023558781848554
0.1023559773881898
0.10235591471167459
0.10235583858659264
0.10235575168236422
0.10235577324146064
0.10235504914129083
0.10235500512615058
0.10235499929373225
0.10235490963674504
0.10235503957870824
0.10235518810217228
0.10235474380171915
0.10235472250879839
0.10235467414771544
0.10235471065630909
0.10235514350079623
0.10235557611997614
0.1023555811787599
0.1023556722294817
0.10235571329668314
0.10235576643953039
0.10235603144156463
0.10235582461222459
0.10235532222644775
0.10235504836783117
0.10235500678422137
0.10235515641614304
0.10235510265828118
0.10235513268505253
0.10235514455405399
0.10235506670913083
0.10235507625098426
0.10235505080550429
0.10235501617794848
0.10235561870768399
0.10235551104341574
0.10235469788494363
0.10235466378623904
0.1023548939399811
0.1023550897793347
0.10235495752414428
0.10235494177215153
0.10235491580697138
0.10235503451989865
0.10235498876744224
0.10235497924182685
0.10235526124035894
0.10235506437233761
0.10235499702490629
0.10235493069132931
0.10235444706440458
0.10235468569058545
0.10235492469468915
0.10235425849524975
0.10235429025013287
0.10235426856043307
0.10235461055419015
0.102354808308688
0.10235493908364961
0.10235456703367592
0.10235416550230889
0.10235417358201716
0.10235419764705597
0.10235418637273527
0.10235440285585462
0.102354401987066
0.10235398135179621
0.10235403545976451
0.10235394959621023
0.10235412846377687
0.10235435721664013
0.102354674932979
0.10235459984240167
0.10235453966965566
0.10235499032140756
0.10235494201731475
0.10235489741555874
0.10235486349556304
0.10235492441213315
0.10235488647453496
0.10235483370233084
0.10235448937979037
0.10235478732590898
0.10235473325485978
0.10235471346777718
0.10235412987422156
0.10235404722982192
0.10235407903235236
0.10235430332520587
0.10235427937530128
0.10235420768940591
0.1023541562749412
0.10235447470249384
0.1023546096433449
0.10235444248662046
0.10235424235327657
0.10235462708262744
0.1023543442421033
0.10235451428902725
0.10235466172490225
0.10235448579134976
0.10235448452285975
0.10235445748309688
0.10235445602679466
0.10235398575825243
0.1023539707956295
0.10235435982916408
0.10235435366304345
0.10235435316130721
0.10235432005864276
0.10235426025140754
0.10235452196144411
0.10235519847816184
0.1023551487931082
0.10235527662178817
0.10235525951230476
0.10235518318099529
0.10235546812150415
0.10235562273976506
0.10235455790382103
0.10235465452617812
0.10235465284430771
0.10235490197432127
0.10235482219149698
0.10235501609585547
0.10235503400143094
0.10235521180293093
0.10235543164478461
0.10235532615878175
0.10235540688652384
0.10235544909244786
0.10235510332608902
0.10235510060510211
0.10235530190437468
0.10235545691988875
0.1023554352032406
0.10235549440099771
0.10235548231871736
0.10235547946811578
0.10235548429995606
0.1023557193655687
0.10235558868719873
0.1023556672505936
0.10235515336240564
0.10235500709301493
0.10235497680836114
0.10235494388570597
0.10235528229999355
0.1023552270526705
0.10235540434040043
0.10235536147286664
0.10235533670617367
0.10235487519758793
0.10235484841513866
0.10235500845104477
0.10235525159229851
0.1023555672063631
0.10235558445891793
0.10235503402472645
0.1023550328886283
0.10235508952657713
0.10235505556875246
0.1023551618028639
0.10235542693896067
0.10235559401201882
0.10235522712363178
0.10235528299318253
0.10235529170155928
0.10235545158181743
0.10235565271322018
0.10235595448011718
0.1023558982388073
0.1023558505004291
0.10235602429094684
0.1023564339387508
0.10235641945071386
0.10235650891061392
0.1023555848049847
0.10235558785777549
0.10235555390623291
0.10235552872703257
0.10235546253405367
0.10235503834982139
0.10235503591795357
0.10235498639342921
0.10235494504713562
0.10235467373399351
0.10235461149723553
0.10235496438254531
0.1023551566011782
0.10235497148583557
0.10235515786370349
0.1023551673516826
0.1023552022386309
0.10235525003624618
0.10235523330384275
0.10235477548712993
0.10235508590293298
0.102355076224496
0.10235482612246477
0.10235485466548301
0.10235466373356442
0.10235461113257988
0.10235461761786471
0.10235438417424564
0.1023543614857097
0.10235432628651367
0.10235426547555901
0.10235426985381581
0.10235419894132752
0.10235436181870211
0.10235433155545746
0.10235428031957353
0.10235425342210902
0.10235424769550061
0.1023542161315856
0.10235440647341378
0.10235445122417598
0.10235442559802606
0.10235473870621033
0.10235466380503319
0.10235463502630088
0.10235473975722992
0.10235482412005886
0.10235478398581241
0.1023548124122271
0.10235473378116416
0.10235485798100226
0.10235483891418437
0.10235447180010204
0.10235437025721081
0.10235435187780977
0.10235435111474056
0.1023541728720345
0.10235415810133092
0.10235415458508049
0.1023541005625637
0.10235415414643731
0.10235423918108513
0.10235434391529975
0.10235434065438516
0.10235419881757142
0.10235411921529756
0.1023541515950895
0.10235440404021046
0.10235414974351464
0.10235415522927305
0.10235435399531119
0.1023537758561708
0.1023537369817668
0.10235379268364254
0.10235353581667149
0.10235350289235257
0.1023535192550474
0.10235363280708393
0.10235341668572799
0.10235344441859577
0.10235359070558585
0.10235382178455081
0.10235380520923018
0.10235382832716508
0.10235370115843223
0.10235367405599799
0.10235364624062245
0.10235367640848708
0.10235361718628223
0.10235367763278579
0.1023536643150983
0.10235341882664128
0.102353541935145
0.1023535305557265
0.1023536939240869
0.10235383442849198
0.10235381433871378
0.10235388927876336
0.10235388328982535
0.10235383587320823
0.10235377492479199
0.10235393349081805
0.10235400253882472
0.1023539787738746
0.10235358688274387
0.10235357081883555
0.1023531211285676
0.10235324616615718
0.10235325882092142
0.10235358849927907
0.10235319625303957
0.10235321453373188
0.10235321621889762
0.10235320153113824
0.10235333901746149
0.10235329755043178
0.1023532662275383
0.10235321777200715
0.10235322724207974
0.102353350343897
0.10235336290734995
0.10235311065109841
0.10235308956489987
0.10235306497405953
0.10235301746984118
0.1023530499716569
0.10235260970143496
0.10235220391465379
0.10235223207180398
0.10235255782731117
0.10235266454948207
0.10235260911674643
0.10235259861442232
0.10235255598893499
0.10235278684181923
0.10235265816699572
0.10235269796725742
0.1023524398564711
0.10235253241990835
0.10235261063288391
0.10235259392970321
0.10235225529410105
0.10235182989158677
0.10235207439377127
0.10235205825280162
0.10235205319967443
0.1023519922557383
0.10235203581222631
0.10235175789172689
0.10235174129206208
0.10235161550170276
0.10235159119507004
0.10235146423786387
0.1023514158323931
0.10235143492619153
0.10235160513394069
0.1023517998264113
0.10235176751411026
0.10235177483451566
0.102351909035937
0.10235196196277903
0.10235203591849568
0.1023519932437451
0.10235203390300006
0.10235201381742005
0.102352077861423
0.10235169400984039
0.1023518997364583
0.1023519765316512
0.10235185428695152
0.10235179754519326
0.10235173319565642
0.10235174826379836
0.10235164376435103
0.10235173119784602
0.10235175222499726
0.10235168220886308
0.10235166817724854
0.10235167879700796
0.1023513797784972
0.10235172211839351
0.10235175489797618
0.10235154782553779
0.1023516745021623
0.10235184407566815
0.10235187885757153
0.10235183726801912
0.10235195675460003
0.10235191080610877
0.1023517953912973
0.10235188953819693
0.10235186946180426
0.1023518832970742
0.10235185077386148
0.10235185628586364
0.10235183328221487
0.1023517889781483
0.10235151029128775
0.10235147793873912
0.10235187865302676
0.10235191248465941
0.1023518700175617
0.1023518546694771
0.10235178251748601
0.10235150601222161
0.10235149673624146
0.10235156383266711
0.1023515959958486
0.1023517700553745
0.1023517466747229
0.10235172402638724
0.10235155444026403
0.10235133521495761
0.10235137702496318
0.10235135866904517
0.10235135416488084
0.10235132363560394
0.10235135015634113
0.10235133311327727
0.10235130431312214
0.10235127722136306
0.1023512199262385
0.10235133270338236
0.10235138285445768
0.1023513565156859
0.10235143331561643
0.10235144598109246
0.10235110604694088
0.10235077004037461
0.1023511590494068
0.1023511746308533
0.10235113314822182
0.10235115204602098
0.10235112642570286
0.10235132543653734
0.1023513159325477
0.10235130493077937
0.10235133061216467
0.1023513213119136
0.10235127149226826
0.10235124381422715
0.10235123050918596
0.10235120192564374
0.10235116932058964
0.10235127949173727
0.10235132772674427
0.1023516018960356
0.10235162004439942
0.1023517018330691
0.10235150532104863
0.10235147520385568
0.1023514853298361
0.10235150492816744
0.10235117183842261
0.10235124773879117
0.1023512375634224
0.1023512968766518
0.10235151992509041
0.10235154008660553
0.10235152682753627
0.10235149029755393
0.10235148642303432
0.10235146440103611
0.10235157952961728
0.10235158107789714
0.10235154342957016
0.10235131288222517
0.1023513320797748
0.10235121005388742
0.10235137873822103
0.10235148204156637
0.10235147097865063
0.10235153177942675
0.10235149003968481
0.10235159905685123
0.10235132323720685
0.10235132054316654
0.10235131362001869
0.10235144260639838
0.10235128633269498
0.10235130610238927
0.1023512667196909
0.10235131136931715
0.10235127798166913
0.10235126644882125
0.10235120548646924
0.10235124112855375
0.10235124513242609
0.1023512607054705
0.10235130246359388
0.10235129344331365
0.1023512600674794
0.10235093732515152
0.10235086995831497
0.10235112109966986
0.10235085031198421
0.10235098165196878
0.102350973053852
0.10235104726259896
0.10235093145243798
0.1023510041484871
0.10235115230692078
0.10235112594596553
0.10235117093251027
0.10235088728339517
0.10235110198403688
0.10235108051362081
0.1023510560418988
0.10235105582124891
0.10235115944867991
0.10235114224195838
0.10235115630129855
0.10235092209071245
0.10235090870368191
0.10235097867870666
0.10235100105241407
0.10235080910825776
0.10235077526040746
0.10235092912287676
0.10235091845027816
0.10235089732329655
0.10235069665569548
0.10235046592775465
0.1023506459947381
0.10235074334428455
0.10235072730218822
0.1023508514200649
0.10235086305321837
0.10235083541031004
0.10235084941596884
0.10235081174503526
0.10235069770508118
0.10235068126740685
0.10235081218433058
0.10235081764778044
0.10235085395283866
0.10235085113381008
0.10235096327414542
0.10235096996718869
0.10235095882441218
0.10235093658184652
0.1023509293861944
0.10235074077788281
0.102350717857532
0.10235065739298678
0.10235061396173488
0.10235060711018462
0.10235060687264137
0.10235091241997048
0.10235084436358619
0.10235080042338851
0.10235078197722937
0.10235077361130213
0.10235085196292126
0.10235084974964323
0.10235084174784981
0.10235099345620433
0.1023508186179859
0.10235077133873657
0.10235074785221836
0.10235077207841639
0.1023507272264118
0.10235067121020584
0.10235073019562592
0.10235081376857755
0.10235077923549525
0.10235099817664
0.10235098803335343
0.10235097444124225
0.102350694743798
0.10235070682696157
0.10235071014649887
0.10235062674839233
0.10235064897328976
0.10235064095744051
0.10235053159530194
0.10235053459468679
0.102350537852182
0.10235052944838566
0.10235051964257316
0.10235047079249598
0.10235046330438172
0.10235046705307863
0.1023506330878035
0.10235050420894895
0.102350568498018
0.10235039897778293
0.10235038218283084
0.10235036391654138
0.10235039217355961
0.10235035937859005
0.10235035899780286
0.10235010493428774
0.10235010815847792
0.10235030642917285
0.10235013511054218
0.10235010106515671
0.10235011785775493
0.10235010087036658
0.1023500414846184
0.10235007790888717
0.10235006488945604
0.10234989824993994
0.10234976245653526
0.10234973761409
0.102349713645521
0.10234973148048337
0.10234982263674576
0.1023497802134632
0.10234994088253796
0.10234989182231866
0.10234999728570679
0.10235002329173745
0.10235000369804392
0.1023500380955222
0.10235000674161651
0.10234980694609404
0.10234979563406649
0.10234974920294526
0.10234984560654409
0.1023499259510265
0.10234976064757227
0.10234975010293568
0.10234973890470211
0.10234974060181776
0.10234977075816261
0.10234975043832
0.10234983937919279
0.10234998216374115
0.10235012433048175
0.10235026411618425
0.10235022512564688
0.10235023493860482
0.10235022354740468
0.10235020882699125
0.10235010653252398
0.10235010633078015
0.10235009793059013
0.10235006653515226
0.10235005708539995
0.10234996182773651
0.10234981411591086
0.10234994710514511
0.10235000728628821
0.10234997807906404
0.1023499672036335
0.10234993705911767
0.10234990877149672
0.10234987017564656
0.10234991134714497
0.10234991640597126
0.10235025944370174
0.10235001604219222
0.10235010499800858
0.10235010015248688
0.10235012900276398
0.10235014152127174
0.1023501294433895
0.1023500642743706
0.10235008919758866
0.10234990134961554
0.10234975440221428
0.10234975660742145
0.10234971589486734
0.10234970108611632
0.10234967038971106
0.1023495883589873
0.1023496444651853
0.10234977311001055
0.1023497754546512
0.10234954252104118
0.10234950900087834
0.1023496819252662
0.10234964764477276
0.10234963662471008
0.10234964999367112
0.10234949791140831
0.10234964657226513
0.1023496520771801
0.10234958221651155
0.1023495529199553
0.10234953775898921
0.10234957019419312
0.10234955730700757
0.10234952445649095
0.10234935686916576
0.10234949238035987
0.10234950431821085
0.1023495227497072
0.10234952256628649
0.1023495357740052
0.10234954519139483
0.10234950680529106
0.10234963193232197
0.1023497369634586
0.10234973219050295
0.10234986371226892
0.10234994015688688
0.10234993926807157
0.10234993349280896
0.10235002870972928
0.10235001217694543
0.10235002332863428
0.10235002019794358
0.10234997644796401
0.10234997233094001
0.10235002130552753
0.10234999645088398
0.10235022272518333
0.10235028906728529
0.10235029643190617
0.10235027580953229
0.10235027337694373
0.10235027082878378
0.1023503075788626
0.10235036953141025
0.10235039612033145
0.10235042255301335
0.10235042625603848
0.10235040438490908
0.10235040115352123
0.10235037628057121
0.10235036830652855
0.10235032129504061
0.10235030600397142
0.10235029568094697
0.10235028529373613
0.10235025117700038
0.10235024715347289
0.10235031781368617
0.10235031181210913
0.10235041967249146
0.10235040890605006
0.10235039232061126
0.10235041529170842
0.10235040467462743
0.1023506308834857
0.10235070942282141
0.10235066696073958
0.10235081028647659
0.10235045731723409
0.1023504645962044
0.10235046690338966
0.10235046107966041
0.10235027066353561
0.10235020761370604
0.10235019874897597
0.10235020916533329
0.10235021454486927
0.10235039566891221
0.10235040982646622
0.10235061934273885
0.10235061948814493
0.10235061158671828
0.10235061687826676
0.10235063124405654
0.10235064274872929
0.10235065705715027
0.10235044517236855
0.10235046356651796
0.10235049747872497
0.10235047383405178
0.1023505994432749
0.10235068609523705
0.102350685790739
0.1023506556609563
0.10235064298587279
0.10235066706569747
0.10235056127061254
0.102350626019334
0.10235062824607451
0.10235057682155303
0.10235057079276261
0.102350572772275
0.10235057867007118
0.10235044004062423
0.10235045626476864
0.10235057627197269
0.10235056909060831
0.10235052706187554
0.1023505447518228
0.1023506048908487
0.10235063672088998
0.10235063857132715
0.1023505914537222
0.10235058927590357
0.10235058635530063
0.10235071935053322
0.10235047753707036
0.10235046530435866
0.1023504508940196
0.10235053016156817
0.10235052064801377
0.10235036031824285
0.10235038155845239
0.10235036907289778
0.102350383757735
0.10235038972188358
0.10235039931320669
0.10235044023025626
0.10235054127029158
0.10235058720036622
0.10235054619422489
0.10235052679275294
0.10235062158989834
0.10235042104341674
0.10235039349894443
0.10235035007681706
0.10235032776271422
0.1023503050565883
0.10235011220922881
0.10235010459687248
0.10235013412957074
0.10235020096151481
0.10235017807745303
0.10235018059191846
0.10235018334065589
0.10234997748823668
0.10234997313473136
0.10235003867224272
0.10235004413186004
0.10234992335719971
0.10234990507492141
0.10235002447827186
0.10235002077041046
0.10235004696571176
0.10235017083471336
0.10235023410975928
0.1023502368210958
0.10235023572018365
0.10235016137619234
0.10235018256290788
0.10235014716673604
0.10235005919070322
0.1023500121480833
0.10235000423586103
0.10235008233954172
0.10234993624235175
0.1023499304949969
0.10234990580709943
0.10234995037456322
0.10235006808434581
0.10235007143745582
0.10234997913670958
0.1023499676567223
0.10234990117176132
0.10234987984769185
0.10234989072404373
0.10234989565416698
0.10234987376013034
0.1023498665403704
0.102349834966357
0.1023498370763518
0.10234982346162907
0.10234975149289974
0.1023497490644166
0.10234986553913361
0.10234984945396848
0.10234988075331404
0.10234988769242032
0.10234986315153514
0.10234993670560724
0.10234984401092355
0.10234983434421356
0.10234985680677817
0.10234985938335203
0.10234996303331305
0.10234990066720338
0.10234992320193435
0.10234992498049995
0.10234993684215611
0.102349776563478
0.10234976989011724
0.10234976930803902
0.10234975785309793
0.10234974015114304
0.10234974731334116
0.10234971984536918
0.10234972472626824
0.10234991042460286
0.10234992503356248
0.10234994595696864
0.10234993398722919
0.10235000120161072
0.10235002820740594
0.10235002086766767
0.10234974539207559
0.10234970537074115
0.10234971179520426
0.10234972645386561
0.10234977388986274
0.10234974110326872
0.10234982706087294
0.10234977247167996
0.10234976278286889
0.10234978726971129
0.10234979354965944
0.10234979362187409
0.10234979707969483
0.1023497811084149
0.10234978044316012
0.10234980649200238
0.10234967023870421
0.10234975421094684
0.10234987680889797
0.10234988333543739
0.10234993502888003
0.1023499624761259
0.10234994435452564
0.10235000780037293
0.10234991947302946
0.10234996641251043
0.10234997768008679
0.1023500479549586
0.10235003395977894
0.10235002475605966
0.10235002460231885
0.10235001568401361
0.10235005976257434
0.1023500405050945
0.1023500342177659
0.10234990174405004
0.10234999781095264
0.10234998873968178
0.10234997505294546
0.10234995485294485
0.10234995438151213
0.10234993004165756
0.10234993175121372
0.10234995440262634
0.10234995240355514
0.10235006861252152
0.1023500685748795
0.10235008981730614
0.10235010141820272
0.10235021150750845
0.10235021024812982
0.1023500863243982
0.10234993652066249
0.10234995422618418
0.10234994601120184
0.10234992233531534
0.10234991245074358
0.10234985014041746
0.10234983073482017
0.10234974417191672
0.10234971494246142
0.10234970552013596
0.10234969123802987
0.10234966683315587
0.10234977631878811
0.10234968072291846
0.1023497568996297
0.10234981903191806
0.10234980571610161
0.10234980429993694
0.10234977937630843
0.10234978025932542
0.10234980294865506
0.10234978531093929
0.10234988350259899
0.10234994852671957
0.10234993719876884
0.10234995614607752
0.10234992799014477
0.10234991805629932
0.10234985123681577
0.10234986034701805
0.10234978608787969
0.1023498819053737
0.10234988206965023
0.10234998799523104
0.10235002888298218
0.10235003340173596
0.10235004264500068
0.10234991631235424
0.10234993646064672
0.10234988323906391
0.10234995097572121
0.10234991120575401
0.10234990536813265
0.10234988880779265
0.10234989626880708
0.10234998007221341
0.10234995073915923
0.10234995605712369
0.102349934847535
0.10234996104734101
0.10235009849382912
0.10235010420311806
0.10234995252061796
0.1023499422661934
0.10234993134169897
0.10234990980096369
0.10234991478068983
0.1023499179770468
0.10234991556540549
0.10234988828556701
0.10234989490802558
0.1023498514073682
0.10234983462176493
0.10234984426824026
0.1023498116568369
0.10234980566700884
0.10234978568094666
0.10234980190182902
0.10234979745701937
0.10234982077280534
0.10234986560321584
0.10234996923946844
0.10234999583860965
0.10235000685999612
0.10235002162351024
0.10235009645412654
0.10235011019103676
0.10235012799214988
0.10235018229713598
0.10235003486620879
0.1023500454746624
0.1023500514684501
0.1023500375381568
0.1023500632210559
0.10235012951422662
0.10235015983760619
0.10235015930080489
0.1023502622238106
0.10235024579508901
0.10235026073629114
0.10235027268561031
0.10235014528858598
0.10235012829564745
0.10235012702331636
0.102350137608057
0.10235008832003507
0.1023501216673533
0.10235011666472171
0.10235012326890992
0.1023501149384087
0.10235011399208432
0.10235010192316764
0.1023501212762113
0.10235012280823762
0.10235010193698409
0.10235003702675267
0.10235004750011516
0.10235003306692952
0.10235015130682848
0.10235025353220656
0.10235011385447797
0.10235013510090762
0.10235016350010903
0.1023501595631984
0.10235021766450059
0.10235019998400509
0.10235020638331782
0.10235019519957413
0.10235018627883412
0.10235022581150047
0.10235020577739862
0.10235021513845104
0.10235012426036301
0.10235013219151885
0.10235013004035666
0.1023501295638392
0.10235012293011678
0.10235012785271565
0.10235015630853123
0.1023501629887534
0.10235015529383076
0.10235023606431537
0.10235017590664498
0.10235022982673889
0.10235023352064063
0.10235022931370816
0.10235015608921717
0.10235016006351161
0.10235012488875943
0.10234999633788915
0.10235000493941956
0.10235000272228953
0.1023500556177108
0.10235007128886349
0.10235006761972552
0.10234998326006606
0.10235002317535202
0.1023501495459459
0.10235025489350928
0.1023502859957106
0.10235027519384239
0.10235032406229698
0.10235035193916628
0.10235027421682448
0.10235033161839041
0.10235033626538753
0.10235033776942616
0.10235022743645991
0.10235024093413497
0.10235023930106976
0.10235023877140996
0.10235025199670798
0.10235025500595613
0.10235012336624195
0.10235013373491376
0.10235021454895865
0.10235016561139448
0.10235016687739829
0.10235016391790674
0.1023501643677815
0.10235018694321256
0.10235018589999924
0.1023502033873761
0.10235017447308277
0.1023502836140982
0.10235028254301158
0.10235027555664022
0.10235028222256817
0.10235027948012161
0.10235026412714279
0.10235023997151216
0.1023502309321298
0.10235023399044436
0.1023502219342143
0.10235026581104334
0.1023502570368927
0.10235023918595303
0.10235026922187218
0.10235026178270835
0.10235013841306881
0.10235020439940368
0.10235010678340924
0.10235010093973089
0.10235020918760498
0.10235021768927587
0.10235020695933238
0.10235020400567259
0.10235018843203658
0.10235020517123555
0.10235020091360152
0.10235019774974541
0.1023503138531285
0.10235027646333913
0.10235027629055878
0.1023501758998165
0.10235017082845464
0.10235027015613991
0.1023503150381204
0.10235031221986932
0.10235031379149127
0.1023503226401442
0.10235038595093766
0.10235031015896284
0.10235031726551175
0.10235029292397284
0.10235034825507713
0.10235034345353061
0.10235034691834607
0.10235035365400559
0.10235033759887462
0.10235035056083207
0.1023503787997493
0.10235037332669888
0.10235042239340246
0.10235042247413946
0.10235041259797932
0.1023504206077863
0.1023504123197777
0.10235037355137241
0.1023502876458439
0.10235027432895884
0.10235029239441797
0.10235028485773208
0.10235033396100214
0.10235034319758538
0.10235035651120193
0.10235037230787943
0.10235034653447415
0.10235028765769857
0.10235027771607301
0.10235025992101486
0.10235039568169556
0.10235039330128637
0.10235040091749284
0.1023503892366911
0.10235034555982025
0.10235033997433597
0.10235033013946904
0.10235031583624521
0.10235031885279428
0.10235031670139398
0.10235036166823597
0.10235028628489405
0.10235028651277293
0.10235028465696336
0.10235027140974823
0.10235027104615982
0.1023502739802894
0.10235017468071389
0.10235017238169541
0.10235016594843997
0.10235016586818348
0.10235015552820825
0.10235022661947588
0.10235023224986536
0.10235026625965109
0.1023502390942878
0.1023502435570229
0.1023502355390587
0.10235028691007764
0.10235019516473103
0.10235010578727717
0.10235010343977816
0.10235011736749777
0.10235017994511138
0.10235020726926178
0.10235022796403666
0.10235022492650656
0.1023502186919947
0.10235026034481723
0.10235025542160305
0.102350280145729
0.10235024544402704
0.10235025013189245
0.1023502525100807
0.10235024714629089
0.10235019459131792
0.10235019709398599
0.10235018880390721
0.10235018463148977
0.10235017295982364
0.1023501047459985
0.10235010867399902
0.10235010584083923
0.1023501053965207
0.10235009637344226
0.10235010389278522
0.10235017191141398
0.10235022297958768
0.10235022801334594
0.10235023936184624
0.1023502413472245
0.10235022930973373
0.10235023243659304
0.10235031464623913
0.10235028899981945
0.10235029367632767
0.10235021328399044
0.10235015471995217
0.10235020160204834
0.10235019280314897
0.10235020562738434
0.10235019635466389
0.10235019841440555
0.1023502308965532
0.10235020160945799
0.10235021025461152
0.10235014071830495
0.10235016893686653
0.10235023260766034
0.1023502307512185
0.10235022455750059
0.10235010506989338
0.1023501066157744
0.10235000136029902
0.10235000859783708
0.102350008087604
0.10235000194669773
0.10235001564738337
0.10234997585626923
0.10234998325384624
0.10234990561138757
0.10234989209810945
0.10234989217780525
0.10234988969206604
0.10234993887031661
0.10234991945165904
0.10234992733745144
0.10234999268200097
0.1023499874527551
0.10235004433521948
0.10234995684293138
0.10234994630274827
0.10234999636134214
0.10234991862048531
0.10234987769331211
0.1023498790156394
0.10234986033767318
0.10234986041066273
0.10234987896269142
0.10234989618457684
0.10234992693847564
0.10234992490145144
0.10234991161968524
0.10234990426384874
0.10234985919143674
0.10234992247745443
0.10234994249267104
0.10234994794905784
0.10234989455617297
0.10234989400401615
0.10234994977898562
0.10234989741141164
0.10234989944892244
0.10234989892230667
0.10234989628156665
0.10234989707899697
0.10234989083055607
0.10234995409860971
0.10234999266205705
0.10234998460501854
0.10234999621335428
0.10234998768888236
0.10234998230356038
0.10234999336630814
0.1023499839182933
0.10234999978681066
0.10234999485899839
0.10234999436793503
0.10234996716742988
0.10235000983534666
0.1023500498906486
0.10234996422461709
0.10235001659839647
0.10234999028208243
0.10234998180783399
0.10234999434651834
0.10235001033913248
0.10235003166320411
0.10235001310247271
0.10235002313016237
0.1023500248926405
0.102350012179822
0.10235001178946095
0.1023500082016014
0.10234992185668079
0.10234992586800636
0.10234992636501687
0.10234995057579684
0.10234986701392591
0.10234986733852743
0.10234988012441071
0.10234986944339743
0.10234987639779358
0.10234993851798543
0.10234996478626111
0.10235003012181793
0.10235002710026125
0.10235001752632063
0.10235001725681887
0.10234999736828304
0.10234997719108785
0.1023499045977637
0.10234987068212408
0.10234987923171787
0.10234986503068598
0.10234990174692288
0.10234993524754817
0.10234992618639392
0.10234992229118126
0.10234993727115757
0.10234991263914278
0.10234984642577402
0.10234985026644729
0.10234984799891914
0.10234984801083272
0.10234984684920795
0.10234984615560318
0.1023498758551297
0.10234987896904248
0.10234993476113839
0.10234992865645988
0.10234992453886986
0.1023499188648285
0.10234993258789332
0.10234987288110853
0.1023499099783872
0.10234989728495496
0.10234990033660873
0.10234984416317376
0.10234982526389352
0.10234982505264667
0.10234984376876524
0.10234990071971922
0.10234989383527522
0.10234988425708008
0.10234986200704728
0.10234978017200146
0.10234977288891835
0.10234977355451863
0.1023497602450224
0.1023498569510746
0.10234986107662203
0.1023498643912354
0.10234991163651946
0.10234991594254886
0.1023499088568015
0.10234994369824804
0.10234994161843544
0.10234995256242391
0.10234995979496454
0.10234988010535859
0.10234987591746697
0.10234986780839526
0.10234987679429866
0.10234987004333095
0.10234980288503669
0.10234980570849533
0.10234980819456778
0.10234980586823512
0.10234979961908577
0.10234981064421526
0.10234981148394644
0.10234986870005802
0.10234985859064498
0.10234989088334007
0.10234989001429243
0.10234991460955183
0.1023498200439276
0.10234976217249561
0.10234975711061413
0.10234968133261824
0.1023496752460303
0.10234965847091718
0.10234969889491567
0.10234969969389765
0.10234968763172747
0.1023496806039625
0.10234968049324106
0.10234968370081148
0.10234968328057988
0.10234971209653083
0.10234970639186632
0.10234969711176825
0.10234972278144899
0.10234973523079517
0.10234972765346753
0.10234972532150378
0.1023497035415566
0.10234969910536473
0.10234967080070774
0.10234966411652503
0.10234966573179116
0.10234957527262134
0.10234957633184948
0.10234958055612317
0.10234956629293815
0.102349565352833
0.10234955943709229
0.10234959857902466
0.10234964985355671
0.10234964167843563
0.10234964659531574
0.10234970963140601
0.1023497107554332
0.10234968703356653
0.1023497051328937
0.10234975602440248
0.10234976335244884
0.10234975276805275
0.10234974644732076
0.10234970393673429
0.10234970030519995
0.10234970712538607
0.1023497456046812
0.10234972043244074
0.10234967293221067
0.10234967333911245
0.10234970659054947
0.10234970923384211
0.10234969814495197
0.10234969806422564
0.10234969128678055
0.10234967586758442
0.10234961862544784
0.10234961312819833
0.10234961616819406
0.10234959207086829
0.10234958614422746
0.1023496068958093
0.10234960215864794
0.10234954877725522
0.10234960053790476
0.10234959598735552
0.10234958643971034
0.10234959402056287
0.10234957445106152
0.10234956598169116
0.1023495948260477
0.10234959869286678
0.10234964090360048
0.10234964254454514
0.10234965137660196
0.10234965179288619
0.10234964639372854
0.10234964003756025
0.10234964018086805
0.10234963989432713
0.10234963357752658
0.1023495806686186
0.1023495718496879
0.10234956383388123
0.10234960912637406
0.1023496215777581
0.10234962294979238
0.10234961773303508
0.10234961285181537
0.102349653391773
0.10234965548285295
0.1023496503643457
0.10234964110303535
0.10234958740441531
0.10234958382100104
0.10234960327137806
0.10234958192881072
0.10234962789786396
0.1023496256341515
0.1023496088761213
0.10234955430830707
0.10234949622348527
0.10234949040845895
0.10234951551906737
0.10234955071980299
0.10234954788158486
0.10234959167277105
0.10234959107592
0.10234957854633459
0.10234958139652607
0.10234961359064976
0.10234961711775278
0.10234960381912586
0.10234959924118932
0.10234959978695282
0.102349634579603
0.10234959025522672
0.10234951784139767
0.10234951036735941
0.10234954041626008
0.1023495655422946
0.10234959536917523
0.10234959908460714
0.10234959661649727
0.10234961811662921
0.10234966646915954
0.10234965581879589
0.10234965505103637
0.10234964803012649
0.10234967180771212
0.10234967334883831
0.10234966660629206
0.10234965116122091
0.10234966560579307
0.10234969248564779
0.10234969247045184
0.10234969176687099
0.10234968775748171
0.10234963639500033
0.10234963144589895
0.1023496274124054
0.10234963390534672
0.10234957330213865
0.10234960281860458
0.10234959986344312
0.10234960283603549
0.1023496022146716
0.10234959347213418
0.10234959297846476
0.10234957520046435
0.10234964150734965
0.10234963701864194
0.10234958963138588
0.10234953765642905
0.10234949131706549
0.10234951762497242
0.10234951467336781
0.10234950149913893
0.10234953305305539
0.10234951074618744
0.10234953567322859
0.10234953934315177
0.10234953679402548
0.1023495629092133
0.10234956223654072
0.10234955782763404
0.10234960687904686
0.10234960069209936
0.10234960123971026
0.10234959896985359
0.10234959743881118
0.10234954694061058
0.1023495070377345
0.10234953010855485
0.1023495182499188
0.10234952342724954
0.10234951707819946
0.10234951647547737
0.10234949589146325
0.10234949961199605
0.102349502054168
0.10234953122314888
0.10234956102862694
0.10234955545013973
0.10234955655905341
0.10234955635963285
0.10234949655905726
0.10234951810269967
0.10234953226340655
0.10234948023749697
0.10234948104811528
0.10234947570799123
0.10234947727146193
0.10234946869531837
0.10234946501890475
0.10234951013468359
0.10234945524159245
0.10234945033122254
0.10234944598524649
0.10234944537965748
0.10234944680208519
0.10234942767157056
0.10234942833324386
0.1023494176952175
0.10234943110522336
0.1023494532142256
0.10234940595015149
0.10234940588612632
0.10234940045816138
0.10234938603270717
0.10234944270356235
0.1023494739548217
0.10234946921940413
0.10234946610662023
0.10234946803789476
0.1023494953847908
0.10234952608302286
0.102349479101035
0.10234946996242278
0.10234946449769046
0.10234950223517544
0.10234949845789479
0.10234949764319916
0.10234944698709045
0.10234944032160635
0.10234943596167372
0.1023494304173597
0.10234942929984009
0.10234944806850901
0.10234945631058945
0.10234945420805071
0.10234945638826093
0.10234945798560202
0.10234941136635015
0.10234943429183996
0.10234943179674848
0.10234942847876072
0.10234934530501358
0.10234937727974579
0.10234936867464618
0.10234936929135466
0.10234936660511179
0.10234936581037939
0.10234938417970851
0.10234937794054481
0.10234936854930474
0.10234938332629061
0.10234937880722188
0.10234937312156622
0.10234937705239885
0.10234938100623431
0.10234936488545321
0.10234936480836518
0.10234939107986658
0.1023493802258091
0.10234933412291183
0.102349384833344
0.10234934854522416
0.10234935869886351
0.10234939310246513
0.10234940274760619
0.10234942908367305
0.10234945045419436
0.10234945419804137
0.10234944339550407
0.10234944195233198
0.10234944016807238
0.10234944390964236
0.102349476492632
0.10234947309921714
0.10234950888742672
0.10234952519564049
0.10234952760088135
0.10234953308470639
0.10234953186828802
0.10234953811466682
0.10234952320229433
0.10234948964675193
0.10234953814745022
0.10234948978278073
0.10234948215418078
0.10234950819618448
0.10234951216512725
0.10234950432604642
0.10234949297588719
0.10234949209761353
0.10234948656457
0.102349506158657
0.10234951790322887
0.10234951620525523
0.10234954706783118
0.1023495160267399
0.10234951441317336
0.10234952139125476
0.102349523435212
0.10234952354547726
0.10234954304986443
0.1023495327882582
0.10234949726523929
0.10234949042090329
0.10234952277554944
0.10234952615563156
0.1023495065744716
0.10234951131047487
0.10234950398084494
0.1023495251663054
0.1023495224043517
0.10234949033940244
0.1023494906075565
0.10234946312976893
0.10234946133966859
0.10234943670394726
0.10234943076894482
0.10234943533118364
0.10234943028751067
0.1023494272802315
0.10234943658958882
0.102349436342262
0.10234943227303948
0.10234943332690773
0.10234943416091324
0.10234943062221835
0.10234945781024811
0.102349455658249
0.10234947601627464
0.1023494727439795
0.10234947484253677
0.1023494738854485
0.10234947004092458
0.10234947370392805
0.10234947638030198
0.10234945209129956
0.10234941161994357
0.10234941242939151
0.10234939886213577
0.10234940023902431
0.10234940156171331
0.10234939989204768
0.10234942162386289
0.10234942327035701
0.10234944337430463
0.10234944320249324
0.102349478916448
0.10234947663989441
0.10234947822072055
0.10234945104810128
0.10234945400378372
0.10234944602989267
0.10234944120968704
0.10234944761181539
0.10234941679400496
0.1023494154873802
0.10234941456804236
0.10234939871128226
0.1023494117398158
0.10234943530359096
0.10234945459310958
0.10234945151896399
0.10234944998227131
0.10234946030317293
0.10234944382618302
0.10234944659510384
0.10234945966249218
0.10234946703351742
0.1023494715684547
0.1023494933991126
0.1023494966277622
0.10234949756590457
0.10234951592914626
0.10234951194034325
0.10234951602608588
0.10234951984819783
0.10234951769078657
0.10234952284700286
0.10234952077848519
0.10234951930031921
0.1023494869909699
0.10234947891913011
0.10234948610362364
0.10234946651622932
0.10234945972879761
0.10234946220987191
0.10234948592268306
0.10234948272910904
0.10234946875234646
0.10234946154343945
0.10234946699868704
0.10234948292200183
0.10234948608196084
0.10234950734519487
0.10234951732021084
0.10234953717918865
0.10234953507572724
0.10234953222576783
0.10234953207463814
0.10234952828786568
0.10234955969922055
0.10234956935010034
0.10234956611944768
0.10234956525605239
0.10234951867662419
0.10234949296503917
0.10234948874728352
0.10234947932070379
0.10234947886268699
0.10234951494917047
0.10234951295009233
0.10234951316108007
0.10234950756540172
0.10234951038172704
0.10234949303942496
0.10234952495887632
0.10234952690240164
0.10234952483348472
0.10234955879594143
0.10234958051714241
0.1023495859166668
0.10234958559534917
0.10234959338012352
0.10234959379560352
0.102349602789829
0.10234962140821653
0.10234961873688721
0.10234962025245228
0.10234959203200292
0.10234959464521508
0.10234954074908173
0.10234954060963962
0.1023495177299741
0.10234951143076138
0.10234951536709579
0.10234953772392569
0.102349533161392
0.10234952838047061
0.10234955179799034
0.1023495528033016
0.10234954818024557
0.10234954387486582
0.10234953862734505
0.10234954275696943
0.10234954135729046
0.10234953622221785
0.10234955689336983
0.1023495641399151
0.10234956205681997
0.1023495549254292
0.1023495594710781
0.10234955585653772
0.10234957672337615
0.10234957921826193
0.10234954292118668
0.10234954215411032
0.10234953776148507
0.10234953640445578
0.10234956823360994
0.1023495687131918
0.10234956690995382
0.10234959141280493
0.10234955331392755
0.10234955991754462
0.10234956078184292
0.10234956595802111
0.10234960885870455
0.10234960995552807
0.1023496179728059
0.10234961614700953
0.10234958758516394
0.1023495843960952
0.10234958073398577
0.1023495808768137
0.10234958093538662
0.10234958218746638
0.10234962638205491
0.1023496253146453
0.10234962329587372
0.10234962463523217
0.10234962251244778
0.10234962092141754
0.10234963661028415
0.10234960077035796
0.10234961717002392
0.10234961823800548
0.10234959011450584
0.10234959211109314
0.10234959083942159
0.10234959417431248
0.10234960411559624
0.10234960063944107
0.10234960361113331
0.10234959173035205
0.10234956257986416
0.10234956112129091
0.102349557725864
0.10234955475258585
0.10234957684491362
0.10234958023305614
0.10234957943851018
0.10234957689082526
0.10234959653647803
0.10234959276170054
0.10234959488268353
0.10234960310036342
0.1023496154631499
0.10234957721523787
0.10234958251171072
0.10234957874019779
0.10234954859064761
0.10234954651399067
0.10234954486994448
0.10234954276696075
0.10234955078625847
0.10234955128271825
0.10234954826218029
0.10234954810662698
0.10234954757693329
0.10234956329442184
0.10234957982167422
0.10234956794397032
0.10234956921844884
0.10234956824632227
0.10234956928486884
0.10234959667490125
0.10234959796918273
0.10234959810473943
0.10234959642401624
0.10234959490351257
0.10234956801302866
0.1023495414743136
0.10234953839066874
0.10234953723839482
0.102349551358113
0.10234957071763134
0.10234957031406186
0.10234953403279703
0.10234954746626382
0.10234953668019732
0.10234953871319927
0.10234953206122013
0.10234953880805864
0.10234954505317384
0.10234954413269082
0.10234954430908771
0.1023495437411024
0.1023495433669775
0.10234956150890806
0.10234956314401951
0.10234956359421955
0.10234956455184441
0.10234954058110081
0.10234954234890968
0.10234953970897885
0.10234951958796412
0.10234952377125106
0.10234952010389778
0.10234951753806705
0.10234951547530864
0.10234951352213363
0.10234953388550892
0.10234952697794122
0.10234952462625818
0.10234952915005062
0.10234952506387839
0.1023495251894832
0.1023495480028335
0.1023495369866194
0.10234953354017234
0.10234953953110801
0.10234951067873238
0.10234950215229878
0.1023495027732187
0.10234950417657962
0.10234950800829827
0.10234950863095411
0.10234953126317699
0.1023495247254314
0.10234952633858711
0.10234953794500228
0.10234952836471821
0.10234953128094774
0.10234952853478776
0.10234954412453162
0.10234957106827906
0.10234956986934163
0.10234957243240482
0.10234959267187049
0.1023495906249181
0.10234959137321643
0.10234959436807049
0.10234959375772675
0.10234959173037488
0.10234961883625508
0.10234956163458221
0.10234958197512503
0.10234957856265213
0.10234956658058897
0.10234957067273094
0.10234957255732482
0.1023495701019665
0.10234957175127746
0.10234956728185332
0.10234956726717498
0.1023495859267948
0.10234959182543982
0.10234959558946051
0.10234959788434808
0.10234960067249047
0.10234960086899443
0.1023496031236876
0.1023496248506921
0.10234962258681382
0.1023496258030508
0.10234963826030409
0.10234961826768622
0.10234961880115326
0.10234961821128398
0.10234964859879171
0.10234964788126266
0.10234964969388809
0.10234962583963308
0.10234960781714038
0.1023496011225652
0.10234958192431443
0.10234958058657716
0.10234957628795026
0.10234956769475032
0.10234956743496337
0.10234956982532903
0.10234956772727909
0.10234955140616998
0.10234952363313647
0.1023495143555782
0.10234953686758873
0.10234953759752095
0.10234953740970372
0.10234953755327093
0.10234955237430492
0.10234955701604645
0.10234957943191075
0.10234957985869408
0.1023495806663547
0.10234959890290293
0.10234959824188532
0.10234960084790552
0.10234960122675732
0.10234960118888432
0.10234959926213268
0.10234959844966862
0.10234959938275492
0.10234960384359622
0.10234960233046651
0.10234960216486975
0.10234960007559535
0.10234960031175641
0.10234960151031253
0.10234959636428914
0.10234956149705521
0.10234955289247549
0.10234960251946552
0.10234957413036438
0.10234956722126057
0.1023495688455987
0.10234956801114019
0.10234957009405113
0.10234956842488478
0.10234956945457085
0.10234956915008206
0.10234955613081678
0.10234955215299608
0.10234955263378255
0.10234955144730312
0.10234955678782753
0.10234954403555387
0.10234956875429324
0.10234958247611822
0.10234957811886473
0.10234958122753193
0.10234954415263857
0.10234956490329118
0.10234956661768368
0.10234958432832607
0.10234958811767182
0.10234960323389136
0.10234961189333953
0.1023496121629636
0.1023496075306859
0.10234960684483044
0.1023496090384306
0.10234961595300499
0.10234959411515233
0.10234959597547369
0.10234960080995942
0.10234960007949138
0.10234961385509013
0.10234961424042541
0.10234962945286248
0.1023496314838042
0.10234962999044286
0.1023496366867307
0.1023496224620131
0.10234961339224281
0.10234961406139696
0.10234958682124265
0.10234958661294166
0.10234960296383727
0.10234960459592488
0.10234962971779643
0.10234964503516462
0.10234964423421254
0.10234964177119518
0.10234963233798129
0.10234964504034552
0.10234964607095179
0.10234964595800976
0.1023496453298345
0.1023496465299101
0.10234964699349948
0.10234964727934887
0.10234964853014543
0.10234964611793881
0.102349643139481
0.10234964177372863
0.10234964039302345
0.10234962538811698
0.10234963142478223
0.10234959705250284
0.10234957626202977
0.10234960652052497
0.10234960994124878
0.10234960956117979
0.1023496069046938
0.10234961008916652
0.10234961033682842
0.10234960941046714
0.10234960680868739
0.10234960572451808
0.10234960650666378
0.10234960695202354
0.10234960620626601
0.10234962099308531
0.10234962495389892
0.10234960677968638
0.10234960680561958
0.10234960467426776
0.10234960490529749
0.1023496077699828
0.10234960475105226
0.10234963213091426
0.10234963072443193
0.10234962992816311
0.102349629849066
0.10234963668067873
0.1023496302468912
0.1023496308408829
0.10234961715574999
0.10234961687668866
0.10234963035985821
0.10234961054843314
0.10234960982109097
0.10234960677489378
0.10234958238183248
0.10234958507089931
0.10234958650380714
0.10234960563860389
0.10234961843790355
0.10234961814138115
0.10234961568489817
0.1023496146551924
0.10234962681140083
0.102349602149284
0.10234960853171933
0.10234960778625037
0.10234962055088585
0.1023496229804269
0.10234962194563788
0.1023496190928736
0.10234961670053905
0.10234961605539876
0.10234959457372719
0.10234961019456802
0.10234960941446437
0.10234960625472093
0.1023496274699601
0.10234962655079485
0.10234962603266684
0.10234965933336779
0.10234967405371151
0.10234967260918139
0.10234966447424133
0.10234966739641896
0.10234966616092947
0.1023496639584561
0.10234964008190245
0.10234965278231908
0.10234966446623309
0.10234966307384517
0.10234964548042841
0.10234964610271358
0.10234966831699024
0.1023496701071714
0.10234966880854415
0.1023496623803559
0.10234968246689319
0.10234969585199007
0.10234969232054653
0.10234969535919768
0.1023496803110354
0.10234968076773755
0.10234967727014428
0.10234967695876422
0.10234967815738691
0.10234967403759145
0.10234968709164717
0.1023497020111022
0.10234969973868081
0.10234970551890678
0.10234968269667735
0.10234969873169923
0.10234967881444641
0.10234967634195202
0.10234965404480413
0.10234963813971999
0.10234963789780836
0.1023496407773006
0.10234964013830262
0.10234964195647739
0.10234963560478137
0.10234963820050347
0.10234965258178438
0.1023496512319781
0.10234964691443953
0.10234963967205622
0.10234964294879405
0.10234965487328031
0.10234965699441446
0.10234966012884548
0.1023496599514273
0.10234966240865567
0.10234965954422404
0.1023496590540221
0.10234965985719978
0.10234964618293918
0.10234966363182324
0.10234965776375148
0.10234963619403245
0.10234963636919374
0.1023496500367244
0.10234965995040397
0.10234965989013432
0.10234966199816482
0.10234967932199264
0.10234967661975138
0.10234969019329171
0.10234968942616081
0.1023496885865614
0.10234968880709797
0.10234966948778723
0.1023496691602382
0.10234967059937822
0.10234965271083821
0.10234965288452968
0.10234966271981298
0.10234965559767147
0.1023496568284838
0.10234967170047571
0.10234968949984075
0.10234969351300668
0.10234969254477426
0.10234969238626919
0.10234969461852864
0.10234970131695681
0.10234967852220647
0.10234967803083757
0.10234967533008274
0.10234968612828794
0.10234968481100772
0.10234969407343146
0.10234971415714413
0.10234971439191955
0.1023497125939841
0.10234971309197145
0.1023497065138621
0.10234969341188761
0.10234970210790406
0.10234971724446183
0.1023497197321815
0.10234971004426363
0.10234970961723067
0.1023497155917591
0.10234971377746913
0.10234971531830676
0.10234972644190728
0.10234972664227572
0.10234973093311481
0.10234973094969828
0.10234973246446913
0.10234973082444157
0.10234972944568775
0.10234972913355352
0.10234973545820947
0.10234973331060725
0.10234972766792477
0.10234972762647472
0.10234972767915303
0.10234972682275473
0.10234972620707193
0.10234970547984742
0.10234970344268404
0.10234970213891557
0.10234970177870073
0.10234971507197894
0.10234971460754906
0.1023497141252721
0.10234970798808893
0.10234971615466854
0.10234971694180894
0.10234971019959957
0.1023497106542866
0.10234971937862895
0.10234972353613536
0.10234973629707246
0.10234973486667978
0.10234973888505125
0.10234973760582594
0.10234975368761773
0.10234975537202316
0.10234975315189292
0.10234975302306272
0.10234975472733365
0.10234973854352487
0.10234973711351002
0.10234975246444895
0.10234975789816608
0.10234975890880413
0.10234973946417046
0.1023497415887937
0.10234975628009788
0.10234974908585778
0.10234974933797468
0.102349750373938
0.10234975059380169
0.10234974739368317
0.10234975993296992
0.10234975898935066
0.1023497595273634
0.10234973495378924
0.1023497344651349
0.102349715125341
0.10234971505753986
0.10234971208062883
0.10234972684595668
0.10234972681366478
0.10234972560253046
0.1023497253566867
0.10234972045454274
0.10234972919103205
0.10234972667556162
0.10234970763386085
0.10234970872764407
0.10234970848926392
0.10234970696655687
0.10234970946902572
0.10234973036033868
0.10234972917021508
0.10234973245071187
0.10234974452285597
0.10234972698804261
0.10234972879491576
0.1023497349758798
0.10234975965995238
0.10234975897716526
0.10234976068792945
0.10234976164069713
0.10234975861532895
0.10234976282070367
0.1023497799220464
0.10234977900349439
0.10234978856455768
0.1023497893609457
0.10234977557425864
0.10234977870295071
0.10234978007232633
0.10234978308461896
0.10234976636450768
0.10234976867287979
0.1023497613595464
0.10234976274907111
0.10234977060026544
0.10234977907828527
0.1023497814131265
0.10234977967077057
0.10234978145051372
0.10234978145458572
0.10234978862829427
0.10234978750139244
0.1023497863954664
0.10234978887193885
0.10234978244866495
0.10234978308747411
0.1023497859804119
0.10234978508730656
0.10234978412812469
0.10234979471121504
0.10234978945224547
0.1023497925720211
0.1023497970671988
0.10234979710090729
0.10234978161099806
0.10234976867015455
0.1023497684529122
0.10234976837759549
0.10234978118235576
0.1023497902878388
0.10234979108451721
0.10234979032750992
0.1023497842476029
0.1023497862258083
0.10234978612293144
0.10234978278619583
0.10234978218935423
0.10234977652684549
0.10234977651665128
0.10234975860677324
0.10234975680647568
0.10234973718086408
0.10234973964599495
0.1023497526408986
0.10234975420343925
0.10234975113357768
0.1023497513062823
0.10234974698244054
0.10234974582549698
0.10234974590958285
0.10234975382874799
0.10234975299151028
0.10234975325065515
0.10234975787635926
0.10234974382168935
0.10234975687747311
0.10234976418600694
0.102349765409979
0.10234976461925398
0.10234977220546074
0.10234977056649694
0.10234978359797449
0.10234976976476165
0.10234976985849711
0.10234977016009941
0.10234977989673018
0.1023497808297337
0.10234977970512926
0.10234977318867766
0.10234977230401836
0.10234977273273013
0.10234974720241125
0.10234974945359646
0.10234975017324992
0.10234974837824445
0.10234973588012333
0.10234974617976732
0.10234974751062322
0.10234974723552454
0.10234973769814729
0.1023497388322331
0.10234973809197381
0.10234974830932411
0.10234974804953469
0.10234974801925069
0.10234974989364212
0.10234974777019552
0.10234975696546812
0.10234974527896974
0.1023497453078109
0.10234973428547726
0.1023497300650267
0.10234971927866443
0.10234972282012775
0.10234972152131186
0.10234971991111741
0.10234972101718952
0.10234970222822624
0.10234969770738359
0.10234970302938352
0.10234970382703819
0.10234968629502579
0.10234968512475688
0.1023496841608306
0.10234968208600204
0.10234968830801361
0.10234968573372315
0.10234968404720102
0.10234968352534919
0.10234968213506242
0.10234966578665168
0.10234966643538698
0.10234967372227183
0.10234967947173353
0.10234968841583428
0.10234969107406935
0.10234968928955969
0.10234969058695496
0.10234968999185352
0.10234969093556723
0.10234969079797983
0.1023496979509805
0.10234970799190737
0.10234970877878204
0.10234970832727339
0.10234970883590959
0.10234969601144146
0.1023496955986697
0.1023497002338953
0.10234969970562925
0.10234970628366438
0.10234970379333472
0.10234970116806709
0.10234970173534738
0.1023496997667859
0.10234970929141927
0.10234971189936178
0.10234971222295439
0.10234969743703025
0.10234968294509592
0.10234968201983757
0.10234967961849376
0.10234967313896112
0.10234967335520456
0.10234967816158516
0.10234966118244976
0.10234967196803944
0.1023496712703927
0.10234967115314805
0.1023496713058786
0.10234966899879827
0.10234966439553182
0.10234966508607278
0.10234966571282812
0.10234965863428756
0.10234967525878425
0.10234967649115416
0.10234968116742481
0.10234967772027517
0.10234967496751086
0.10234967448261782
0.1023496810457212
0.10234966242471594
0.10234966251270108
0.10234966842113245
0.10234967378241201
0.10234968549492424
0.10234968447967298
0.10234969064928867
0.10234969108311819
0.102349692665317
0.1023496989902904
0.10234970971634724
0.10234969753915016
0.10234970425903064
0.10234970515630126
0.10234971391892808
0.10234971212715105
0.10234971239591897
0.10234971658556331
0.102349716048149
0.10234971137927301
0.10234970984457586
0.1023497177403755
0.10234971729711455
0.10234972473464025
0.1023497305072866
0.10234974022738694
0.10234974227800944
0.1023497384291261
0.10234972895734491
0.10234971930881373
0.10234971738272226
0.10234971769159722
0.1023497182102379
0.10234972478381811
0.10234972439435219
0.10234972422014557
0.1023497237092074
0.10234973127889485
0.10234973417208985
0.10234972383005342
0.10234973699358334
0.10234972784432478
0.10234972685159831
0.10234972431160103
0.10234972483415397
0.10234972198657628
0.10234972209797448
0.10234972080184457
0.10234973142020823
0.10234973020950666
0.10234973364640869
0.1023497383823293
0.1023497378166605
0.10234971412438859
0.1023497144836682
0.10234971603892662
0.10234971389946385
0.10234971867382053
0.10234971794038351
0.10234971798747781
0.10234971852519555
0.10234971689583787
0.1023497196918054
0.10234972549089011
0.10234972592701554
0.10234972485650862
0.10234972478044532
0.10234972646340125
0.10234972720681124
0.10234973586269458
0.10234973518943115
0.10234973482226041
0.10234972709557472
0.10234972812723805
0.10234972743193851
0.10234972683131387
0.10234972653171116
0.10234972624749981
0.102349726744855
0.1023497132810596
0.102349714750711
0.1023497151809853
0.10234972966856307
0.10234973033258606
0.10234972843324493
0.10234972706722427
0.10234972719521751
0.10234972419737973
0.10234972422998402
0.10234972311185017
0.10234973325204612
0.10234973886378963
0.10234973871202552
0.10234974348946334
0.10234974285737729
0.10234974200642755
0.10234972676066971
0.10234972621303355
0.10234972475761302
0.10234973051530506
0.1023497368362899
0.1023497489685045
0.10234975508819741
0.10234975576754576
0.10234975472909444
0.10234975642368721
0.10234974799734471
0.10234974719549757
0.10234975466867112
0.10234975481575438
0.10234976034408862
0.10234975960809072
0.10234976220155707
0.10234975753238726
0.1023497581320776
0.10234975809072258
0.10234975774363307
0.10234975717601116
0.10234975471993586
0.10234975583374609
0.10234974955550188
0.10234974984433709
0.10234975023086383
0.10234974919667224
0.1023497503433029
0.10234974936297053
0.10234974971467514
0.1023497496867409
0.10234974989595255
0.10234975382381986
0.1023497554617297
0.10234976342204194
0.10234976366922072
0.10234976500045742
0.10234977398145517
0.1023497735113015
0.10234977146225926
0.10234977224045069
0.10234977101630897
0.10234977264643831
0.10234977479800182
0.10234977461697119
0.10234978671209648
0.10234979153424567
0.1023497780141128
0.10234976618107362
0.1023497688860273
0.10234976984064112
0.10234976915455936
0.10234976734478177
0.102349766543123
0.10234976411607898
0.10234976504449114
0.10234976637486622
0.102349766913038
0.10234975656298263
0.10234975596400489
0.10234975540675831
0.10234975764977483
0.102349761945365
0.10234976222064432
0.102349761285496
0.10234976233004521
0.10234976689647782
0.10234976733089027
0.10234977052543352
0.10234977142727503
0.10234978052752235
0.10234976921746593
0.10234977059454982
0.10234977148428238
0.10234976993058482
0.10234976968453034
0.10234976098809845
0.10234975999222395
0.10234975834119986
0.10234975782108997
0.10234975876688186
0.10234976115612733
0.10234976059465983
0.10234976059879644
0.10234975954683063
0.1023497593428745
0.10234975269801222
0.10234974216995714
0.10234974248787594
0.10234974075355499
0.10234973931184585
0.1023497438275568
0.10234974200227906
0.10234974184977856
0.10234975117902385
0.10234974028807729
0.1023497398964802
0.102349741873866
0.1023497406255005
0.10234974002520993
0.10234974553411201
0.10234974508509813
0.10234974578064295
0.10234974563088767
0.10234975235515549
0.10234975695149942
0.10234976612056108
0.10234976619736527
0.1023497639976015
0.10234976443862616
0.10234976259889647
0.10234975119781355
0.1023497508254888
0.10234974494778609
0.10234974502430291
0.10234974611266666
0.10234974816806623
0.10234975738301212
0.10234975834895334
0.10234975729149162
0.10234975645728515
0.10234975556684396
0.10234975455449143
0.10234975521898995
0.10234975951549022
0.10234975864808583
0.10234975847994372
0.10234975812085396
0.1023497593937578
0.10234974747243958
0.10234974809406724
0.1023497418591532
0.10234974086357367
0.10234974474519826
0.10234974501980175
0.10234974463992175
0.10234975045699915
0.1023497499517851
0.10234975515377961
0.10234975534157097
0.10234976024275659
0.10234975741952937
0.10234976469996786
0.10234975828047176
0.10234975821511816
0.1023497582452934
0.1023497574558644
0.1023497574781813
0.10234976072824638
0.10234976067552268
0.10234976400578595
0.10234976266228953
0.10234975076689104
0.10234975004416239
0.10234973914817751
0.1023497254803188
0.10234972399618315
0.10234972266045189
0.10234972147002581
0.10234972551674476
0.10234972435966214
0.1023497228364667
0.102349720216513
0.10234972855878284
0.10234972714611892
0.10234972726393289
0.10234972425104336
0.10234972387458752
0.10234972338329403
0.10234971247763414
0.10234971339621016
0.10234971301864024
0.10234971580092074
0.10234970857158167
0.10234970854443289
0.10234970864001279
0.1023497076170123
0.1023497099991937
0.10234970848009049
0.10234971450297828
0.1023497151341785
0.10234972082808039
0.10234972061446133
0.10234971940017475
0.10234972020003205
0.10234972050234
0.10234971925626592
0.10234971786743327
0.10234971873952864
0.10234971800402774
0.10234972031513502
0.1023497072649631
0.10234970711641704
0.10234971207169252
0.10234971468643983
0.10234971309381449
0.1023497061120827
0.10234970447125585
0.10234971309809317
0.10234970545632367
0.10234970533540626
0.10234970830628178
0.10234970692671204
0.1023496982620948
0.10234970025314417
0.1023496996211248
0.1023497001378998
0.10234970374725912
0.10234970285605482
0.10234970091929915
0.1023496997586351
0.10234969967039398
0.10234970580752167
0.10234970679882643
0.10234970667869296
0.10234971151069398
0.10234971183738013
0.1023497101946542
0.10234971840109035
0.10234971827171097
0.10234971948983242
0.10234971911329384
0.10234971016602935
0.10234970335514969
0.10234970363587591
0.10234970214570649
0.1023496998372224
0.10234969903001577
0.1023497000604177
0.10234969951815119
0.10234969825801107
0.10234971003921262
0.10234971052596184
0.10234971008286678
0.10234970982976004
0.10234970418714893
0.1023497034266917
0.10234970248138629
0.10234969375482804
0.10234969271154384
0.10234969366786663
0.10234969484270805
0.10234969878936316
0.10234969805381569
0.10234970165896531
0.10234970170221322
0.10234970038385464
0.10234970002284711
0.10234969861792889
0.10234969843798798
0.10234969736019109
0.10234969579014415
0.1023496944744584
0.1023496929486266
0.10234969464607777
0.10234969527443404
0.10234969108343005
0.10234969474473049
0.1023496941916982
0.10234968511894052
0.1023496845827884
0.10234968700101546
0.10234967858433779
0.10234967715405206
0.10234967655475163
0.10234967678529906
0.1023496762205145
0.10234967627429895
0.10234967192801674
0.10234968353166168
0.10234968425078393
0.1023496824165438
0.10234968352420029
0.10234967563000477
0.10234967468606743
0.10234967878211741
0.10234967612331895
0.10234967918965353
0.10234968065903247
0.10234967865862199
0.10234967050004484
0.10234967359689802
0.10234967322023218
0.10234966700356575
0.10234967043483094
0.10234966924706433
0.1023496699291635
0.10234967037281935
0.10234966965370969
0.10234967048834784
0.10234966983285489
0.10234967032891344
0.10234967441749229
0.10234967702188844
0.10234967738763714
0.10234968557933145
0.10234968522335965
0.10234967948036541
0.10234968019758174
0.10234968182034483
0.10234968088726479
0.10234968060139966
0.1023496802179627
0.1023496799520021
0.10234968191190938
0.10234967086907867
0.1023496776735178
0.10234968230979138
0.10234967420679107
0.10234967108696469
0.10234967050132861
0.10234967172882467
0.10234967093593347
0.10234966970129517
0.10234966918854721
0.10234966825496321
0.1023496696368602
0.10234966915049168
0.10234966326569425
0.10234966329386534
0.10234966259459867
0.10234966271515711
0.10234966584287004
0.10234967714225172
0.10234967590167268
0.10234967539621119
0.10234967602321254
0.10234967519104816
0.10234967543610413
0.10234967481048822
0.10234967622479592
0.10234967673499058
0.10234967662200511
0.10234967684495988
0.10234966749054623
0.1023496669111971
0.1023496658335685
0.10234966555933264
0.10234965692072796
0.1023496572931443
0.10234965649357823
0.1023496531210802
0.10234964767606283
0.10234964739541719
0.10234964395596936
0.10234964671355139
0.10234964581276744
0.10234964924709623
0.10234965586809089
0.10234965488145356
0.10234965473614113
0.10234965433786228
0.10234965363654967
0.10234965323258605
0.10234964673023382
0.10234964770873536
0.10234964697697746
0.10234964649315648
0.10234965029979476
0.10234964985080412
0.10234964884166936
0.10234964957157434
0.10234964916148533
0.10234964935567757
0.10234964880085327
0.10234964863002369
0.10234965325923895
0.10234965251686234
0.1023496519273879
0.10234964645971714
0.10234964772987891
0.10234964729924394
0.10234964789461634
0.1023496473792035
0.10234964626846543
0.10234964697431177
0.1023496465377269
0.10234964685876304
0.10234964939776255
0.10234964171729323
0.10234964173741301
0.10234964445100637
0.10234964408209607
0.10234964301327432
0.10234965032728023
0.10234964933441312
0.10234965162875075
0.10234965133691701
0.10234965085190093
0.10234965173848916
0.10234965444002897
0.10234965519910581
0.1023496555534462
0.10234965069666219
0.10234965598930112
0.10234964913188653
0.10234965300803679
0.10234965238544623
0.1023496524474583
0.10234965719202874
0.10234965682922219
0.10234965647858281
0.10234966201244027
0.10234966532447787
0.10234966498108715
0.10234966487594493
0.10234966527412166
0.10234966530518709
0.10234966501857937
0.10234966516995923
0.10234966361755728
0.10234965817476381
0.10234965819706238
0.10234965816593558
0.10234966202152003
0.10234966225937461
0.10234965465316573
0.10234965447731423
0.10234965392926568
0.10234965376227567
0.10234965302278133
0.10234965281216052
0.10234965649043422
0.102349655499864
0.10234964939224278
0.10234964939806836
0.10234965219002848
0.10234965409101905
0.10234965982018844
0.1023496624010146
0.10234966184146214
0.10234966218647905
0.10234966432513515
0.10234966047029795
0.10234966137208378
0.1023496611371625
0.10234966050007209
0.1023496606041746
0.10234965978993096
0.10234966028702576
0.1023496593950428
0.1023496562861354
0.1023496567782333
0.10234965562566632
0.10234965499134249
0.10234965983274166
0.10234965844761915
0.10234965865814499
0.10234966154187364
0.10234966228949721
0.10234966226874982
0.10234966233395629
0.1023496620753498
0.10234966263043375
0.10234965633779625
0.1023496580844685
0.10234965188036484
0.10234965272681293
0.10234965073475508
0.10234965111442143
0.10234965504060535
0.10234965406915097
0.10234965349305515
0.10234965309846727
0.10234965327578842
0.10234965433619345
0.10234964765318644
0.10234964720389557
0.10234964707368055
0.10234964595977994
0.10234964612453033
0.10234964695280192
0.10234964960644344
0.10234964922345281
0.10234965073060273
0.10234964408659648
0.10234964332139516
0.10234963832388665
0.10234964227325796
0.10234964206853876
0.1023496414989595
0.10234964182809814
0.1023496397335532
0.1023496396868743
0.10234964174356244
0.10234964141630401
0.10234964348116841
0.10234964589783599
0.10234964602080124
0.10234965039039856
0.10234965044203531
0.10234964457053891
0.1023496447217105
0.10234964406367057
0.1023496435561254
0.10234964501812466
0.10234965243247562
0.10234965244262612
0.10234965126621766
0.10234965216915776
0.1023496517813205
0.10234965454116446
0.10234964707745847
0.10234964711315402
0.10234964775581364
0.10234964866280907
0.10234964811195486
0.10234964799325329
0.10234965013494615
0.10234965155862553
0.10234965172660122
0.10234965559193952
0.10234965676445833
0.10234965125237547
0.1023496527205765
0.10234965346894008
0.1023496526255455
0.1023496529090451
0.1023496527908821
0.10234964637733779
0.10234964706912227
0.10234964761864652
0.1023496468875074
0.10234964708315339
0.1023496469878024
0.1023496489349514
0.10234964831706146
0.1023496475543654
0.10234964655398311
0.1023496505070305
0.1023496511973923
0.10234965041194195
0.10234965082008404
0.10234965131277515
0.10234965080399476
0.10234964532321228
0.10234964490177283
0.10234964440782619
0.10234965230239142
0.10234965534072515
0.10234965042391046
0.10234965128784969
0.10234965182760324
0.1023496500667407
0.10234965367137581
0.10234965264319215
0.10234965217495516
0.10234964660471137
0.1023496473204341
0.10234964706644031
0.10234964600820227
0.10234965177666393
0.10234964697098194
0.10234964723755671
0.10234964750939197
0.1023496477950639
0.1023496489837058
0.10234965105546161
0.10234965410610643
0.10234965397464199
0.10234965341026815
0.10234965307097722
0.10234965231430389
0.10234965081014323
0.10234965150899594
0.10234965131977271
0.10234964557173791
0.10234964600015017
0.10234964555629913
0.10234964971938154
0.10234964922207936
0.10234965138917046
0.10234964537130821
0.1023496450997279
0.102349644712872
0.10234964500762862
0.10234964546863409
0.1023496502392192
0.10234965834400986
0.10234965797813167
0.10234965881603489
0.10234965887047429
0.1023496588070043
0.10234965884722803
0.10234965888265928
0.10234965828604307
0.10234965383065629
0.1023496507006427
0.1023496508926894
0.10234965109854638
0.10234965129088427
0.10234964537532654
0.10234964760515004
0.10234964912010416
0.10234964841222226
0.1023496479786164
0.10234964710927033
0.10234964611498419
0.1023496460512739
0.10234964432078932
0.10234964488986087
0.10234964554963386
0.1023496413277145
0.1023496432511235
0.1023496436266101
0.10234964326673453
0.10234964335314542
0.10234964403755091
0.10234964388358771
0.10234964327589315
0.10234964362083243
0.10234964391245727
0.10234964389902805
0.10234964441619207
0.10234964722282047
0.1023496469144279
0.10234964661662904
0.1023496465991605
0.10234964678373427
0.10234964977870734
0.10234964966817466
0.10234964973622729
0.10234965135705115
0.10234964773625871
0.10234964518735573
0.10234964284770395
0.10234964244195384
0.10234964222268261
0.10234964790762469
0.1023496480004607
0.10234964973651511
0.10234964907195045
0.10234964414064424
0.1023496438191789
0.10234964379701303
0.10234964572322518
0.10234964633033673
0.10234964574570778
0.1023496498748708
0.10234965043521708
0.10234965033812078
0.10234965021366162
0.10234965024389706
0.10234964826291393
0.10234964813202486
0.1023496484519517
0.1023496485799301
0.10234964403058029
0.10234964472772898
0.10234964494801288
0.1023496501280496
0.10234965032408884
0.10234965028244854
0.102349650120313
0.10234965333318438
0.10234964894238655
0.10234964844112482
0.10234965133330665
0.10234965091964794
0.10234964934506191
0.10234964895301546
0.10234964903567398
0.1023496494356744
0.10234965391101183
0.10234965375918388
0.10234965224333907
0.10234964994800136
0.10234964964194719
0.10234964980019949
0.10234964938334386
0.10234965107769986
0.10234965135028788
0.10234965192082585
0.10234965221455564
0.10234965167447678
0.10234965157543303
0.10234965129503766
0.1023496554675271
0.10234965817249891
0.10234965780786892
0.10234965643061995
0.10234964980580105
0.10234964962614143
0.1023496500787983
0.102349648295782
0.10234964828238215
0.1023496517979369
0.10234965163065773
0.10234965305354088
0.10234965343719135
0.10234965060195973
0.10234965044855898
0.10234965205212701
0.10234965235197255
0.10234965296620388
0.10234965605798363
0.10234965792917887
0.10234965797845019
0.10234966169047216
0.1023496615655828
0.1023496617560751
0.10234966163449928
0.10234966172508311
0.1023496601070833
0.10234966352785214
0.10234966258149446
0.10234966302075098
0.10234965745339647
0.10234965738981441
0.10234965663241855
0.10234965697287711
0.10234965676949878
0.10234965746163033
0.10234965312403004
0.10234965336681165
0.10234965573623056
0.10234965576862995
0.10234965726915111
0.10234965731181593
0.10234966190287209
0.10234966194655414
0.10234966186426493
0.10234966176303384
0.10234966557289164
0.10234966832242186
0.1023496685192417
0.10234966326156295
0.1023496610172015
0.10234966328834831
0.1023496678836167
0.10234966751517291
0.10234966655791128
0.10234966750701607
0.10234966758856635
0.10234966693122187
0.10234966526497129
0.10234966512869471
0.10234966522811513
0.10234966502630587
0.10234966504211672
0.10234966703306196
0.10234966710830419
0.10234966695849976
0.1023496691477554
0.10234967269174813
0.10234967272148215
0.10234967227938457
0.10234966951696457
0.10234966915511075
0.1023496684010029
0.10234966799378427
0.10234966296654358
0.10234966086713977
0.10234966098809777
0.10234966139581614
0.10234966173924928
0.10234966120722785
0.10234966102344346
0.10234966117223834
0.10234966048624539
0.10234966043559202
0.1023496607881091
0.10234966036747095
0.10234966028468113
0.10234966022887167
0.10234965980365873
0.1023496631750867
0.10234966292132568
0.10234966205871748
0.10234965880084339
0.10234965875967147
0.10234966076145183
0.10234966113051416
0.10234966089141893
0.10234966040056813
0.10234966081316046
0.10234966058089753
0.10234965974114336
0.10234966104287334
0.10234966095810376
0.10234966462487072
0.10234966706313936
0.10234966338539743
0.10234966051787371
0.10234966004543032
0.10234965951070107
0.10234966100325851
0.10234966064896758
0.10234966077713273
0.10234966451047955
0.10234966760890492
0.10234966688798053
0.10234966676986297
0.1023496640262389
0.10234966414227482
0.1023496645535223
0.10234966402832618
0.10234966445856532
0.10234966772514378
0.10234966965504863
0.10234966970021626
0.10234966504004889
0.10234966478801501
0.10234966112203284
0.10234966095866893
0.10234965997480634
0.10234965979041298
0.10234965964814392
0.10234966016604717
0.10234965659800271
0.10234965611672232
0.10234965882099659
0.10234965813740596
0.10234965839820606
0.10234966236128655
0.10234966152754822
0.10234966199791214
0.10234966175069539
0.10234966148705725
0.10234965598193638
0.10234965715109184
0.1023496571063361
0.10234965708696224
0.10234965663359376
0.1023496566098453
0.10234965669865959
0.10234965625327354
0.10234965569874795
0.10234965585681846
0.10234965462241091
0.10234965422369809
0.10234964903611037
0.10234964912811809
0.10234964919778039
0.10234964837781318
0.10234965207392875
0.10234965217121166
0.10234965164616017
0.10234965099825212
0.102349652596256
0.10234965239488035
0.1023496520037363
0.10234965206609765
0.10234965350356191
0.1023496533613726
0.10234965278902353
0.10234965284446847
0.10234965243478862
0.10234965229145437
0.10234965220096698
0.10234965272642631
0.10234964990728436
0.10234965186032857
0.1023496530586038
0.10234965284052501
0.10234965290221709
0.10234965288364252
0.10234965331413522
0.10234965299654145
0.10234965253226232
0.10234965270425948
0.10234965265137519
0.10234965391379679
0.10234965363455212
0.10234965307580188
0.10234965304245718
0.1023496529054676
0.10234965258532941
0.10234964945864355
0.10234964945818215
0.10234964876922295
0.10234965030606998
0.10234965343054177
0.10234965336101565
0.1023496547868784
0.10234965767629009
0.1023496565823717
0.10234965380524261
0.1023496522692668
0.1023496518815497
0.1023496522823242
0.10234965220696313
0.10234965082153143
0.10234964811381184
0.10234964536760412
0.10234964654559232
0.10234964640390225
0.10234964615974654
0.1023496461593826
0.10234964596297673
0.10234964590241195
0.102349645515816
0.10234964591988174
0.1023496458484559
0.10234964631783845
0.10234964843213949
0.10234964837514603
0.10234964597102536
0.10234964549129583
0.10234964879245775
0.10234964875406917
0.10234964868159041
0.1023496484547845
0.10234964344427794
0.10234964331529639
0.10234964457149573
0.10234964516576507
0.1023496443313779
0.10234964406028088
0.10234964596184638
0.1023496461217079
0.10234964607942357
0.10234964579507544
0.10234964652229535
0.10234964665345278
0.10234965083170872
0.10234965086518366
0.10234964865196979
0.1023496482144388
0.10234964768011631
0.10234964761422857
0.10234965092277178
0.10234965065979762
0.10234965009709658
0.10234965017475094
0.1023496502859605
0.1023496511201594
0.10234965124828188
0.10234964662840142
0.10234964673332725
0.10234964653096236
0.1023496444564565
0.10234964818568332
0.10234964872602459
0.1023496482770812
0.10234964828128666
0.10234964719884497
0.1023496470859573
0.1023496469118091
0.10234964703337802
0.10234964793449942
0.10234964815330992
0.10234964792916959
0.10234964782453079
0.10234964882481412
0.10234964831968464
0.10234964826816044
0.10234965074067913
0.10234965061524588
0.10234965045019533
0.10234964832929383
0.10234964780905789
0.10234964550918077
0.10234964346765801
0.10234964357567325
0.10234964249946837
0.10234964234340455
0.10234964247247741
0.10234964304213315
0.1023496453709317
0.10234964449297271
0.10234964452350284
0.10234964501120983
0.10234964464133718
0.10234964495829815
0.10234964588066903
0.1023496439510426
0.10234964439364456
0.10234964397791327
0.10234964396542745
0.10234964420442443
0.1023496440772847
0.10234964523584096
0.10234964265657193
0.10234964018788711
0.10234964217528857
0.10234964180302043
0.10234964162294792
0.10234963819135412
0.10234963805278868
0.10234963802909527
0.10234963784057874
0.10234963771796053
0.10234963726813887
0.10234963729291019
0.10234963980405218
0.10234963947960919
0.10234963936009031
0.10234963881782817
0.10234964051244434
0.10234963986656785
0.1023496402252508
0.10234964187841647
0.10234964182203231
0.10234964315308406
0.10234964118874809
0.1023496410782949
0.10234964063134105
0.10234964033014818
0.10234964051254632
0.1023496393385205
0.10234963903822597
0.10234963647042582
0.10234963619929828
0.10234963610144183
0.10234963622713408
0.10234963734727448
0.10234963702194401
0.10234963799545928
0.10234964073994939
0.10234964100653031
0.10234964033865614
0.10234963986735864
0.10234963987043567
0.10234964052962651
0.10234963675635754
0.10234963656517403
0.10234963671580474
0.10234963800125484
0.10234963827865487
0.1023496355774478
0.10234963704165884
0.1023496367832405
0.10234963706544778
0.10234963669726752
0.10234963643047779
0.10234963753645039
0.10234963828877479
0.10234963962383094
0.10234963966715875
0.10234963938013825
0.10234964047323289
0.10234964048787229
0.10234963822905517
0.10234963952249514
0.10234963896790596
0.10234963898769624
0.10234963655626474
0.10234963622390279
0.10234963601368394
0.10234963315220096
0.10234963446489868
0.10234963425200078
0.10234963401197698
0.10234963389455602
0.10234963357318516
0.10234963305176135
0.10234963522766635
0.10234963696273594
0.10234963637046528
0.10234963622368953
0.10234963678946539
0.10234963843573053
0.10234963806696117
0.10234963813068153
0.10234963725048866
0.10234963878885403
0.1023496386180107
0.1023496387285108
0.10234964031506272
0.10234964160161122
0.10234964124121426
0.10234964137320775
0.10234964141204511
0.10234963914479817
0.10234963677688022
0.10234963635826232
0.10234963460298481
0.1023496382198319
0.10234963768740454
0.10234963739518373
0.10234963729310352
0.1023496375532418
0.1023496374296614
0.10234964092995565
0.10234964015184804
0.10234964040468271
0.10234964006526023
0.10234964000732369
0.1023496398267528
0.10234963957301935
0.10234963972432091
0.10234963956235577
0.10234963959248204
0.1023496398533312
0.10234963963800095
0.10234963756754316
0.10234963771512394
0.10234963874334341
0.10234963583236528
0.10234963723502655
0.10234963870811327
0.10234963739113781
0.10234963742819217
0.1023496376963669
0.10234963731529388
0.10234963840928088
0.10234964237610505
0.10234964226718571
0.10234964289746622
0.10234964323706262
0.10234964747080111
0.10234964927686765
0.10234964910752906
0.1023496488333652
0.10234964859014793
0.10234964847640153
0.10234964851992101
0.10234964863388132
0.10234964937144211
0.10234964944183202
0.10234964647383572
0.10234964489337683
0.10234964494937945
0.10234964456126595
0.1023496466740045
0.10234964785686318
0.10234964854014202
0.10234964834577552
0.10234964702181014
0.10234964702341716
0.10234964729863366
0.102349647148921
0.10234964707416984
0.10234964721770384
0.102349647048445
0.10234964721829973
0.10234964441287966
0.10234964393341582
0.10234964304363488
0.10234964324347655
0.10234964368707825
0.10234964273071383
0.10234964368420055
0.10234964494954903
0.10234964727265228
0.10234964511747158
0.10234964666754734
0.10234964641223902
0.10234964687381065
0.10234964401670558
0.10234964424544485
0.1023496445819931
0.10234964429173209
0.10234964423572322
0.10234964438125721
0.10234964446318896
0.10234964335492568
0.102349643116367
0.10234964295920908
0.10234964577656529
0.1023496454035989
0.10234964427547123
0.10234964242017563
0.10234964311849572
0.10234964303937438
0.10234964410256005
0.10234964400980927
0.10234964387447547
0.10234964359530611
0.10234964397622798
0.10234964376852394
0.10234964374049026
0.10234964362209802
0.10234964349625218
0.10234964315009396
0.10234964319173191
0.10234964259583001
0.10234964002576481
0.10234964128669803
0.10234963990233203
0.10234964236240801
0.10234964239324199
0.10234964177319276
0.10234964248361571
0.10234964236879839
0.1023496429760062
0.1023496431863761
0.10234964273573569
0.10234964325797044
0.10234964347751736
0.10234964355804782
0.10234964340384237
0.1023496433999123
0.10234964349450322
0.10234964270205443
0.1023496427584119
0.10234964306342079
0.10234964144224083
0.10234964152050076
0.10234964165888875
0.10234964022396086
0.10234964055525529
0.10234964046194349
0.10234964031122981
0.10234964154571959
0.10234964101326892
0.10234964294674052
0.10234964272846307
0.10234964334662809
0.10234964306071843
0.10234964434349653
0.10234964435905858
0.10234964539185226
0.10234964376853929
0.10234964591887558
0.1023496457241476
0.10234964380635497
0.10234964133222449
0.10234964099638044
0.10234964289221785
0.10234964281663464
0.10234964271793284
0.10234964355793767
0.10234964349467424
0.1023496433592968
0.1023496430967862
0.10234964145677332
0.10234964206885083
0.10234964173290527
0.10234964408766173
0.10234964339914104
0.10234964317712639
0.1023496451461147
0.10234964510175296
0.102349644791796
0.10234964504163985
0.10234964497488926
0.10234964502346791
0.10234964236638794
0.10234964086437201
0.10234964054857891
0.10234964074226646
0.10234964377655284
0.10234964356416372
0.10234964518022893
0.10234964534138481
0.10234964468635593
0.10234964566842915
0.10234964563826204
0.10234964539673445
0.1023496455437907
0.10234964555431043
0.10234964528653726
0.10234964469974414
0.10234964459787689
0.10234964558195982
0.1023496475745097
0.10234964478800038
0.10234964333270175
0.10234964427042649
0.10234964422608385
0.10234964418762513
0.10234964535418262
0.10234964491166536
0.10234964522921253
0.10234964481028987
0.10234964476323476
0.10234964476953747
0.1023496455615383
0.10234964580150092
0.10234964592342664
0.10234964518586837
0.10234964587220637
0.10234964586738866
0.10234964586077094
0.10234964659578508
0.10234964483056126
0.10234964480367692
0.10234964674660539
0.10234964678782478
0.10234964691703753
0.10234964840640778
0.10234964579822414
0.10234964765631152
0.10234964769345631
0.10234964630484258
0.1023496468282183
0.10234964718071876
0.1023496474847542
0.10234964745162276
0.10234964761037173
0.10234964763761972
0.10234964856586194
0.1023496497984199
0.10234964851931287
0.10234964841424858
0.10234964826332058
0.10234964863378576
0.10234964922247562
0.1023496494173797
0.1023496502764437
0.10234965110032766
0.10234965094331135
0.10234965050394204
0.1023496505530979
0.10234965205718353
0.10234965166982025
0.102349651876434
0.10234965251129922
0.10234965271190963
0.10234965270963525
0.10234965098685422
0.10234965071042551
0.10234965041707239
0.1023496512105988
0.10234965105470271
0.10234965134333263
0.10234965140137045
0.10234965180073459
0.10234965174057604
0.10234965157762688
0.10234965164337739
0.10234965324971174
0.10234965446152919
0.10234965439458618
0.10234965454244281
0.10234965191831064
0.10234965192052178
0.10234965284535862
0.10234965378182331
0.10234965382229312
0.10234965347331894
0.10234965324894897
0.10234965305715503
0.10234965327661782
0.1023496528600893
0.10234965042440473
0.10234965031199829
0.10234965011566155
0.10234964879361377
0.10234964822271274
0.10234964988703925
0.10234964998345424
0.10234964977872935
0.10234965061052226
0.10234965081310225
0.10234965064844112
0.10234965063866165
0.10234965140914754
0.10234965144161327
0.10234965164681752
0.10234965039259147
0.10234965019889568
0.10234964892648706
0.10234964888442047
0.1023496500726844
0.10234965003332006
0.10234965015810853
0.10234965015470832
0.10234965018521067
0.10234965096089128
0.1023496511754782
0.10234965081127373
0.10234964809026703
0.1023496477621649
0.10234964764315085
0.10234964769815896
0.10234964772910522
0.1023496490033544
0.10234964865783187
0.1023496486928863
0.10234964854994508
0.10234964852681505
0.10234964958580549
0.10234964963468643
0.10234964810869131
0.10234964971621616
0.10234965065876626
0.10234965144113985
0.10234965114340637
0.10234965105121244
0.10234964931615592
0.10234964996349721
0.10234965008738743
0.10234964829042305
0.10234964762627922
0.10234964757346811
0.10234964731288611
0.10234964745439973
0.10234964775584773
0.10234964900936734
0.10234964877684487
0.10234965020817523
0.1023496502617012
0.10234965037752788
0.10234965003077384
0.1023496502207422
0.10234964923345895
0.10234964982790239
0.10234964964155509
0.10234964781682448
0.10234964764936111
0.10234964732568648
0.10234964779844229
0.10234964778315707
0.10234964779463691
0.10234964769736195
0.1023496476978568
0.10234964827005469
0.10234964922504067
0.10234964923741495
0.10234964922563505
0.1023496508960818
0.10234965161110227
0.10234965178627811
0.10234965160696306
0.10234965236680982
0.10234965297129787
0.10234965141573157
0.102349651950608
0.10234965191466597
0.10234965069618664
0.10234965113029998
0.10234964972322018
0.1023496498352951
0.10234964982886957
0.1023496514889765
0.10234965146162472
0.1023496502475748
0.10234965179400879
0.10234965215658301
0.10234965256951921
0.10234965270177249
0.10234965265626668
0.10234965050918292
0.10234965027519968
0.10234965029970487
0.1023496504069648
0.10234965023944542
0.10234964925734776
0.10234964904442927
0.1023496500113301
0.10234965020813329
0.10234965002862838
0.1023496497875786
0.10234965149708086
0.10234965150240137
0.1023496515836521
0.10234965059644457
0.10234965044810052
0.10234965058373993
0.10234965076553283
0.10234965146403585
0.10234965130907421
0.1023496521340517
0.10234965210348025
0.1023496519923926
0.10234964983454484
0.10234964790475902
0.10234964760694193
0.1023496487287479
0.10234964864997377
0.10234964917647231
0.10234964916800846
0.10234964907834031
0.10234965053634737
0.10234965057283017
0.10234965071746728
0.10234965053927765
0.10234965062428954
0.10234965060521466
0.1023496505689678
0.10234965104778397
0.10234965095152875
0.10234965062357382
0.10234965077990603
0.10234964860127484
0.10234964841948609
0.10234964958026577
0.10234964801888055
0.10234964797252767
0.1023496477914823
0.10234964761170981
0.10234964853413765
0.1023496485330412
0.10234964850815008
0.10234964834025219
0.10234964836518505
0.10234964708246473
0.10234964695311208
0.10234964676951568
0.10234964679731175
0.10234964700065431
0.1023496475750614
0.10234964775519476
0.10234964826739747
0.10234964822743059
0.10234964838633213
0.10234964799812288
0.10234964810446064
0.1023496478408993
0.10234964782535247
0.10234964767775692
0.10234964770460897
0.10234964572399041
0.10234964708016955
0.1023496469557962
0.10234964911880622
0.10234964931526262
0.10234964970270183
0.1023496496291126
0.10234964903036269
0.10234964903884013
0.10234964754946574
0.10234964791068374
0.10234964806357609
0.10234964868137489
0.10234964875818761
0.10234964860437777
0.1023496486353154
0.10234964920180517
0.10234964908844234
0.10234964895295104
0.10234964952664406
0.10234964945816949
0.10234964963166182
0.10234964784786678
0.10234964884759402
0.10234964884180323
0.10234964928579186
0.10234964913735106
0.10234964918654245
0.10234964767484002
0.10234964844408359
0.10234964881905961
0.10234964878762044
0.10234964959365045
0.10234965049049792
0.1023496506122165
0.1023496504681169
0.10234964884702008
0.10234964881242906
0.10234964880751084
0.10234964881464488
0.1023496486587083
0.10234964843840262
0.10234964845557673
0.10234964912932168
0.10234964891483385
0.10234964885612409
0.10234964852842511
0.10234964849101119
0.10234964781621668
0.10234964833040176
0.10234964840630557
0.10234964878163277
0.10234964995530257
0.10234964915277271
0.10234964914011244
0.10234964927554588
0.10234964916585045
0.1023496492720346
0.10234964995183031
0.10234964910182184
0.10234964984458922
0.10234965084142791
0.1023496508247289
0.10234965086963954
0.10234965076781023
0.10234965062858987
0.10234965055690085
0.10234965057710764
0.10234965059758029
0.10234965043764384
0.10234965025909888
0.10234965147211335
0.10234965042649091
0.10234965005586315
0.10234965141752951
0.10234965135655344
0.10234965117117006
0.10234965093713726
0.10234965092233185
0.10234965094646975
0.10234964942465223
0.10234965056077207
0.10234965076841868
0.10234965056410324
0.10234965118168844
0.10234965112728685
0.1023496511383397
0.10234965118245591
0.10234965153927808
0.10234965169339737
0.1023496516798352
0.10234965001895568
0.10234964954527316
0.10234964981416089
0.10234964959798386
0.1023496495870772
0.10234964948845614
0.10234965053837801
0.10234965035055177
0.10234964952734293
0.10234964932846097
0.10234964926542353
0.10234964838657931
0.10234964889729382
0.10234964866124711
0.10234964920253113
0.10234964986785679
0.10234965093571978
0.10234965109198954
0.10234965093786044
0.1023496511461672
0.10234965123740254
0.10234965109058722
0.10234965098492232
0.10234964942668229
0.10234964933297927
0.10234964915761753
0.10234964868989829
0.10234964872439607
0.10234964881990687
0.1023496488635776
0.10234964854399335
0.10234964969537258
0.1023496495199616
0.10234964987560478
0.10234964985211455
0.10234965000088692
0.10234964884117878
0.10234964660620101
0.10234964776263103
0.10234964725389385
0.10234964740406952
0.10234964734761118
0.10234964698754649
0.10234964715038562
0.10234964809376715
0.10234964815268183
0.1023496480741975
0.10234964801451467
0.10234964858950515
0.1023496485085604
0.10234964877935424
0.10234964903542705
0.10234964885979562
0.1023496488220523
0.1023496487610606
0.10234964889753863
0.10234964759349832
